0.144928 50.00 345
0.054545 30.00 550
0.236842 45.00 190
0.410714 69.00 168
0.454348 209.00 460

0.525292 270.00 514
0.038902 17.00 437
0.082781 25.00 302
0.352941 270.00 765
0.296443 75.00 253

0.045455 12.00 264
0.044037 24.00 545
0.236589 172.00 727
0.169355 84.00 496
0.802038 551.00 687

0.099398 33.00 332
0.278689 170.00 610
0.024590 3.00 122
0.561404 64.00 114
0.340000 119.00 350

0.121127 86.00 710
0.410468 149.00 363
0.556291 168.00 302
0.146237 68.00 465
0.063415 13.00 205

0.757576 200.00 264
0.042017 5.00 119
0.348837 45.00 129
0.065359 10.00 153
0.086538 9.00 104

0.549333 206.00 375
0.091603 12.00 131
0.135531 37.00 273
0.306767 204.00 665
0.211896 57.00 269

0.082043 53.00 646
0.356818 157.00 440
0.693122 131.00 189
0.129630 84.00 648
0.037037 14.00 378

0.341202 318.00 932
0.450549 123.00 273
0.051471 7.00 136
0.189602 62.00 327
0.266082 91.00 342

0.067358 13.00 193
0.044000 11.00 250
0.054575 34.00 623
0.681435 323.00 474
0.452941 77.00 170

0.008299 2.00 241
0.448062 289.00 645
0.167756 77.00 459
0.162338 25.00 154
0.514523 496.00 964

0.156140 89.00 570
0.313984 119.00 379
0.135531 37.00 273
0.311429 109.00 350
0.381818 273.00 715

0.317204 59.00 186
0.166395 102.00 613
0.678571 190.00 280
0.104317 58.00 556
0.033473 8.00 239

0.553571 279.00 504
0.317029 175.00 552
0.220217 61.00 277
0.089109 9.00 101
0.121324 33.00 272

0.083176 44.00 529
0.261818 72.00 275
0.407767 168.00 412
0.058632 18.00 307
0.488550 64.00 131

0.150289 78.00 519
0.060837 16.00 263
0.163732 93.00 568
0.818653 158.00 193
0.105691 13.00 123

0.152672 120.00 786
0.020833 17.00 816
0.012012 4.00 333
0.428030 113.00 264
0.687500 99.00 144

0.179357 106.00 591
0.244519 145.00 593
0.146667 66.00 450
0.551155 167.00 303
0.179104 48.00 268

0.151351 28.00 185
0.144654 23.00 159
0.819672 100.00 122
0.098485 13.00 132
0.085470 20.00 234

0.398004 359.00 902
0.128079 104.00 812
0.131944 76.00 576
0.360849 153.00 424
0.281588 78.00 277

0.040323 10.00 248
0.398907 73.00 183
0.244755 35.00 143
0.206897 24.00 116
0.413677 369.00 892

0.551515 273.00 495
0.140625 18.00 128
0.153342 117.00 763
0.245125 88.00 359
0.212264 90.00 424

0.101961 26.00 255
0.805243 215.00 267
0.217391 30.00 138
0.163043 30.00 184
0.009524 1.00 105

0.385185 260.00 675
0.096154 10.00 104
0.550251 219.00 398
0.062284 18.00 289
0.200000 26.00 130

0.852713 110.00 129
0.112727 31.00 275
0.067449 23.00 341
0.207447 39.00 188
0.052960 17.00 321

0.392996 202.00 514
0.105590 17.00 161
0.491468 144.00 293
0.138260 116.00 839
0.171088 129.00 754

0.037037 4.00 108
0.596899 77.00 129
0.012513 12.00 959
0.331288 54.00 163
0.325843 116.00 356

0.209424 40.00 191
0.509213 304.00 597
0.015228 3.00 197
0.103448 12.00 116
0.461353 191.00 414

0.407240 180.00 442
0.346535 315.00 909
0.155975 124.00 795
0.230769 111.00 481
0.160393 98.00 611

0.191257 35.00 183
0.402062 78.00 194
0.184397 52.00 282
0.323077 63.00 195
0.200000 40.00 200

0.135294 23.00 170
0.103774 44.00 424
0.091304 21.00 230
0.043716 16.00 366
0.924812 246.00 266

0.125000 14.00 112
0.344000 43.00 125
0.452282 109.00 241
0.323993 185.00 571
0.056757 21.00 370

0.048603 40.00 823
0.190909 42.00 220
0.008333 2.00 240
0.163347 41.00 251
0.891304 164.00 184

0.269231 77.00 286
0.552743 131.00 237
0.152672 20.00 131
0.305638 103.00 337
0.018987 6.00 316

0.175000 119.00 680
0.163993 92.00 561
0.103448 18.00 174
0.596577 488.00 818
0.258523 182.00 704

0.233974 73.00 312
0.776087 357.00 460
0.012097 3.00 248
0.058594 15.00 256
0.218650 68.00 311

0.044643 10.00 224
0.029070 15.00 516
0.465517 54.00 116
0.668449 125.00 187
0.094340 15.00 159

0.320885 232.00 723
0.264840 58.00 219
0.194521 71.00 365
0.042755 36.00 842
0.473146 185.00 391

0.148148 16.00 108
0.053763 15.00 279
0.278970 260.00 932
0.041565 17.00 409
0.784091 276.00 352

0.119632 39.00 326
0.807692 105.00 130
0.177817 101.00 568
0.119266 39.00 327
0.075130 29.00 386

0.547619 115.00 210
0.046053 28.00 608
0.493590 77.00 156
0.068127 28.00 411
0.147287 38.00 258

0.643411 83.00 129
0.072391 43.00 594
0.271589 217.00 799
0.149096 99.00 664
0.167164 112.00 670

0.053659 11.00 205
0.411960 124.00 301
0.153209 74.00 483
0.544554 55.00 101
0.131148 56.00 427

0.035256 22.00 624
0.145251 52.00 358
0.400207 387.00 967
0.464612 407.00 876
0.252427 26.00 103

0.182143 102.00 560
0.048463 41.00 846
0.541401 255.00 471
0.056075 12.00 214
0.474104 119.00 251

0.280830 230.00 819
0.088722 59.00 665
0.310345 36.00 116
0.342342 266.00 777
0.274397 239.00 871

0.077058 44.00 571
0.046729 5.00 107
0.632000 79.00 125
0.482353 82.00 170
0.055258 31.00 561

0.260250 146.00 561
0.235925 88.00 373
0.309804 158.00 510
0.212121 119.00 561
0.282486 50.00 177

0.010000 5.00 500
0.028571 8.00 280
0.211886 82.00 387
0.863581 709.00 821
0.186557 136.00 729

0.171875 22.00 128
0.119705 65.00 543
0.393782 152.00 386
0.343137 35.00 102
0.278378 103.00 370

0.214286 111.00 518
0.307377 75.00 244
0.128205 15.00 117
0.268908 64.00 238
0.379310 88.00 232

0.305040 230.00 754
0.091993 54.00 587
0.022414 13.00 580
0.320611 42.00 131
0.555556 95.00 171

0.375000 39.00 104
0.229814 37.00 161
0.149451 68.00 455
0.152074 66.00 434
0.399038 83.00 208

0.386957 178.00 460
0.281081 52.00 185
0.008631 7.00 811
0.285496 187.00 655
0.338583 43.00 127

0.393471 229.00 582
0.371429 52.00 140
0.071272 65.00 912
0.392523 210.00 535
0.070833 68.00 960

0.048143 35.00 727
0.055556 6.00 108
0.239130 44.00 184
0.047297 7.00 148
0.902655 714.00 791

0.193387 193.00 998
0.034682 6.00 173
0.229709 150.00 653
0.477941 130.00 272
0.364662 291.00 798

0.320000 88.00 275
0.050505 10.00 198
0.667683 219.00 328
0.067669 9.00 133
0.193103 28.00 145

0.182857 32.00 175
0.118280 33.00 279
0.254934 155.00 608
0.285276 93.00 326
0.457769 439.00 959

0.696078 71.00 102
0.091124 77.00 845
0.057851 7.00 121
0.187500 21.00 112
0.265753 97.00 365

0.013514 3.00 222
0.122951 15.00 122
0.445407 257.00 577
0.488818 153.00 313
0.231527 47.00 203

0.125954 99.00 786
0.202875 127.00 626
0.142857 15.00 105
0.713615 304.00 426
0.109756 18.00 164

0.255556 46.00 180
0.238095 60.00 252
0.259557 129.00 497
0.023419 10.00 427
0.519481 80.00 154

0.933673 183.00 196
0.070681 27.00 382
0.136691 76.00 556
0.143969 74.00 514
0.011976 2.00 167

0.183784 170.00 925
0.525292 135.00 257
0.315920 254.00 804
0.022556 6.00 266
0.258065 32.00 124

0.250000 27.00 108
0.109589 24.00 219
0.209302 27.00 129
0.279070 48.00 172
0.447527 371.00 829

0.420000 42.00 100
0.213836 68.00 318
0.202703 45.00 222
0.291066 101.00 347
0.166144 53.00 319

0.055172 8.00 145
0.457143 64.00 140
0.332288 106.00 319
0.127451 13.00 102
0.324292 275.00 848

0.054825 25.00 456
0.038810 30.00 773
0.791304 91.00 115
0.176211 40.00 227
0.241935 60.00 248

0.299505 121.00 404
0.129032 44.00 341
0.388889 56.00 144
0.086957 14.00 161
0.395745 93.00 235

0.852154 732.00 859
0.056561 25.00 442
0.028369 8.00 282
0.226691 124.00 547
0.139241 22.00 158

0.090909 25.00 275
0.787234 481.00 611
0.116505 24.00 206
0.102564 64.00 624
0.204013 61.00 299

0.088496 10.00 113
0.252381 53.00 210
0.129534 25.00 193
0.584541 121.00 207
0.244921 217.00 886

0.139194 76.00 546
0.038298 18.00 470
0.225806 70.00 310
0.808429 211.00 261
0.093458 10.00 107

0.135443 107.00 790
0.340000 187.00 550
0.004505 2.00 444
0.008475 2.00 236
0.813636 358.00 440

0.056701 44.00 776
0.243243 36.00 148
0.492611 100.00 203
0.480938 164.00 341
0.026862 22.00 819

0.151961 31.00 204
0.319473 315.00 986
0.627273 69.00 110
0.074627 20.00 268
0.130435 39.00 299

0.375000 105.00 280
0.015064 13.00 863
0.765843 713.00 931
0.029979 14.00 467
0.115057 81.00 704

0.468153 147.00 314
0.013699 2.00 146
0.028497 11.00 386
0.007143 1.00 140
0.779817 255.00 327

0.012552 3.00 239
0.167883 23.00 137
0.058824 38.00 646
0.944186 406.00 430
0.116438 102.00 876

0.154412 21.00 136
0.297408 218.00 733
0.227364 113.00 497
0.402023 318.00 791
0.215686 33.00 153

0.169355 42.00 248
0.178253 100.00 561
0.402516 64.00 159
0.311927 34.00 109
0.237705 116.00 488

0.329073 206.00 626
0.144172 47.00 326
0.080972 40.00 494
0.351190 118.00 336
0.395062 128.00 324

0.118644 14.00 118
0.039216 6.00 153
0.308300 78.00 253
0.089855 31.00 345
0.742775 257.00 346

0.232653 114.00 490
0.117647 86.00 731
0.240741 117.00 486
0.265971 204.00 767
0.445946 132.00 296

0.165775 62.00 374
0.303279 185.00 610
0.583133 242.00 415
0.225225 50.00 222
0.020000 2.00 100

0.060000 12.00 200
0.268382 73.00 272
0.253259 136.00 537
0.124378 25.00 201
0.593103 258.00 435

0.314554 67.00 213
0.521368 61.00 117
0.209366 76.00 363
0.047170 5.00 106
0.204861 177.00 864

0.056604 6.00 106
0.692308 108.00 156
0.362069 42.00 116
0.084848 14.00 165
0.108333 39.00 360

0.585153 134.00 229
0.356021 68.00 191
0.200000 46.00 230
0.131818 29.00 220
0.024138 7.00 290

0.026810 10.00 373
0.588889 265.00 450
0.105769 22.00 208
0.503704 136.00 270
0.071749 32.00 446

0.157480 80.00 508
0.102210 37.00 362
0.275362 38.00 138
0.518574 349.00 673
0.243346 64.00 263

0.109375 14.00 128
0.003641 3.00 824
0.352480 135.00 383
0.338384 67.00 198
0.490153 224.00 457

0.243056 35.00 144
0.138462 18.00 130
0.007092 1.00 141
0.837975 331.00 395
0.072000 9.00 125

0.210000 21.00 100
0.008065 4.00 496
0.731013 231.00 316
0.266667 36.00 135
0.085515 49.00 573

0.033333 11.00 330
0.312030 249.00 798
0.175806 109.00 620
0.594161 407.00 685
0.183702 133.00 724

0.375000 156.00 416
0.094017 11.00 117
0.085399 31.00 363
0.412935 332.00 804
0.337313 113.00 335

0.370774 340.00 917
0.079818 70.00 877
0.232877 34.00 146
0.081967 25.00 305
0.532609 294.00 552

0.593620 428.00 721
0.115132 35.00 304
0.352381 37.00 105
0.042934 24.00 559
0.191050 111.00 581

0.444079 270.00 608
0.031348 10.00 319
0.199079 173.00 869
0.137295 67.00 488
0.490368 280.00 571

0.120797 97.00 803
0.585106 165.00 282
0.007500 3.00 400
0.335878 44.00 131
0.249169 75.00 301

0.448980 66.00 147
0.147348 75.00 509
0.206122 101.00 490
0.223121 193.00 865
0.273743 49.00 179

0.148148 40.00 270
0.162963 22.00 135
0.007143 3.00 420
0.765574 467.00 610
0.214646 85.00 396

0.050000 26.00 520
0.324232 190.00 586
0.289902 89.00 307
0.414773 219.00 528
0.222973 33.00 148

0.554688 71.00 128
0.050251 40.00 796
0.294404 121.00 411
0.082969 19.00 229
0.318548 79.00 248

0.287582 44.00 153
0.632353 172.00 272
0.067114 10.00 149
0.219780 100.00 455
0.098330 53.00 539

0.264151 28.00 106
0.204000 51.00 250
0.145754 115.00 789
0.470370 127.00 270
0.217949 153.00 702

0.052381 11.00 210
0.862385 282.00 327
0.194631 29.00 149
0.072961 17.00 233
0.114441 42.00 367

0.823881 276.00 335
0.020942 4.00 191
0.155914 29.00 186
0.035880 31.00 864
0.264550 50.00 189

0.463450 317.00 684
0.190931 80.00 419
0.256849 75.00 292
0.135861 86.00 633
0.251956 161.00 639

0.301887 32.00 106
0.003130 2.00 639
0.140426 33.00 235
0.722656 185.00 256
0.135135 30.00 222

0.133721 23.00 172
0.010526 3.00 285
0.400000 50.00 125
0.548246 125.00 228
0.202658 61.00 301

0.430990 331.00 768
0.139535 54.00 387
0.194279 163.00 839
0.121053 69.00 570
0.411364 181.00 440

0.275591 35.00 127
0.172577 73.00 423
0.299213 228.00 762
0.452941 77.00 170
0.096491 11.00 114

0.157407 17.00 108
0.507772 196.00 386
0.089286 30.00 336
0.527372 289.00 548
0.014563 6.00 412

0.346491 79.00 228
0.497835 230.00 462
0.134921 17.00 126
0.268868 57.00 212
0.051724 9.00 174

0.013393 3.00 224
0.132184 23.00 174
0.250554 226.00 902
0.840000 399.00 475
0.063063 7.00 111

0.344262 147.00 427
0.126482 32.00 253
0.224335 118.00 526
0.035928 6.00 167
0.572414 166.00 290

0.224409 57.00 254
0.549020 140.00 255
0.255911 184.00 719
0.206422 45.00 218
0.064725 20.00 309

0.152047 26.00 171
0.162946 73.00 448
0.254098 62.00 244
0.669118 91.00 136
0.065963 25.00 379

0.472452 343.00 726
0.338384 67.00 198
0.136364 15.00 110
0.165289 20.00 121
0.192727 53.00 275

0.050000 7.00 140
0.023923 5.00 209
0.113924 18.00 158
0.367188 47.00 128
0.748000 374.00 500

0.420824 388.00 922
0.092715 14.00 151
0.027933 5.00 179
0.366525 173.00 472
0.393075 386.00 982

0.133874 66.00 493
0.191837 47.00 245
0.026087 3.00 115
0.395564 214.00 541
0.549669 166.00 302

0.111374 47.00 422
0.189103 59.00 312
0.660448 177.00 268
0.218462 71.00 325
0.121495 65.00 535

0.090909 25.00 275
0.714286 100.00 140
0.024123 11.00 456
0.236462 131.00 554
0.231451 209.00 903

0.834550 686.00 822
0.049896 24.00 481
0.063063 7.00 111
0.201087 37.00 184
0.149944 133.00 887

0.020408 3.00 147
0.333333 74.00 222
0.471503 91.00 193
0.171260 87.00 508
0.303030 50.00 165

0.758542 333.00 439
0.189711 59.00 311
0.053247 41.00 770
0.162109 83.00 512
0.135135 35.00 259

0.110465 38.00 344
0.002049 1.00 488
0.211679 29.00 137
0.956989 178.00 186
0.021390 4.00 187

0.140102 138.00 985
0.022727 3.00 132
0.863958 489.00 566
0.064972 23.00 354
0.209945 38.00 181

0.371019 233.00 628
0.061125 25.00 409
0.172131 63.00 366
0.554745 76.00 137
0.144928 20.00 138

0.336620 239.00 710
0.161290 30.00 186
0.599174 290.00 484
0.024876 10.00 402
0.177291 89.00 502

0.145455 16.00 110
0.120729 106.00 878
0.603175 76.00 126
0.283626 97.00 342
0.144578 36.00 249

0.263345 74.00 281
0.473615 359.00 758
0.050256 49.00 975
0.054545 18.00 330
0.456522 336.00 736

0.389982 218.00 559
0.123859 95.00 767
0.094340 25.00 265
0.426154 277.00 650
0.264463 32.00 121

0.424710 110.00 259
0.078313 13.00 166
0.109375 49.00 448
0.244186 147.00 602
0.442308 46.00 104

0.042071 13.00 309
0.017301 5.00 289
0.428094 128.00 299
0.034783 4.00 115
0.771242 708.00 918

0.142857 17.00 119
0.629870 97.00 154
0.357326 139.00 389
0.158379 86.00 543
0.011952 3.00 251

0.708185 199.00 281
0.048780 22.00 451
0.052632 7.00 133
0.460317 87.00 189
0.027211 4.00 147

0.019672 6.00 305
0.083538 34.00 407
0.367217 289.00 787
0.396040 40.00 101
0.437838 81.00 185

0.498645 184.00 369
0.159292 72.00 452
0.014620 5.00 342
0.606557 148.00 244
0.020202 8.00 396

0.198276 23.00 116
0.696552 404.00 580
0.070796 8.00 113
0.128631 31.00 241
0.206208 93.00 451

0.087719 10.00 114
0.979522 287.00 293
0.045000 27.00 600
0.075239 55.00 731
0.118644 14.00 118

0.152381 32.00 210
0.448052 69.00 154
0.226027 33.00 146
0.013514 2.00 148
0.455556 328.00 720

0.134888 133.00 986
0.240664 174.00 723
0.226804 44.00 194
0.060550 33.00 545
0.638081 439.00 688

0.105834 78.00 737
0.217331 158.00 727
0.274648 156.00 568
0.638009 141.00 221
0.066667 8.00 120

0.057143 6.00 105
0.462264 98.00 212
0.278884 70.00 251
0.465116 140.00 301
0.036107 23.00 637

0.070988 46.00 648
0.861789 424.00 492
0.104000 52.00 500
0.188406 39.00 207
0.072848 11.00 151

0.430723 143.00 332
0.442211 88.00 199
0.130117 89.00 684
0.007895 3.00 380
0.290683 234.00 805

0.052174 6.00 115
0.111111 32.00 288
0.948387 147.00 155
0.176580 95.00 538
0.013174 11.00 835

0.207436 106.00 511
0.103030 34.00 330
0.230971 88.00 381
0.432927 142.00 328
0.323529 44.00 136

0.040816 6.00 147
0.361360 202.00 559
0.300347 173.00 576
0.312649 131.00 419
0.282496 163.00 577

0.013333 2.00 150
0.820312 105.00 128
0.135593 16.00 118
0.246533 160.00 649
0.074380 9.00 121

0.242731 192.00 791
0.165230 115.00 696
0.042208 39.00 924
0.152482 86.00 564
0.697987 208.00 298

0.220238 37.00 168
0.641479 399.00 622
0.179153 110.00 614
0.248408 39.00 157
0.012821 3.00 234

0.279335 269.00 963
0.012723 10.00 786
0.048387 9.00 186
0.270181 164.00 607
0.689655 160.00 232

0.029252 27.00 923
0.311741 77.00 247
0.013793 2.00 145
0.211806 122.00 576
0.732719 159.00 217

0.725490 185.00 255
0.147059 15.00 102
0.135211 48.00 355
0.102167 33.00 323
0.195767 74.00 378

0.441441 147.00 333
0.012500 2.00 160
0.221239 25.00 113
0.159091 77.00 484
0.465409 74.00 159

0.004329 3.00 693
0.128440 14.00 109
0.782077 384.00 491
0.319892 119.00 372
0.067797 24.00 354

0.110000 11.00 100
0.308065 191.00 620
0.649068 209.00 322
0.090000 9.00 100
0.139485 65.00 466

0.435484 54.00 124
0.318743 284.00 891
0.317560 302.00 951
0.144444 52.00 360
0.079625 34.00 427

0.154574 98.00 634
0.112329 82.00 730
0.863481 253.00 293
0.088278 61.00 691
0.080292 22.00 274

0.380368 62.00 163
0.105145 47.00 447
0.284091 50.00 176
0.146172 63.00 431
0.382872 152.00 397

0.364035 166.00 456
0.456706 269.00 589
0.304348 35.00 115
0.137615 15.00 109
0.034596 21.00 607

0.197761 53.00 268
0.300578 52.00 173
0.095541 30.00 314
0.612053 325.00 531
0.091139 72.00 790

0.362162 67.00 185
0.123077 40.00 325
0.527523 115.00 218
0.024793 3.00 121
0.259124 71.00 274

0.270000 54.00 200
0.475556 107.00 225
0.103912 85.00 818
0.134328 54.00 402
0.315914 133.00 421

0.974790 116.00 119
0.068079 45.00 661
0.181518 165.00 909
0.031250 4.00 128
0.035678 35.00 981

0.054750 34.00 621
0.106339 52.00 489
0.147117 74.00 503
0.240000 30.00 125
0.751196 157.00 209

0.014388 2.00 139
0.015924 15.00 942
0.019737 3.00 152
0.509554 80.00 157
0.733696 135.00 184

0.687575 570.00 829
0.024758 23.00 929
0.143836 21.00 146
0.427165 217.00 508
0.014925 2.00 134

0.602941 287.00 476
0.172862 93.00 538
0.142857 22.00 154
0.019231 2.00 104
0.359316 189.00 526

0.173410 90.00 519
0.347222 50.00 144
0.367742 114.00 310
0.105263 18.00 171
0.304716 252.00 827

0.487342 77.00 158
0.219653 38.00 173
0.324786 38.00 117
0.230769 66.00 286
0.028571 6.00 210

0.153509 105.00 684
0.668750 535.00 800
0.089005 51.00 573
0.096512 83.00 860
0.292216 244.00 835

0.237354 61.00 257
0.027778 7.00 252
0.051502 12.00 233
0.866279 149.00 172
0.124294 22.00 177

0.442922 388.00 876
0.165746 30.00 181
0.250000 31.00 124
0.277037 187.00 675
0.168508 61.00 362

0.376543 122.00 324
0.587719 67.00 114
0.053232 14.00 263
0.098446 19.00 193
0.181818 36.00 198

0.260116 45.00 173
0.061856 24.00 388
0.025316 6.00 237
0.669492 79.00 118
0.289362 68.00 235

0.369565 136.00 368
0.668831 103.00 154
0.026005 11.00 423
0.120301 16.00 133
0.113402 44.00 388

0.171904 93.00 541
0.015873 2.00 126
0.098113 26.00 265
0.509299 356.00 699
0.500000 336.00 672

0.025806 4.00 155
0.549072 207.00 377
0.494118 210.00 425
0.225937 223.00 987
0.007117 2.00 281

0.148699 40.00 269
0.306748 50.00 163
0.566667 289.00 510
0.069124 15.00 217
0.214022 58.00 271

0.046948 20.00 426
0.017937 12.00 669
0.646154 84.00 130
0.461538 156.00 338
0.127835 62.00 485

0.369231 168.00 455
0.235294 100.00 425
0.005894 3.00 509
0.189349 32.00 169
0.501229 204.00 407

0.150442 17.00 113
0.204819 34.00 166
0.243722 165.00 677
0.591133 240.00 406
0.108787 26.00 239

0.117917 77.00 653
0.049730 46.00 925
0.702786 227.00 323
0.382244 310.00 811
0.049231 16.00 325

0.061856 18.00 291
0.322418 256.00 794
0.718147 186.00 259
0.018957 4.00 211
0.175258 34.00 194

0.173437 111.00 640
0.703412 268.00 381
0.027778 3.00 108
0.125000 14.00 112
0.273556 90.00 329

0.251678 150.00 596
0.418699 206.00 492
0.043614 14.00 321
0.172500 69.00 400
0.413437 320.00 774

0.354037 57.00 161
0.657831 273.00 415
0.058201 11.00 189
0.213115 104.00 488
0.019531 10.00 512

0.438356 128.00 292
0.371002 174.00 469
0.361538 47.00 130
0.054054 28.00 518
0.077973 40.00 513

0.094907 41.00 432
0.206989 154.00 744
0.277778 35.00 126
0.026756 16.00 598
0.688564 283.00 411

0.166667 44.00 264
0.165761 61.00 368
0.292079 59.00 202
0.218447 135.00 618
0.453629 225.00 496

0.039422 30.00 761
0.281690 180.00 639
0.259259 203.00 783
0.179669 76.00 423
0.539755 353.00 654

0.080378 34.00 423
0.068598 45.00 656
0.298343 162.00 543
0.751825 103.00 137
0.100503 20.00 199

0.707424 162.00 229
0.224528 119.00 530
0.196970 39.00 198
0.084270 15.00 178
0.083501 83.00 994

0.060738 28.00 461
0.855769 89.00 104
0.029412 3.00 102
0.167832 24.00 143
0.187500 21.00 112

0.631111 142.00 225
0.006438 3.00 466
0.300136 220.00 733
0.334507 95.00 284
0.030364 15.00 494

0.790055 143.00 181
0.177215 28.00 158
0.138158 21.00 152
0.174507 115.00 659
0.015217 7.00 460

0.650360 452.00 695
0.392625 181.00 461
0.016037 14.00 873
0.217391 35.00 161
0.023669 4.00 169

0.497664 426.00 856
0.154667 58.00 375
0.007109 3.00 422
0.534483 403.00 754
0.109244 13.00 119

0.177215 28.00 158
0.125290 54.00 431
0.538126 247.00 459
0.258278 195.00 755
0.200000 37.00 185

0.184364 158.00 857
0.063679 54.00 848
0.394904 124.00 314
0.469945 86.00 183
0.188119 19.00 101

0.120155 31.00 258
0.007194 1.00 139
0.487500 78.00 160
0.350746 47.00 134
0.335329 56.00 167

0.524046 316.00 603
0.129310 60.00 464
0.025806 4.00 155
0.512088 233.00 455
0.111111 47.00 423

0.231788 35.00 151
0.217391 100.00 460
0.093750 15.00 160
0.422018 92.00 218
0.335366 55.00 164

0.027473 5.00 182
0.024590 3.00 122
0.062500 12.00 192
0.261682 84.00 321
0.918605 158.00 172

0.233463 60.00 257
0.638462 166.00 260
0.316418 212.00 670
0.046322 17.00 367
0.067194 17.00 253

0.193122 146.00 756
0.802419 199.00 248
0.020101 4.00 199
0.231579 132.00 570
0.050955 8.00 157

0.190476 24.00 126
0.265000 159.00 600
0.404018 181.00 448
0.161017 19.00 118
0.276596 221.00 799

0.139037 26.00 187
0.204082 50.00 245
0.159420 66.00 414
0.016949 2.00 118
0.777778 315.00 405

0.141256 63.00 446
0.458955 123.00 268
0.135484 21.00 155
0.446602 138.00 309
0.123188 17.00 138

0.107438 13.00 121
0.482759 322.00 667
0.226519 41.00 181
0.076923 12.00 156
0.406780 216.00 531

0.242963 164.00 675
0.086111 62.00 720
0.076271 9.00 118
0.270213 127.00 470
0.621849 222.00 357

0.194969 31.00 159
0.131653 47.00 357
0.481818 53.00 110
0.422111 84.00 199
0.075000 9.00 120

0.218750 42.00 192
0.408203 209.00 512
0.028662 9.00 314
0.601370 439.00 730
0.047904 8.00 167

0.112069 13.00 116
0.328302 87.00 265
0.051932 43.00 828
0.154143 80.00 519
0.652913 269.00 412

0.455056 81.00 178
0.284768 43.00 151
0.102941 14.00 136
0.013158 9.00 684
0.453184 121.00 267

0.435561 365.00 838
0.099174 12.00 121
0.656863 201.00 306
0.070853 44.00 621
0.040111 29.00 723

0.242579 237.00 977
0.028185 25.00 887
0.357724 264.00 738
0.089490 86.00 961
0.582090 156.00 268

0.083682 60.00 717
0.026562 17.00 640
0.882491 751.00 851
0.222008 115.00 518
0.084672 58.00 685

0.613079 225.00 367
0.345912 55.00 159
0.071429 34.00 476
0.107477 23.00 214
0.163551 35.00 214

0.357282 184.00 515
0.338068 119.00 352
0.521472 170.00 326
0.023747 9.00 379
0.055901 9.00 161

0.021680 8.00 369
0.044041 17.00 386
0.053751 48.00 893
0.184932 27.00 146
0.995146 820.00 824

0.246479 35.00 142
0.202417 134.00 662
0.111111 12.00 108
0.008403 1.00 119
0.730897 220.00 301

0.129070 111.00 860
0.754137 319.00 423
0.085517 62.00 725
0.126238 51.00 404
0.206061 68.00 330

0.479218 196.00 409
0.058824 41.00 697
0.348624 38.00 109
0.347518 49.00 141
0.057692 9.00 156

0.410584 225.00 548
0.590476 62.00 105
0.203966 72.00 353
0.071429 14.00 196
0.025407 25.00 984

0.051447 32.00 622
0.359375 46.00 128
0.100000 20.00 200
0.713208 189.00 265
0.074919 23.00 307

0.098425 25.00 254
0.282051 44.00 156
0.285372 119.00 417
0.250746 168.00 670
0.389831 69.00 177

0.143056 103.00 720
0.115044 13.00 113
0.889503 161.00 181
0.082192 12.00 146
0.065169 29.00 445

0.232258 36.00 155
0.291539 286.00 981
0.015625 5.00 320
0.520958 261.00 501
0.236615 137.00 579

0.128866 75.00 582
0.304348 35.00 115
0.272152 43.00 158
0.550578 381.00 692
0.043716 8.00 183

0.199557 180.00 902
0.318865 191.00 599
0.461812 260.00 563
0.066007 20.00 303
0.251825 69.00 274

0.246988 41.00 166
0.394737 180.00 456
0.484653 300.00 619
0.147799 47.00 318
0.026814 17.00 634

0.071351 66.00 925
0.148987 125.00 839
0.009804 2.00 204
0.529617 152.00 287
0.541985 142.00 262

0.253731 34.00 134
0.348066 63.00 181
0.562112 181.00 322
0.051460 37.00 719
0.076923 12.00 156

0.427632 130.00 304
0.198582 84.00 423
0.094488 12.00 127
0.358333 43.00 120
0.221180 165.00 746

0.148649 22.00 148
0.436170 82.00 188
0.116505 12.00 103
0.379464 85.00 224
0.216625 86.00 397

0.289979 272.00 938
0.427481 112.00 262
0.231527 47.00 203
0.157175 138.00 878
0.192623 47.00 244

0.506739 188.00 371
0.318486 143.00 449
0.318043 104.00 327
0.055556 6.00 108
0.100580 52.00 517

0.272222 98.00 360
0.331467 296.00 893
0.195855 189.00 965
0.311579 148.00 475
0.187956 103.00 548

0.892019 380.00 426
0.306836 193.00 629
0.043189 13.00 301
0.053254 18.00 338
0.006865 3.00 437

0.232143 26.00 112
0.099160 59.00 595
0.317662 250.00 787
0.354756 138.00 389
0.296053 90.00 304

0.100329 61.00 608
0.678750 543.00 800
0.169421 41.00 242
0.038760 5.00 129
0.313099 98.00 313

0.112520 71.00 631
0.128000 112.00 875
0.137738 123.00 893
0.726619 101.00 139
0.196043 109.00 556

0.092437 11.00 119
0.285714 54.00 189
0.022364 7.00 313
0.880649 760.00 863
0.023529 4.00 170

0.274576 81.00 295
0.079470 36.00 453
0.164706 28.00 170
0.700935 75.00 107
0.080508 19.00 236

0.140496 17.00 121
0.503937 128.00 254
0.380769 99.00 260
0.089051 61.00 685
0.183857 41.00 223

0.280233 241.00 860
0.503401 74.00 147
0.104405 64.00 613
0.315697 179.00 567
0.093220 33.00 354

0.104000 26.00 250
0.071291 37.00 519
0.132492 42.00 317
0.639053 108.00 169
0.347985 95.00 273

0.253968 32.00 126
0.257336 114.00 443
0.044872 14.00 312
0.520761 301.00 578
0.218868 58.00 265

0.090312 55.00 609
0.126984 24.00 189
0.306991 101.00 329
0.411636 375.00 911
0.363636 236.00 649

0.066015 54.00 818
0.175532 33.00 188
0.890710 163.00 183
0.021176 9.00 425
0.142857 16.00 112

0.369128 55.00 149
0.430864 349.00 810
0.031008 4.00 129
0.260274 95.00 365
0.210000 21.00 100

0.221239 50.00 226
0.110236 14.00 127
0.257426 26.00 101
0.288889 130.00 450
0.424528 45.00 106

0.060680 25.00 412
0.720195 296.00 411
0.023026 14.00 608
0.375246 191.00 509
0.120181 53.00 441

0.091696 53.00 578
0.372093 144.00 387
0.231173 132.00 571
0.392308 51.00 130
0.217391 65.00 299

0.506494 156.00 308
0.012346 2.00 162
0.062378 32.00 513
0.025424 3.00 118
0.693506 534.00 770

0.242424 40.00 165
0.598361 146.00 244
0.107981 23.00 213
0.237037 64.00 270
0.108642 44.00 405

0.225636 213.00 944
0.143307 91.00 635
0.127820 102.00 798
0.671190 643.00 958
0.132832 53.00 399

0.301370 66.00 219
0.236782 206.00 870
0.483627 192.00 397
0.067961 7.00 103
0.214286 69.00 322

0.364764 147.00 403
0.132911 21.00 158
0.070281 35.00 498
0.726477 332.00 457
0.008803 5.00 568

0.158333 38.00 240
0.479675 59.00 123
0.507987 159.00 313
0.146865 89.00 606
0.008547 1.00 117

0.051414 20.00 389
0.036403 17.00 467
0.727811 246.00 338
0.419643 94.00 224
0.064767 25.00 386

0.342000 342.00 1000
0.143689 74.00 515
0.605063 478.00 790
0.050239 21.00 418
0.157895 78.00 494

0.027397 8.00 292
0.365854 240.00 656
0.198324 71.00 358
0.616633 304.00 493
0.088136 26.00 295

0.436293 113.00 259
0.099617 26.00 261
0.215278 31.00 144
0.285513 203.00 711
0.257862 41.00 159

0.073059 32.00 438
0.141892 21.00 148
0.145985 40.00 274
0.062500 7.00 112
0.874587 265.00 303

0.445714 312.00 700
0.179310 26.00 145
0.254000 254.00 1000
0.326174 243.00 745
0.092251 25.00 271

0.263158 45.00 171
0.266917 71.00 266
0.080508 38.00 472
0.604839 75.00 124
0.079592 39.00 490

0.037736 4.00 106
0.118541 39.00 329
0.084932 31.00 365
0.407407 143.00 351
0.647059 66.00 102

0.145455 16.00 110
0.508475 60.00 118
0.100152 66.00 659
0.205950 90.00 437
0.338384 134.00 396

0.296238 189.00 638
0.362745 37.00 102
0.044776 12.00 268
0.541063 224.00 414
0.054545 6.00 110

0.204380 196.00 959
0.398305 188.00 472
0.189394 50.00 264
0.008850 1.00 113
0.500000 50.00 100

0.482759 112.00 232
0.112903 14.00 124
0.235047 224.00 953
0.343624 256.00 745
0.126437 22.00 174

0.035541 22.00 619
0.007722 2.00 259
0.087054 39.00 448
0.789474 330.00 418
0.382445 122.00 319

0.122581 19.00 155
0.444444 84.00 189
0.295775 84.00 284
0.207237 63.00 304
0.221932 85.00 383

0.034314 14.00 408
0.283582 57.00 201
0.515660 461.00 894
0.362573 62.00 171
0.103053 81.00 786

0.513699 75.00 146
0.122807 14.00 114
0.069307 42.00 606
0.215569 36.00 167
0.372881 66.00 177

0.500000 78.00 156
0.136752 16.00 117
0.065000 26.00 400
0.574194 89.00 155
0.028402 24.00 845

0.405872 235.00 579
0.037175 10.00 269
0.184211 147.00 798
0.108239 67.00 619
0.561983 204.00 363

0.751020 368.00 490
0.147059 35.00 238
0.195980 117.00 597
0.125749 21.00 167
0.076596 72.00 940

0.057377 7.00 122
0.672686 298.00 443
0.419355 104.00 248
0.079208 8.00 101
0.075556 17.00 225

0.222874 76.00 341
0.227941 62.00 272
0.315315 35.00 111
0.088608 14.00 158
0.443890 178.00 401

0.315457 100.00 317
0.023256 6.00 258
0.034205 34.00 994
0.393214 197.00 501
0.535797 464.00 866

0.003738 2.00 535
0.046753 18.00 385
0.450192 235.00 522
0.410256 96.00 234
0.388601 75.00 193

0.096070 66.00 687
0.752475 228.00 303
0.197880 168.00 849
0.028571 10.00 350
0.226730 190.00 838

0.322476 99.00 307
0.089286 45.00 504
0.482283 245.00 508
0.185897 29.00 156
0.220513 43.00 195

0.147586 107.00 725
0.194915 23.00 118
0.205984 179.00 869
0.030075 4.00 133
0.723898 312.00 431

0.086614 11.00 127
0.062035 25.00 403
0.591346 246.00 416
0.560784 143.00 255
0.004785 1.00 209

0.597633 101.00 169
0.007317 6.00 820
0.432658 363.00 839
0.174442 86.00 493
0.084416 13.00 154

0.159774 85.00 532
0.083624 24.00 287
0.396476 270.00 681
0.654676 91.00 139
0.010256 2.00 195

0.676000 676.00 1000
0.043956 8.00 182
0.091954 56.00 609
0.407240 360.00 884
0.080201 32.00 399

0.265193 48.00 181
0.075758 10.00 132
0.219653 38.00 173
0.400000 62.00 155
0.333333 44.00 132

0.105556 95.00 900
0.168224 18.00 107
0.130178 22.00 169
0.194286 68.00 350
0.697674 90.00 129

0.437500 84.00 192
0.264463 96.00 363
0.024779 14.00 565
0.519608 106.00 204
0.055556 8.00 144

0.397959 78.00 196
0.259366 90.00 347
0.076464 64.00 837
0.447699 107.00 239
0.118182 13.00 110

0.600000 315.00 525
0.150160 47.00 313
0.066038 14.00 212
0.274545 151.00 550
0.213004 95.00 446

0.324723 176.00 542
0.686747 114.00 166
0.026119 7.00 268
0.170068 25.00 147
0.092199 13.00 141

0.624672 238.00 381
0.388122 281.00 724
0.019608 7.00 357
0.026171 19.00 726
0.239496 57.00 238

0.690476 87.00 126
0.049505 5.00 101
0.119318 84.00 704
0.207970 167.00 803
0.237430 85.00 358

0.126984 24.00 189
0.034483 4.00 116
0.111111 87.00 783
0.786611 188.00 239
0.240000 36.00 150

0.046053 7.00 152
0.307018 35.00 114
0.471572 141.00 299
0.041451 8.00 193
0.435673 149.00 342

0.168224 36.00 214
0.338384 335.00 990
0.146096 58.00 397
0.489362 69.00 141
0.158879 34.00 214

0.076923 10.00 130
0.113122 25.00 221
0.526147 493.00 937
0.246032 93.00 378
0.336134 40.00 119

0.343972 291.00 846
0.106061 35.00 330
0.757238 340.00 449
0.040650 5.00 123
0.053812 24.00 446

0.120000 27.00 225
0.351288 150.00 427
0.130952 66.00 504
0.405229 62.00 153
0.294686 61.00 207

0.210695 197.00 935
0.016949 6.00 354
0.217647 37.00 170
0.519729 461.00 887
0.336683 67.00 199

0.202703 30.00 148
0.354167 51.00 144
0.117474 80.00 681
0.283186 64.00 226
0.345455 38.00 110

0.036127 25.00 692
0.534375 342.00 640
0.437192 355.00 812
0.144304 57.00 395
0.148681 62.00 417

0.515625 363.00 704
0.151515 80.00 528
0.326861 202.00 618
0.231343 62.00 268
0.075282 60.00 797

0.335697 284.00 846
0.001351 1.00 740
0.031496 4.00 127
0.595541 187.00 314
0.333333 74.00 222

0.215686 66.00 306
0.415094 88.00 212
0.486957 56.00 115
0.025641 4.00 156
0.153153 17.00 111

0.267135 152.00 569
0.311787 246.00 789
0.585271 151.00 258
0.038306 19.00 496
0.096026 29.00 302

0.405263 154.00 380
0.020725 4.00 193
0.264151 140.00 530
0.381295 106.00 278
0.233083 31.00 133

0.285714 96.00 336
0.094891 13.00 137
0.025672 21.00 818
0.040609 8.00 197
0.855556 231.00 270

0.043379 19.00 438
0.265487 30.00 113
0.588378 243.00 413
0.029312 26.00 887
0.375552 255.00 679

0.355805 95.00 267
0.204370 159.00 778
0.132732 103.00 776
0.054614 29.00 531
0.548872 73.00 133

0.094017 11.00 117
0.657837 596.00 906
0.311224 61.00 196
0.203065 106.00 522
0.036585 9.00 246

0.624444 281.00 450
0.022251 17.00 764
0.090909 17.00 187
0.379630 41.00 108
0.192661 21.00 109

0.621773 554.00 891
0.062500 44.00 704
0.077283 33.00 427
0.513699 225.00 438
0.024896 12.00 482

0.186770 48.00 257
0.036585 9.00 246
0.149378 36.00 241
0.717742 178.00 248
0.206278 46.00 223

0.129213 46.00 356
0.552846 272.00 492
0.322148 48.00 149
0.126214 13.00 103
0.169960 86.00 506

0.039604 8.00 202
0.389706 265.00 680
0.775561 311.00 401
0.003846 1.00 260
0.092920 21.00 226

0.090698 39.00 430
0.387941 341.00 879
0.184358 33.00 179
0.439655 51.00 116
0.197970 39.00 197

0.262411 74.00 282
0.269481 83.00 308
0.164894 93.00 564
0.267176 35.00 131
0.332851 230.00 691

0.257143 63.00 245
0.748634 137.00 183
0.096386 16.00 166
0.168142 57.00 339
0.028571 10.00 350

0.275720 67.00 243
0.032895 10.00 304
0.166667 87.00 522
0.800000 240.00 300
0.021583 3.00 139

0.033755 24.00 711
0.173554 21.00 121
0.265116 57.00 215
0.785714 121.00 154
0.047794 13.00 272

0.106291 49.00 461
0.605042 72.00 119
0.024390 5.00 205
0.434119 313.00 721
0.136161 61.00 448

0.012876 3.00 233
0.228070 39.00 171
0.137097 85.00 620
0.019553 14.00 716
0.901075 838.00 930

0.026515 14.00 528
0.840491 137.00 163
0.151786 17.00 112
0.229974 178.00 774
0.046961 17.00 362

0.050725 7.00 138
0.072178 55.00 762
0.156746 79.00 504
0.987441 629.00 637
0.030733 26.00 846

0.585714 287.00 490
0.192661 42.00 218
0.283981 117.00 412
0.038306 19.00 496
0.200542 74.00 369

0.190751 132.00 692
0.028302 3.00 106
0.151659 32.00 211
0.896703 816.00 910
0.032686 32.00 979

0.129032 16.00 124
0.238411 36.00 151
0.200000 72.00 360
0.453674 142.00 313
0.276524 245.00 886

0.357724 88.00 246
0.051502 36.00 699
0.311419 180.00 578
0.440154 114.00 259
0.138695 119.00 858

0.080851 38.00 470
0.025926 7.00 270
0.660714 222.00 336
0.053498 26.00 486
0.483607 59.00 122

0.440994 71.00 161
0.394558 58.00 147
0.150943 16.00 106
0.009195 4.00 435
0.303333 91.00 300

0.010267 5.00 487
0.235546 110.00 467
0.065089 11.00 169
0.446377 308.00 690
0.542510 268.00 494

0.031579 9.00 285
0.685714 120.00 175
0.042857 9.00 210
0.061630 31.00 503
0.475904 79.00 166

0.700704 199.00 284
0.171717 34.00 198
0.348148 47.00 135
0.010101 5.00 495
0.071698 19.00 265

0.264151 28.00 106
0.036090 24.00 665
0.619224 335.00 541
0.211268 60.00 284
0.171429 24.00 140

0.053591 50.00 933
0.878165 555.00 632
0.055118 14.00 254
0.195122 32.00 164
0.121045 88.00 727

0.296559 293.00 988
0.044776 6.00 134
0.280105 107.00 382
0.586111 211.00 360
0.092025 15.00 163

0.362725 181.00 499
0.183575 38.00 207
0.049020 10.00 204
0.114286 32.00 280
0.594262 145.00 244

0.225806 119.00 527
0.472769 408.00 863
0.043668 10.00 229
0.240283 68.00 283
0.314286 99.00 315

0.185393 33.00 178
0.119266 13.00 109
0.054983 16.00 291
0.875800 684.00 781
0.057143 8.00 140

0.571754 251.00 439
0.024390 6.00 246
0.347368 66.00 190
0.313333 235.00 750
0.042945 42.00 978

0.212291 38.00 179
0.044118 6.00 136
0.311224 122.00 392
0.631902 103.00 163
0.100503 20.00 199

0.298329 125.00 419
0.122685 53.00 432
0.117318 63.00 537
0.594306 167.00 281
0.165714 29.00 175

0.078431 8.00 102
0.270012 226.00 837
0.465116 60.00 129
0.324945 297.00 914
0.160569 79.00 492

0.009434 3.00 318
0.160221 58.00 362
0.719101 128.00 178
0.282051 88.00 312
0.131250 21.00 160

0.907631 226.00 249
0.207921 21.00 101
0.010502 9.00 857
0.029940 5.00 167
0.144105 66.00 458

0.054217 9.00 166
0.040340 19.00 471
0.021480 9.00 419
0.381974 89.00 233
0.801724 186.00 232

0.643204 265.00 412
0.229358 25.00 109
0.131507 48.00 365
0.015748 2.00 127
0.284483 33.00 116

0.060465 13.00 215
0.325926 44.00 135
0.138365 22.00 159
0.195931 183.00 934
0.578680 114.00 197

0.386454 97.00 251
0.522124 59.00 113
0.112412 96.00 854
0.025078 8.00 319
0.253261 233.00 920

0.098259 79.00 804
0.763158 348.00 456
0.038123 13.00 341
0.237288 28.00 118
0.167742 26.00 155

0.038251 7.00 183
0.006438 3.00 466
0.254902 39.00 153
0.717119 687.00 958
0.284444 64.00 225

0.079208 8.00 101
0.536313 96.00 179
0.382263 125.00 327
0.099138 69.00 696
0.204593 98.00 479

0.229682 65.00 283
0.886700 180.00 203
0.056225 14.00 249
0.040230 14.00 348
0.088889 12.00 135

0.013889 2.00 144
0.137374 68.00 495
0.269231 35.00 130
0.734104 127.00 173
0.147500 59.00 400

0.187500 21.00 112
0.116071 26.00 224
0.129428 95.00 734
0.231405 84.00 363
0.632258 98.00 155

0.467105 142.00 304
0.088235 12.00 136
0.261506 250.00 956
0.142222 128.00 900
0.341121 292.00 856

0.141844 40.00 282
0.259720 167.00 643
0.137168 124.00 904
0.271875 87.00 320
0.488636 86.00 176

0.121951 15.00 123
0.541885 414.00 764
0.279310 81.00 290
0.011364 4.00 352
0.341463 56.00 164

0.236264 43.00 182
0.459893 86.00 187
0.021429 18.00 840
0.161074 24.00 149
0.423571 363.00 857

0.422131 206.00 488
0.196911 51.00 259
0.116800 73.00 625
0.019502 18.00 923
0.546952 332.00 607

0.052632 6.00 114
0.278317 172.00 618
0.525974 81.00 154
0.350000 35.00 100
0.091916 83.00 903

0.154255 29.00 188
0.513514 437.00 851
0.254118 108.00 425
0.200472 85.00 424
0.177370 58.00 327

0.160855 143.00 889
0.078212 28.00 358
0.222222 40.00 180
0.805063 318.00 395
0.029478 13.00 441

0.420561 45.00 107
0.015385 3.00 195
0.123894 14.00 113
0.544643 61.00 112
0.202703 75.00 370

0.035067 29.00 827
0.137405 18.00 131
0.850534 239.00 281
0.060034 35.00 583
0.215305 166.00 771

0.049645 7.00 141
0.433898 384.00 885
0.043571 41.00 941
0.739759 307.00 415
0.032680 5.00 153

0.197441 108.00 547
0.244318 43.00 176
0.081448 18.00 221
0.105263 12.00 114
0.672566 152.00 226

0.985185 133.00 135
0.071429 10.00 140
0.098039 10.00 102
0.136519 40.00 293
0.009346 1.00 107

0.172414 25.00 145
0.313312 193.00 616
0.330233 71.00 215
0.224000 84.00 375
0.258656 127.00 491

0.347945 127.00 365
0.046154 6.00 130
0.005587 1.00 179
0.733871 455.00 620
0.168367 33.00 196

0.098830 76.00 769
0.188776 37.00 196
0.490196 150.00 306
0.163934 20.00 122
0.355372 43.00 121

0.362069 147.00 406
0.110335 79.00 716
0.266667 72.00 270
0.544601 116.00 213
0.014085 2.00 142

0.833811 582.00 698
0.009217 2.00 217
0.200000 35.00 175
0.015625 10.00 640
0.239102 181.00 757

0.390071 165.00 423
0.807792 311.00 385
0.013051 8.00 613
0.067599 29.00 429
0.019400 11.00 567

0.081319 37.00 455
0.240811 190.00 789
0.699153 165.00 236
0.103947 79.00 760
0.174359 34.00 195

0.065000 39.00 600
0.007788 5.00 642
0.338983 240.00 708
0.233010 24.00 103
0.655211 591.00 902

0.050186 27.00 538
0.329011 203.00 617
0.340713 277.00 813
0.506812 186.00 367
0.071942 70.00 973

0.111650 23.00 206
0.873767 443.00 507
0.114613 40.00 349
0.162866 100.00 614
0.036000 9.00 250

0.075388 68.00 902
0.190223 179.00 941
0.792857 111.00 140
0.032110 7.00 218
0.209178 196.00 937

0.054545 9.00 165
0.524194 130.00 248
0.020566 8.00 389
0.455446 184.00 404
0.244541 224.00 916

0.358779 141.00 393
0.092949 87.00 936
0.045714 24.00 525
0.004854 1.00 206
0.796703 290.00 364

0.500000 331.00 662
0.266129 33.00 124
0.101322 23.00 227
0.291262 30.00 103
0.136691 19.00 139

0.325000 78.00 240
0.198068 41.00 207
0.349614 272.00 778
0.335655 241.00 718
0.089096 67.00 752

0.387387 43.00 111
0.599542 262.00 437
0.091282 89.00 975
0.045144 33.00 731
0.178082 26.00 146

0.243590 57.00 234
0.586797 480.00 818
0.285714 72.00 252
0.074795 73.00 976
0.109929 31.00 282

0.231429 162.00 700
0.155235 86.00 554
0.008929 1.00 112
0.170370 92.00 540
0.738220 282.00 382

0.017857 2.00 112
0.495778 411.00 829
0.035135 13.00 370
0.725000 87.00 120
0.023904 6.00 251

0.140000 21.00 150
0.573643 74.00 129
0.098646 51.00 517
0.319728 47.00 147
0.170000 170.00 1000

0.156331 121.00 774
0.107011 87.00 813
0.037313 10.00 268
0.860000 86.00 100
0.139364 57.00 409

0.223289 186.00 833
0.575000 115.00 200
0.009901 1.00 101
0.132492 42.00 317
0.359307 83.00 231

0.226266 143.00 632
0.218391 38.00 174
0.225000 144.00 640
0.260163 32.00 123
0.366848 270.00 736

0.058577 28.00 478
0.300654 46.00 153
0.121739 42.00 345
0.719262 351.00 488
0.103152 36.00 349

0.506006 337.00 666
0.447619 47.00 105
0.157480 20.00 127
0.130802 62.00 474
0.067729 17.00 251

0.058296 13.00 223
0.173585 46.00 265
0.635057 442.00 696
0.423729 125.00 295
0.008869 4.00 451

0.822251 643.00 782
0.156923 51.00 325
0.193916 51.00 263
0.022727 5.00 220
0.104881 101.00 963

0.145631 60.00 412
0.523810 55.00 105
0.018634 3.00 161
0.103960 21.00 202
0.500000 58.00 116

0.444759 157.00 353
0.263617 242.00 918
0.158879 17.00 107
0.411392 390.00 948
0.017493 6.00 343

0.088398 16.00 181
0.077586 9.00 116
0.629947 589.00 935
0.413897 137.00 331
0.082474 16.00 194

0.089888 48.00 534
0.460526 210.00 456
0.385469 382.00 991
0.130653 104.00 796
0.233266 115.00 493

0.100386 26.00 259
0.265487 30.00 113
0.474627 159.00 335
0.150327 46.00 306
0.307087 78.00 254

0.134820 127.00 942
0.211429 148.00 700
0.179837 66.00 367
0.623441 250.00 401
0.150922 131.00 868

0.300813 37.00 123
0.504298 176.00 349
0.043084 19.00 441
0.039568 11.00 278
0.414044 171.00 413

0.165714 58.00 350
0.753149 299.00 397
0.060440 33.00 546
0.145594 38.00 261
0.176471 90.00 510

0.038806 26.00 670
0.027104 19.00 701
0.040373 13.00 322
0.711957 262.00 368
0.483264 231.00 478

0.076364 21.00 275
0.140652 82.00 583
0.761261 169.00 222
0.034739 14.00 403
0.286275 73.00 255

0.313953 54.00 172
0.168675 28.00 166
0.028283 14.00 495
0.028571 3.00 105
0.758794 151.00 199

0.043590 34.00 780
0.597303 310.00 519
0.305921 93.00 304
0.336634 34.00 101
0.019455 5.00 257

0.165085 87.00 527
0.095541 15.00 157
0.037037 29.00 783
0.434783 70.00 161
0.563910 225.00 399

0.427027 316.00 740
0.398990 158.00 396
0.144860 93.00 642
0.037879 10.00 264
0.290780 41.00 141

0.483221 72.00 149
0.462264 49.00 106
0.044534 11.00 247
0.291971 80.00 274
0.009804 1.00 102

0.057471 50.00 870
0.404145 78.00 193
0.118721 26.00 219
0.481802 278.00 577
0.238095 25.00 105

0.154839 24.00 155
0.726115 114.00 157
0.009009 1.00 111
0.069708 55.00 789
0.334471 98.00 293

0.327044 156.00 477
0.020468 7.00 342
0.581423 482.00 829
0.112348 111.00 988
0.259259 28.00 108

0.254658 164.00 644
0.111842 17.00 152
0.666667 106.00 159
0.232620 87.00 374
0.037559 8.00 213

0.097859 32.00 327
0.367978 131.00 356
0.337838 75.00 222
0.041322 5.00 121
0.458150 416.00 908

0.241071 27.00 112
0.320497 258.00 805
0.334928 70.00 209
0.092705 61.00 658
0.310909 171.00 550

0.195122 24.00 123
0.561404 64.00 114
0.370044 84.00 227
0.081081 15.00 185
0.098446 19.00 193

0.525381 207.00 394
0.209607 48.00 229
0.297814 218.00 732
0.191011 34.00 178
0.073171 9.00 123

0.031972 18.00 563
0.193764 87.00 449
0.807047 481.00 596
0.148515 15.00 101
0.114679 25.00 218

0.263441 49.00 186
0.006390 4.00 626
0.599119 272.00 454
0.073826 11.00 149
0.356413 314.00 881

0.184261 96.00 521
0.205247 133.00 648
0.396226 63.00 159
0.076336 10.00 131
0.440678 104.00 236

0.066256 43.00 649
0.126386 57.00 451
0.333333 119.00 357
0.051813 10.00 193
0.728261 201.00 276

0.286533 100.00 349
0.257336 114.00 443
0.096692 38.00 393
0.317365 212.00 668
0.339823 192.00 565

0.171558 152.00 886
0.025791 22.00 853
0.317559 255.00 803
0.424012 279.00 658
0.360215 67.00 186

0.639456 94.00 147
0.061162 20.00 327
0.064935 10.00 154
0.020576 5.00 243
0.517423 490.00 947

0.463602 121.00 261
0.104294 17.00 163
0.387615 169.00 436
0.175182 48.00 274
0.164740 57.00 346

0.253117 203.00 802
0.264591 68.00 257
0.601695 71.00 118
0.036215 31.00 856
0.142157 87.00 612

0.215686 22.00 102
0.006054 6.00 991
0.111475 34.00 305
0.895238 658.00 735
0.070312 9.00 128

0.168831 39.00 231
0.030879 13.00 421
0.213628 116.00 543
0.744266 649.00 872
0.140845 30.00 213

0.076172 39.00 512
0.011841 11.00 929
0.312500 115.00 368
0.473684 72.00 152
0.427632 195.00 456

0.256065 95.00 371
0.268908 64.00 238
0.058577 28.00 478
0.119850 96.00 801
0.595890 87.00 146

0.126949 57.00 449
0.557692 58.00 104
0.281100 235.00 836
0.079235 29.00 366
0.252830 201.00 795

0.038043 7.00 184
0.116129 18.00 155
0.335498 155.00 462
0.072682 29.00 399
0.739316 519.00 702

0.054334 42.00 773
0.318386 71.00 223
0.071217 24.00 337
0.156794 45.00 287
0.694444 75.00 108

0.367273 101.00 275
0.145570 23.00 158
0.085714 9.00 105
0.164021 31.00 189
0.540136 397.00 735

0.119403 56.00 469
0.044053 20.00 454
0.325557 307.00 943
0.383562 308.00 803
0.428954 160.00 373

0.492063 186.00 378
0.063408 48.00 757
0.117021 22.00 188
0.240964 40.00 166
0.384615 160.00 416

0.485498 385.00 793
0.515924 81.00 157
0.046638 43.00 922
0.074074 20.00 270
0.177570 19.00 107

0.611549 466.00 762
0.043908 40.00 911
0.018072 3.00 166
0.355263 108.00 304
0.269531 207.00 768

0.082759 12.00 145
0.087786 23.00 262
0.857143 240.00 280
0.040541 12.00 296
0.233010 24.00 103

0.287234 81.00 282
0.335878 44.00 131
0.097252 46.00 473
0.117391 27.00 230
0.465839 75.00 161

0.466216 138.00 296
0.414773 73.00 176
0.170874 88.00 515
0.141509 15.00 106
0.100877 23.00 228

0.887931 103.00 116
0.054521 41.00 752
0.178065 138.00 775
0.005747 1.00 174
0.172996 41.00 237

0.052402 24.00 458
0.003542 3.00 847
0.391241 268.00 685
0.141084 125.00 886
0.713415 117.00 164

0.047009 33.00 702
0.051813 20.00 386
0.466000 233.00 500
0.325521 125.00 384
0.409836 50.00 122

0.223301 23.00 103
0.486911 93.00 191
0.091954 80.00 870
0.017822 9.00 505
0.481323 451.00 937

0.279236 117.00 419
0.226415 48.00 212
0.295139 85.00 288
0.219512 27.00 123
0.276817 160.00 578

0.174941 74.00 423
0.100000 11.00 110
0.492754 68.00 138
0.154589 64.00 414
0.380165 184.00 484

0.534351 70.00 131
0.050000 6.00 120
0.303333 273.00 900
0.365188 107.00 293
0.048128 18.00 374

0.197015 66.00 335
0.075908 69.00 909
0.455556 82.00 180
0.087719 15.00 171
0.488166 165.00 338

0.126582 20.00 158
0.118644 14.00 118
0.109053 106.00 972
0.373832 40.00 107
0.579755 378.00 652

0.704819 234.00 332
0.027778 4.00 144
0.032558 7.00 215
0.179558 65.00 362
0.357895 136.00 380

0.142003 95.00 669
0.171610 81.00 472
0.517986 72.00 139
0.012563 5.00 398
0.455172 66.00 145

0.239796 141.00 588
0.401826 176.00 438
0.364754 89.00 244
0.015686 4.00 255
0.275701 59.00 214

0.297872 42.00 141
0.103896 80.00 770
0.509804 52.00 102
0.125000 98.00 784
0.263547 214.00 812

0.283688 40.00 141
0.038593 34.00 881
0.647700 535.00 826
0.066225 40.00 604
0.262500 42.00 160

0.467153 64.00 137
0.210526 40.00 190
0.509091 140.00 275
0.040956 24.00 586
0.077710 38.00 489

0.311047 214.00 688
0.523179 79.00 151
0.166047 134.00 807
0.164336 141.00 858
0.135303 87.00 643

0.104520 37.00 354
0.116883 18.00 154
0.343511 90.00 262
0.017078 9.00 527
0.711538 74.00 104

0.294195 223.00 758
0.050394 32.00 635
0.073913 34.00 460
0.602625 505.00 838
0.278481 44.00 158

0.157590 136.00 863
0.262500 252.00 960
0.619469 70.00 113
0.150000 21.00 140
0.107914 15.00 139

0.053571 9.00 168
0.216285 170.00 786
0.041905 22.00 525
0.523490 234.00 447
0.460624 310.00 673

0.287736 122.00 424
0.099391 49.00 493
0.335113 251.00 749
0.237584 177.00 745
0.338583 43.00 127

0.196850 25.00 127
0.072000 9.00 125
0.388258 205.00 528
0.243496 234.00 961
0.396040 40.00 101

0.543750 87.00 160
0.294545 81.00 275
0.111801 18.00 161
0.277778 95.00 342
0.073171 18.00 246

0.696774 324.00 465
0.173489 89.00 513
0.006596 5.00 758
0.158996 38.00 239
0.263323 252.00 957

0.782383 151.00 193
0.076190 16.00 210
0.095137 45.00 473
0.082692 43.00 520
0.261062 59.00 226

0.296610 35.00 118
0.093791 71.00 757
0.588710 73.00 124
0.209125 110.00 526
0.107843 11.00 102

0.294737 84.00 285
0.373702 108.00 289
0.171429 36.00 210
0.252703 187.00 740
0.211031 88.00 417

0.213953 46.00 215
0.200000 141.00 705
0.060837 16.00 263
0.706790 458.00 648
0.121145 55.00 454

0.290828 130.00 447
0.041332 36.00 871
0.284024 48.00 169
0.549550 61.00 111
0.132331 88.00 665

0.133929 15.00 112
0.076923 23.00 299
0.065858 38.00 577
0.297994 104.00 349
0.724771 79.00 109

0.316770 51.00 161
0.230461 115.00 499
0.035497 35.00 986
0.634951 327.00 515
0.082418 15.00 182

0.064732 29.00 448
0.240223 43.00 179
0.186207 27.00 145
0.588808 484.00 822
0.216802 80.00 369

0.509153 445.00 874
0.022727 11.00 484
0.080645 35.00 434
0.432787 132.00 305
0.254902 91.00 357

0.238566 193.00 809
0.671004 361.00 538
0.337705 103.00 305
0.029474 14.00 475
0.023166 6.00 259

0.009804 1.00 102
0.056555 22.00 389
0.093023 12.00 129
0.240636 212.00 881
0.901345 402.00 446

0.060127 57.00 948
0.745399 243.00 326
0.063859 47.00 736
0.005059 3.00 593
0.426606 372.00 872

0.564593 472.00 836
0.300525 229.00 762
0.030172 7.00 232
0.067073 22.00 328
0.333333 57.00 171

0.008621 1.00 116
0.167582 61.00 364
0.586957 405.00 690
0.213750 171.00 800
0.323529 33.00 102

0.037931 11.00 290
0.524476 75.00 143
0.241935 45.00 186
0.430851 162.00 376
0.067797 52.00 767

0.444015 230.00 518
0.251948 194.00 770
0.062284 36.00 578
0.103448 27.00 261
0.436798 311.00 712

0.227545 76.00 334
0.010101 4.00 396
0.800000 120.00 150
0.218182 36.00 165
0.044643 5.00 112

0.046263 13.00 281
0.483122 229.00 474
0.042735 10.00 234
0.600000 72.00 120
0.125000 68.00 544

0.030635 14.00 457
0.205479 75.00 365
0.488060 327.00 670
0.250000 81.00 324
0.329545 87.00 264

0.030387 22.00 724
0.286290 71.00 248
0.103314 53.00 513
0.416880 163.00 391
0.462428 80.00 173

0.143885 20.00 139
0.516179 335.00 649
0.195312 25.00 128
0.309222 171.00 553
0.132992 104.00 782

0.013378 4.00 299
0.050378 40.00 794
0.682692 71.00 104
0.181818 22.00 121
0.373938 132.00 353

0.530435 61.00 115
0.477612 64.00 134
0.092827 88.00 948
0.033333 4.00 120
0.161905 17.00 105

0.940000 235.00 250
0.120253 19.00 158
0.178082 39.00 219
0.004831 1.00 207
0.055336 14.00 253

0.152838 35.00 229
0.372951 91.00 244
0.430000 43.00 100
0.314528 223.00 709
0.034121 13.00 381

0.115578 23.00 199
0.139640 31.00 222
0.061269 28.00 457
0.786517 140.00 178
0.197977 137.00 692

0.020027 15.00 749
0.537589 379.00 705
0.635727 363.00 571
0.096654 26.00 269
0.010127 4.00 395

0.387952 161.00 415
0.110803 40.00 361
0.194882 99.00 508
0.416667 100.00 240
0.189189 21.00 111

0.164692 139.00 844
0.163324 57.00 349
0.286885 245.00 854
0.535109 221.00 413
0.148936 28.00 188

0.375385 122.00 325
0.102041 15.00 147
0.081395 14.00 172
0.389163 79.00 203
0.352941 54.00 153

0.565733 525.00 928
0.225204 193.00 857
0.185455 51.00 275
0.039823 9.00 226
0.285714 74.00 259

0.587940 117.00 199
0.339568 236.00 695
0.029503 19.00 644
0.312500 70.00 224
0.031008 4.00 129

0.601594 151.00 251
0.084746 10.00 118
0.134375 43.00 320
0.328889 222.00 675
0.146853 21.00 143

0.243931 211.00 865
0.350365 48.00 137
0.176471 21.00 119
0.202381 51.00 252
0.324159 106.00 327

0.223188 154.00 690
0.046512 8.00 172
0.366841 281.00 766
0.594286 104.00 175
0.068826 34.00 494

0.163265 24.00 147
0.216846 121.00 558
0.047619 8.00 168
0.661952 468.00 707
0.214371 179.00 835

0.072222 13.00 180
0.134503 23.00 171
0.737470 618.00 838
0.191327 75.00 392
0.166667 41.00 246

0.709382 310.00 437
0.413302 174.00 421
0.056338 12.00 213
0.017241 2.00 116
0.108844 16.00 147

0.200000 88.00 440
0.456897 106.00 232
0.543791 416.00 765
0.096990 29.00 299
0.003058 2.00 654

0.127820 34.00 266
0.383033 149.00 389
0.114094 17.00 149
0.543624 81.00 149
0.134286 47.00 350

0.611940 287.00 469
0.126437 44.00 348
0.005515 3.00 544
0.328431 201.00 612
0.227061 146.00 643

0.058571 41.00 700
0.412791 71.00 172
0.063193 57.00 902
0.417722 231.00 553
0.350877 40.00 114

0.049180 18.00 366
0.118280 44.00 372
0.541033 178.00 329
0.131810 75.00 569
0.462963 50.00 108

0.216049 35.00 162
0.238095 45.00 189
0.524823 74.00 141
0.200331 121.00 604
0.120690 28.00 232

0.070724 43.00 608
0.040000 4.00 100
0.363636 48.00 132
0.201014 119.00 592
0.625995 236.00 377

0.588549 442.00 751
0.009009 1.00 111
0.300813 37.00 123
0.033333 12.00 360
0.365979 142.00 388

0.561475 137.00 244
0.027027 3.00 111
0.163295 113.00 692
0.188000 47.00 250
0.363229 162.00 446

0.655914 122.00 186
0.049157 35.00 712
0.392495 387.00 986
0.018868 2.00 106
0.179420 136.00 758

0.294382 131.00 445
0.117647 12.00 102
0.154255 58.00 376
0.063415 13.00 205
0.673267 68.00 101

0.018237 6.00 329
0.339909 224.00 659
0.650000 416.00 640
0.028881 8.00 277
0.262500 126.00 480

0.507772 294.00 579
0.091743 10.00 109
0.589744 69.00 117
0.082251 19.00 231
0.026450 26.00 983

0.155340 48.00 309
0.129032 64.00 496
0.441233 229.00 519
0.251724 73.00 290
0.321503 154.00 479

0.320000 48.00 150
0.276190 29.00 105
0.140351 24.00 171
0.085714 63.00 735
0.479920 239.00 498

0.323308 43.00 133
0.353765 202.00 571
0.108571 19.00 175
0.252996 190.00 751
0.265152 35.00 132

0.147287 57.00 387
0.049598 37.00 746
0.751656 227.00 302
0.347756 217.00 624
0.003003 3.00 999

0.483333 87.00 180
0.568282 258.00 454
0.013605 2.00 147
0.147937 104.00 703
0.087850 47.00 535

0.098291 23.00 234
0.376812 78.00 207
0.181102 23.00 127
0.386965 190.00 491
0.252874 44.00 174

0.738235 502.00 680
0.065574 8.00 122
0.175000 42.00 240
0.208092 108.00 519
0.108911 11.00 101

0.314754 192.00 610
0.108911 33.00 303
0.594828 69.00 116
0.218310 31.00 142
0.067857 19.00 280

0.509091 56.00 110
0.337761 178.00 527
0.182692 76.00 416
0.180952 38.00 210
0.087553 83.00 948

0.057353 39.00 680
0.448276 169.00 377
0.534413 132.00 247
0.248677 235.00 945
0.010736 7.00 652

0.026932 23.00 854
0.157480 40.00 254
0.051095 7.00 137
0.964989 441.00 457
0.104677 47.00 449

0.133641 116.00 868
0.095723 47.00 491
0.115385 87.00 754
0.345324 48.00 139
0.606557 74.00 122

0.048223 19.00 394
0.205479 30.00 146
0.221154 23.00 104
0.366071 41.00 112
0.458647 61.00 133

0.027586 4.00 145
0.235772 87.00 369
0.322034 38.00 118
0.124153 55.00 443
0.588022 324.00 551

0.127010 79.00 622
0.153153 17.00 111
0.539256 261.00 484
0.343305 241.00 702
0.135135 15.00 111

0.062500 27.00 432
0.163934 140.00 854
0.089054 48.00 539
0.529412 54.00 102
0.453448 263.00 580

0.117347 23.00 196
0.042945 42.00 978
0.551181 70.00 127
0.162896 72.00 442
0.421053 48.00 114

0.121269 65.00 536
0.490862 188.00 383
0.138889 30.00 216
0.173445 145.00 836
0.371901 45.00 121

0.281782 215.00 763
0.392157 60.00 153
0.336364 74.00 220
0.100000 30.00 300
0.194286 34.00 175

0.525926 71.00 135
0.232955 82.00 352
0.405405 60.00 148
0.112676 16.00 142
0.021552 5.00 232

0.280749 105.00 374
0.564815 61.00 108
0.212025 67.00 316
0.136691 19.00 139
0.103734 25.00 241

0.681159 188.00 276
0.324074 35.00 108
0.015385 2.00 130
0.169231 110.00 650
0.116129 18.00 155

0.123016 62.00 504
0.071823 13.00 181
0.490196 50.00 102
0.434783 90.00 207
0.182540 23.00 126

0.355556 64.00 180
0.507143 71.00 140
0.065217 12.00 184
0.150502 45.00 299
0.220096 46.00 209

0.232697 195.00 838
0.519737 79.00 152
0.355658 154.00 433
0.134731 90.00 668
0.055300 24.00 434

0.834646 106.00 127
0.177570 38.00 214
0.127358 81.00 636
0.005298 4.00 755
0.154762 26.00 168

0.202299 88.00 435
0.219153 119.00 543
0.202100 154.00 762
0.064815 14.00 216
0.610753 284.00 465

0.003484 2.00 574
0.443807 387.00 872
0.275827 275.00 997
0.066667 11.00 165
0.510664 431.00 844

0.599448 217.00 362
0.058824 11.00 187
0.440678 234.00 531
0.062201 52.00 836
0.138821 113.00 814

0.023411 14.00 598
0.016842 8.00 475
0.178261 82.00 460
0.829193 267.00 322
0.252427 26.00 103

0.096203 38.00 395
0.284519 68.00 239
0.692982 79.00 114
0.133803 38.00 284
0.090426 85.00 940

0.090090 10.00 111
0.403189 177.00 439
0.128099 31.00 242
0.632479 74.00 117
0.053996 25.00 463

0.213740 28.00 131
0.575581 99.00 172
0.164160 131.00 798
0.060837 32.00 526
0.287018 283.00 986

0.515152 255.00 495
0.291667 126.00 432
0.021739 4.00 184
0.033241 24.00 722
0.436823 121.00 277

0.540000 54.00 100
0.131313 26.00 198
0.137755 27.00 196
0.377778 153.00 405
0.111111 19.00 171

0.091743 20.00 218
0.003344 3.00 897
0.769874 184.00 239
0.156463 23.00 147
0.279141 91.00 326

0.157470 117.00 743
0.052288 16.00 306
0.229730 85.00 370
0.469790 381.00 811
0.388571 136.00 350

0.471264 82.00 174
0.053512 16.00 299
0.262673 57.00 217
0.328000 164.00 500
0.187879 62.00 330

0.353226 219.00 620
0.258503 38.00 147
0.051282 6.00 117
0.202128 95.00 470
0.432353 294.00 680

0.035714 11.00 308
0.212121 126.00 594
0.215470 39.00 181
0.053191 40.00 752
0.783673 192.00 245

0.104389 88.00 843
0.032990 32.00 970
0.431452 107.00 248
0.050314 8.00 159
0.683121 429.00 628

0.530973 60.00 113
0.500838 299.00 597
0.183099 26.00 142
0.078370 75.00 957
0.009404 3.00 319

0.148693 91.00 612
0.060092 39.00 649
0.606667 182.00 300
0.005464 1.00 183
0.478947 91.00 190

0.137255 21.00 153
0.283308 185.00 653
0.050633 8.00 158
0.724246 696.00 961
0.101096 83.00 821

0.195122 64.00 328
0.455056 243.00 534
0.040876 28.00 685
0.122271 28.00 229
0.486486 126.00 259

0.131274 34.00 259
0.153153 17.00 111
0.174006 162.00 931
0.343643 100.00 291
0.494681 93.00 188

0.354790 237.00 668
0.235849 25.00 106
0.243373 101.00 415
0.321168 132.00 411
0.146535 74.00 505

0.103327 59.00 571
0.314286 33.00 105
0.205882 28.00 136
0.611429 107.00 175
0.068493 10.00 146

0.304444 137.00 450
0.035000 21.00 600
0.050279 9.00 179
0.067568 10.00 148
0.841642 287.00 341

0.230769 36.00 156
0.236111 68.00 288
0.250000 49.00 196
0.281879 42.00 149
0.294664 127.00 431

0.267606 38.00 142
0.331573 314.00 947
0.137427 47.00 342
0.119898 47.00 392
0.438849 122.00 278

0.285290 192.00 673
0.031315 15.00 479
0.360465 93.00 258
0.212389 48.00 226
0.409962 214.00 522

0.131313 26.00 198
0.414520 177.00 427
0.335740 186.00 554
0.329517 259.00 786
0.086705 15.00 173

0.236559 44.00 186
0.333333 45.00 135
0.130653 26.00 199
0.111111 20.00 180
0.489051 67.00 137

0.029940 10.00 334
0.467105 71.00 152
0.014842 8.00 539
0.675214 79.00 117
0.105263 78.00 741

0.815085 670.00 822
0.117486 86.00 732
0.126106 114.00 904
0.026682 23.00 862
0.212963 23.00 108

0.076775 40.00 521
0.380165 184.00 484
0.035714 16.00 448
0.595819 171.00 287
0.210938 27.00 128

0.234694 46.00 196
0.056410 22.00 390
0.316742 210.00 663
0.327273 90.00 275
0.366667 55.00 150

0.260143 109.00 419
0.374829 274.00 731
0.137755 54.00 392
0.096774 24.00 248
0.431310 135.00 313

0.529268 217.00 410
0.046448 17.00 366
0.022923 8.00 349
0.636557 599.00 941
0.063898 20.00 313

0.638266 427.00 669
0.524194 65.00 124
0.064103 25.00 390
0.067024 25.00 373
0.006711 2.00 298

0.358193 341.00 952
0.258065 32.00 124
0.308148 208.00 675
0.016667 2.00 120
0.353261 130.00 368

0.036739 32.00 871
0.244755 35.00 143
0.067961 42.00 618
0.673285 373.00 554
0.276146 235.00 851

0.467925 124.00 265
0.075549 55.00 728
0.311475 38.00 122
0.028409 5.00 176
0.415230 289.00 696

0.014553 7.00 481
0.087071 33.00 379
0.021583 3.00 139
0.605144 400.00 661
0.572650 67.00 117

0.326829 67.00 205
0.208791 76.00 364
0.095471 78.00 817
0.459016 224.00 488
0.208672 77.00 369

0.353846 92.00 260
0.013873 12.00 865
0.202206 110.00 544
0.178218 18.00 101
0.555256 206.00 371

0.052083 10.00 192
0.335443 53.00 158
0.846154 110.00 130
0.005859 3.00 512
0.056972 38.00 667

0.074380 18.00 242
0.987387 548.00 555
0.030395 10.00 329
0.112137 85.00 758
0.095289 89.00 934

0.092208 71.00 770
0.312910 143.00 457
0.544554 55.00 101
0.048913 27.00 552
0.297872 56.00 188

0.371567 230.00 619
0.683495 352.00 515
0.199446 144.00 722
0.007576 1.00 132
0.038934 19.00 488

0.051515 17.00 330
0.309122 183.00 592
0.632754 255.00 403
0.287395 171.00 595
0.022388 3.00 134

0.565268 485.00 858
0.080247 13.00 162
0.004224 4.00 947
0.530303 315.00 594
0.123632 113.00 914

0.068720 29.00 422
0.163090 38.00 233
0.212454 58.00 273
0.728261 134.00 184
0.126606 69.00 545

0.218543 99.00 453
0.472678 346.00 732
0.240143 67.00 279
0.345502 265.00 767
0.023022 16.00 695

0.308219 45.00 146
0.406393 178.00 438
0.052846 13.00 246
0.420499 320.00 761
0.109145 37.00 339

0.481805 331.00 687
0.173228 22.00 127
0.331633 195.00 588
0.137767 58.00 421
0.173913 156.00 897

0.211356 67.00 317
0.058480 10.00 171
0.094017 11.00 117
0.609756 100.00 164
0.320683 169.00 527

0.261261 29.00 111
0.091195 58.00 636
0.557143 78.00 140
0.299320 44.00 147
0.089666 59.00 658

0.327543 132.00 403
0.200561 143.00 713
0.177083 51.00 288
0.326531 112.00 343
0.268868 57.00 212

0.383908 167.00 435
0.125926 68.00 540
0.015267 2.00 131
0.466942 113.00 242
0.307190 94.00 306

0.499225 322.00 645
0.117155 84.00 717
0.033088 9.00 272
0.119772 63.00 526
0.530000 53.00 100

0.436782 76.00 174
0.046958 44.00 937
0.006897 1.00 145
0.174678 149.00 853
0.636546 317.00 498

0.345763 102.00 295
0.095032 44.00 463
0.212707 77.00 362
0.034836 17.00 488
0.610405 528.00 865

0.006803 3.00 441
0.492308 480.00 975
0.583333 119.00 204
0.199074 43.00 216
0.022388 3.00 134

0.509554 160.00 314
0.448819 114.00 254
0.078947 12.00 152
0.127186 80.00 629
0.136126 26.00 191

0.596095 580.00 973
0.027211 8.00 294
0.526989 371.00 704
0.052632 6.00 114
0.094286 33.00 350

0.059754 34.00 569
0.382609 44.00 115
0.740780 703.00 949
0.020979 6.00 286
0.096085 27.00 281

0.016807 2.00 119
0.392857 44.00 112
0.059289 15.00 253
0.300000 162.00 540
0.534582 371.00 694

0.425287 407.00 957
0.227723 23.00 101
0.001684 1.00 594
0.496233 461.00 929
0.144092 50.00 347

0.269841 51.00 189
0.186567 25.00 134
0.041176 7.00 170
0.123457 40.00 324
0.680272 100.00 147

0.082474 16.00 194
0.398589 226.00 567
0.092058 51.00 554
0.215686 55.00 255
0.510676 287.00 562

0.044643 5.00 112
0.385382 116.00 301
0.015066 8.00 531
0.090323 28.00 310
0.772414 112.00 145

0.079646 9.00 113
0.772374 397.00 514
0.282828 84.00 297
0.075117 16.00 213
0.089362 63.00 705

0.050562 9.00 178
0.517241 75.00 145
0.561485 242.00 431
0.085821 23.00 268
0.081683 33.00 404

0.282443 148.00 524
0.386700 157.00 406
0.200924 87.00 433
0.182186 45.00 247
0.248922 231.00 928

0.236025 38.00 161
0.485714 51.00 105
0.308550 166.00 538
0.061267 59.00 963
0.205379 84.00 409

0.526077 464.00 882
0.067045 59.00 880
0.022727 8.00 352
0.089242 73.00 818
0.593596 241.00 406

0.129584 53.00 409
0.283237 49.00 173
0.516746 108.00 209
0.265060 66.00 249
0.101852 22.00 216

0.392593 53.00 135
0.082969 19.00 229
0.036036 4.00 111
0.045455 12.00 264
0.742397 415.00 559

0.161891 113.00 698
0.194892 145.00 744
0.636667 191.00 300
0.203390 24.00 118
0.102117 82.00 803

0.168696 97.00 575
0.476974 145.00 304
0.010870 2.00 184
0.121134 47.00 388
0.520958 174.00 334

0.025641 4.00 156
0.266968 177.00 663
0.821577 198.00 241
0.021080 16.00 759
0.165217 19.00 115

0.327044 52.00 159
0.271845 196.00 721
0.246897 179.00 725
0.324022 58.00 179
0.127907 88.00 688

0.521368 61.00 117
0.300334 270.00 899
0.032432 12.00 370
0.111558 111.00 995
0.333333 224.00 672

0.162479 97.00 597
0.130252 62.00 476
0.421569 387.00 918
0.306748 50.00 163
0.278351 81.00 291

0.371520 347.00 934
0.054604 51.00 934
0.306034 284.00 928
0.322034 228.00 708
0.246862 59.00 239

0.607735 110.00 181
0.245863 104.00 423
0.203252 25.00 123
0.060150 8.00 133
0.176546 137.00 776

0.203180 115.00 566
0.348093 283.00 813
0.009501 4.00 421
0.214286 147.00 686
0.524272 162.00 309

0.088496 10.00 113
0.587121 155.00 264
0.182946 118.00 645
0.365854 105.00 287
0.078161 34.00 435

0.438596 75.00 171
0.131098 43.00 328
0.231481 25.00 108
0.412308 134.00 325
0.086372 45.00 521

0.717857 201.00 280
0.169291 43.00 254
0.029762 5.00 168
0.128378 19.00 148
0.254237 30.00 118

0.296684 170.00 573
0.125000 16.00 128
0.076923 8.00 104
0.261866 160.00 611
0.533569 151.00 283

0.212860 192.00 902
0.008065 6.00 744
0.395294 168.00 425
0.435897 51.00 117
0.251121 56.00 223

0.024638 17.00 690
0.318182 119.00 374
0.640777 198.00 309
0.045455 5.00 110
0.271127 77.00 284

0.291156 214.00 735
0.379747 60.00 158
0.113043 13.00 115
0.394366 112.00 284
0.127962 27.00 211

0.395973 118.00 298
0.088889 28.00 315
0.453202 92.00 203
0.127660 42.00 329
0.233083 155.00 665

0.223663 138.00 617
0.329154 210.00 638
0.114286 56.00 490
0.166302 76.00 457
0.468421 267.00 570

0.225000 63.00 280
0.189873 30.00 158
0.545752 334.00 612
0.005741 5.00 871
0.328859 147.00 447

0.410072 57.00 139
0.288961 178.00 616
0.458276 335.00 731
0.121622 45.00 370
0.020833 7.00 336

0.150568 53.00 352
0.466403 354.00 759
0.044610 12.00 269
0.400291 275.00 687
0.238298 56.00 235

0.229137 162.00 707
0.151584 67.00 442
0.562176 217.00 386
0.122642 13.00 106
0.230198 93.00 404

0.438424 89.00 203
0.470405 151.00 321
0.170940 60.00 351
0.128378 19.00 148
0.092537 31.00 335

0.132530 33.00 249
0.547862 269.00 491
0.179487 28.00 156
0.174825 25.00 143
0.268966 39.00 145

0.086154 56.00 650
0.153846 24.00 156
0.200762 158.00 787
0.690289 263.00 381
0.166667 47.00 282

0.291457 58.00 199
0.192771 32.00 166
0.110092 12.00 109
0.583333 77.00 132
0.127119 15.00 118

0.561111 202.00 360
0.361905 38.00 105
0.125828 57.00 453
0.044848 37.00 825
0.204180 127.00 622

0.628664 193.00 307
0.053957 15.00 278
0.081818 27.00 330
0.356108 172.00 483
0.178612 157.00 879

0.102362 26.00 254
0.017727 17.00 959
0.509615 53.00 104
0.252595 146.00 578
0.410714 46.00 112

0.408537 67.00 164
0.230000 23.00 100
0.135135 15.00 111
0.270270 40.00 148
0.255034 228.00 894

0.343173 186.00 542
0.589109 119.00 202
0.132883 59.00 444
0.227941 62.00 272
0.004762 1.00 210

0.158511 149.00 940
0.102941 14.00 136
0.242604 41.00 169
0.521127 74.00 142
0.275591 35.00 127

0.025862 3.00 116
0.134969 22.00 163
0.481761 383.00 795
0.457237 139.00 304
0.195767 111.00 567

0.363281 186.00 512
0.239186 94.00 393
0.039755 13.00 327
0.314332 193.00 614
0.337931 49.00 145

0.051613 16.00 310
0.293051 97.00 331
0.218085 41.00 188
0.465541 331.00 711
0.270833 78.00 288

0.070423 10.00 142
0.393421 299.00 760
0.012461 4.00 321
0.130208 25.00 192
0.695652 304.00 437

0.162455 45.00 277
0.518006 187.00 361
0.417143 73.00 175
0.016393 4.00 244
0.190476 92.00 483

0.415365 319.00 768
0.133540 86.00 644
0.312977 123.00 393
0.189394 25.00 132
0.250836 150.00 598

0.017751 3.00 169
0.160991 104.00 646
0.336134 40.00 119
0.748162 407.00 544
0.039095 19.00 486

0.187215 41.00 219
0.086667 13.00 150
0.590476 62.00 105
0.163514 121.00 740
0.271451 174.00 641

0.277778 30.00 108
0.187291 56.00 299
0.222556 148.00 665
0.554080 292.00 527
0.061303 16.00 261

0.037736 4.00 106
0.281139 79.00 281
0.427632 130.00 304
0.318182 119.00 374
0.229167 55.00 240

0.104046 36.00 346
0.612676 87.00 142
0.297333 223.00 750
0.170569 51.00 299
0.110390 17.00 154

0.001143 1.00 875
0.881081 163.00 185
0.131285 94.00 716
0.043137 11.00 255
0.243243 72.00 296

0.100000 43.00 430
0.314286 99.00 315
0.567251 97.00 171
0.275995 215.00 779
0.044944 20.00 445

0.176955 43.00 243
0.181070 88.00 486
0.339161 97.00 286
0.190141 27.00 142
0.415493 295.00 710

0.457965 207.00 452
0.002404 1.00 416
0.191257 35.00 183
0.642398 300.00 467
0.008333 2.00 240

0.162234 61.00 376
0.391813 67.00 171
0.095238 18.00 189
0.052219 20.00 383
0.594502 173.00 291

0.140940 21.00 149
0.205607 22.00 107
0.700000 175.00 250
0.080808 48.00 594
0.178378 33.00 185

0.191882 52.00 271
0.108108 56.00 518
0.535780 292.00 545
0.180000 18.00 100
0.284672 39.00 137

0.200000 34.00 170
0.255556 46.00 180
0.060284 34.00 564
0.150538 28.00 186
0.639040 586.00 917

0.049495 49.00 990
0.208211 71.00 341
0.276455 209.00 756
0.695652 96.00 138
0.065702 59.00 898

0.155556 147.00 945
0.254826 66.00 259
0.400000 40.00 100
0.308943 38.00 123
0.175926 76.00 432

0.364341 282.00 774
0.025840 10.00 387
0.021201 6.00 283
0.579365 511.00 882
0.307692 52.00 169

0.192308 20.00 104
0.179310 26.00 145
0.266366 118.00 443
0.648526 286.00 441
0.012121 4.00 330

0.367412 115.00 313
0.186916 40.00 214
0.599010 363.00 606
0.025000 22.00 880
0.120393 49.00 407

0.132653 26.00 196
0.513514 57.00 111
0.103408 88.00 851
0.360577 75.00 208
0.186528 144.00 772

0.014706 6.00 408
0.799699 531.00 664
0.255814 33.00 129
0.018868 3.00 159
0.208178 168.00 807

0.525362 145.00 276
0.002222 1.00 450
0.683706 214.00 313
0.027397 4.00 146
0.065217 9.00 138

0.196581 23.00 117
0.013746 8.00 582
0.233333 28.00 120
0.228395 37.00 162
0.625455 172.00 275

0.008130 1.00 123
0.654731 256.00 391
0.315175 81.00 257
0.087866 42.00 478
0.233333 63.00 270

0.102151 19.00 186
0.129630 21.00 162
0.146341 18.00 123
0.304878 50.00 164
0.612836 592.00 966

0.152648 49.00 321
0.237470 199.00 838
0.585106 495.00 846
0.299720 214.00 714
0.024155 5.00 207

0.147910 92.00 622
0.109459 81.00 740
0.285714 36.00 126
0.180672 43.00 238
0.580110 105.00 181

0.041165 41.00 996
0.282609 52.00 184
0.360000 90.00 250
0.507553 168.00 331
0.109175 94.00 861

0.839623 445.00 530
0.176656 56.00 317
0.058126 49.00 843
0.057143 6.00 105
0.166474 144.00 865

0.296296 32.00 108
0.512397 62.00 121
0.221519 35.00 158
0.237645 226.00 951
0.025641 3.00 117

0.128834 63.00 489
0.220339 65.00 295
0.216352 172.00 795
0.307087 39.00 127
0.420000 42.00 100

0.836283 378.00 452
0.051213 19.00 371
0.054676 38.00 695
0.212722 204.00 959
0.146143 108.00 739

0.113147 105.00 928
0.265957 50.00 188
0.344186 74.00 215
0.486804 166.00 341
0.088496 10.00 113

0.251497 42.00 167
0.125000 16.00 128
0.002247 1.00 445
0.871560 380.00 436
0.055619 49.00 881

0.491329 170.00 346
0.609091 67.00 110
0.008696 5.00 575
0.076305 19.00 249
0.118135 114.00 965

0.068493 10.00 146
0.097173 55.00 566
0.671302 531.00 791
0.403361 144.00 357
0.057592 11.00 191

0.068460 28.00 409
0.869748 207.00 238
0.089855 31.00 345
0.076471 13.00 170
0.196755 97.00 493

0.678571 152.00 224
0.220588 45.00 204
0.060000 9.00 150
0.311579 148.00 475
0.028037 3.00 107

0.025830 7.00 271
0.445545 45.00 101
0.018182 4.00 220
0.205607 22.00 107
0.600707 170.00 283

0.130841 70.00 535
0.126708 102.00 805
0.795322 136.00 171
0.211934 103.00 486
0.033673 33.00 980

0.443299 86.00 194
0.117308 61.00 520
0.096000 48.00 500
0.404467 163.00 403
0.241042 148.00 614

0.150538 42.00 279
0.294118 160.00 544
0.091667 22.00 240
0.112903 49.00 434
0.650794 328.00 504

0.354680 72.00 203
0.224022 166.00 741
0.070513 11.00 156
0.055901 45.00 805
0.598592 170.00 284

0.003101 2.00 645
0.543536 206.00 379
0.458333 66.00 144
0.248106 131.00 528
0.050157 32.00 638

0.020305 4.00 197
0.551220 113.00 205
0.181416 123.00 678
0.439655 51.00 116
0.111675 22.00 197

0.534296 148.00 277
0.186813 34.00 182
0.058091 14.00 241
0.415301 76.00 183
0.108137 101.00 934

0.130102 51.00 392
0.118367 29.00 245
0.058577 42.00 717
0.915888 98.00 107
0.076923 25.00 325

0.381679 50.00 131
0.257143 72.00 280
0.102273 27.00 264
0.439739 135.00 307
0.120567 17.00 141

0.426829 70.00 164
0.172805 122.00 706
0.185430 28.00 151
0.218045 29.00 133
0.300412 292.00 972

0.231884 64.00 276
0.479412 326.00 680
0.156942 156.00 994
0.261494 91.00 348
0.169625 86.00 507

0.028818 10.00 347
0.169162 113.00 668
0.269565 31.00 115
0.271186 32.00 118
0.559361 245.00 438

0.115044 39.00 339
0.353591 64.00 181
0.264151 28.00 106
0.384168 330.00 859
0.181818 28.00 154

0.986111 142.00 144
0.067633 56.00 828
0.076923 12.00 156
0.030568 7.00 229
0.142105 27.00 190

0.402715 89.00 221
0.114286 28.00 245
0.224719 60.00 267
0.104895 45.00 429
0.452869 221.00 488

0.055728 18.00 323
0.125000 17.00 136
0.081690 29.00 355
0.174216 50.00 287
0.857590 548.00 639

0.061674 14.00 227
0.618056 178.00 288
0.390152 103.00 264
0.045643 11.00 241
0.185000 74.00 400

0.102041 15.00 147
0.737288 87.00 118
0.250847 74.00 295
0.190669 94.00 493
0.021672 7.00 323

0.010040 5.00 498
0.491059 357.00 727
0.179245 19.00 106
0.280220 51.00 182
0.336557 174.00 517

0.195312 25.00 128
0.429980 218.00 507
0.184314 47.00 255
0.400835 192.00 479
0.090909 12.00 132

0.063433 51.00 804
0.565693 155.00 274
0.401786 45.00 112
0.062201 26.00 418
0.214128 97.00 453

0.170213 56.00 329
0.736434 190.00 258
0.356502 159.00 446
0.016260 2.00 123
0.027607 9.00 326

0.013514 7.00 518
0.002584 1.00 387
0.417219 63.00 151
0.607547 161.00 265
0.254355 73.00 287

0.358621 104.00 290
0.259259 28.00 108
0.092379 40.00 433
0.585366 72.00 123
0.008021 3.00 374

0.253086 41.00 162
0.331667 199.00 600
0.038168 5.00 131
0.306306 34.00 111
0.368919 273.00 740

0.384892 107.00 278
0.209790 30.00 143
0.147059 30.00 204
0.386792 41.00 106
0.166667 38.00 228

0.204255 96.00 470
0.192771 144.00 747
0.211982 46.00 217
0.034848 23.00 660
0.653179 113.00 173

0.059846 31.00 518
0.031915 9.00 282
0.577273 127.00 220
0.050328 23.00 457
0.577922 178.00 308

0.255474 140.00 548
0.239362 45.00 188
0.189189 182.00 962
0.514632 510.00 991
0.101920 69.00 677

0.157143 22.00 140
0.034965 5.00 143
0.689076 82.00 119
0.389549 164.00 421
0.037500 12.00 320

0.280543 62.00 221
0.103943 87.00 837
0.037901 13.00 343
0.518519 182.00 351
0.354545 39.00 110

0.019048 2.00 105
0.105769 33.00 312
0.275949 218.00 790
0.860963 161.00 187
0.038339 24.00 626

0.416244 246.00 591
0.045977 12.00 261
0.531250 68.00 128
0.187500 45.00 240
0.121429 17.00 140

0.024590 3.00 122
0.236207 137.00 580
0.070103 34.00 485
0.216043 202.00 935
0.751381 272.00 362

0.040462 7.00 173
0.221622 123.00 555
0.041935 13.00 310
0.653951 240.00 367
0.343042 106.00 309

0.638095 67.00 105
0.080082 39.00 487
0.357737 215.00 601
0.188235 32.00 170
0.039216 4.00 102

0.259136 78.00 301
0.196226 104.00 530
0.052980 16.00 302
0.632509 358.00 566
0.160000 24.00 150

0.143617 54.00 376
0.165803 32.00 193
0.288793 201.00 696
0.551392 515.00 934
0.150376 20.00 133

0.242236 234.00 966
0.504854 52.00 103
0.093023 24.00 258
0.231733 111.00 479
0.233083 124.00 532

0.055556 8.00 144
0.210938 54.00 256
0.381579 87.00 228
0.173804 69.00 397
0.486726 55.00 113

0.090355 89.00 985
0.503425 147.00 292
0.176090 109.00 619
0.183168 74.00 404
0.347826 48.00 138

0.646199 221.00 342
0.136196 111.00 815
0.096154 30.00 312
0.196429 22.00 112
0.227437 126.00 554

0.140625 63.00 448
0.212389 24.00 113
0.539419 130.00 241
0.348958 201.00 576
0.062687 21.00 335

0.725904 241.00 332
0.289954 127.00 438
0.201342 90.00 447
0.015152 2.00 132
0.070393 68.00 966

0.050000 7.00 140
0.451807 75.00 166
0.071429 20.00 280
0.352740 206.00 584
0.374429 164.00 438

0.060440 22.00 364
0.067873 15.00 221
0.940565 633.00 673
0.057692 12.00 208
0.171171 57.00 333

0.024194 3.00 124
0.118664 103.00 868
0.590909 65.00 110
0.123596 55.00 445
0.446753 172.00 385

0.228916 76.00 332
0.340000 68.00 200
0.032653 16.00 490
0.280899 175.00 623
0.422222 95.00 225

0.070213 33.00 470
0.360902 48.00 133
0.329730 61.00 185
0.445946 99.00 222
0.088957 29.00 326

0.100982 72.00 713
0.310000 217.00 700
0.089136 32.00 359
0.233708 104.00 445
0.565217 104.00 184

0.067449 46.00 682
0.292975 196.00 669
0.091549 13.00 142
0.106472 51.00 479
0.740741 80.00 108

0.294574 76.00 258
0.226277 31.00 137
0.225694 65.00 288
0.046610 11.00 236
0.508333 61.00 120

0.340102 134.00 394
0.231844 83.00 358
0.031963 7.00 219
0.450549 246.00 546
0.242857 34.00 140

0.385965 66.00 171
0.085992 62.00 721
0.595890 87.00 146
0.194647 80.00 411
0.035088 12.00 342

0.027708 11.00 397
0.717557 94.00 131
0.260960 250.00 958
0.196335 75.00 382
0.097473 27.00 277

0.355932 63.00 177
0.215385 28.00 130
0.199719 142.00 711
0.447605 299.00 668
0.082019 26.00 317

0.200231 173.00 864
0.552147 90.00 163
0.379310 55.00 145
0.155063 49.00 316
0.011527 4.00 347

0.500000 113.00 226
0.065292 19.00 291
0.087780 51.00 581
0.502110 119.00 237
0.146018 33.00 226

0.066298 12.00 181
0.392593 53.00 135
0.047046 43.00 914
0.754286 528.00 700
0.036082 21.00 582

0.291525 172.00 590
0.310789 193.00 621
0.346221 197.00 569
0.240876 33.00 137
0.110825 43.00 388

0.394314 319.00 809
0.305699 59.00 193
0.019512 4.00 205
0.345009 197.00 571
0.233803 83.00 355

0.080000 18.00 225
0.546012 89.00 163
0.400000 106.00 265
0.076531 15.00 196
0.195918 96.00 490

0.276423 34.00 123
0.241221 158.00 655
0.133333 14.00 105
0.226131 225.00 995
0.419192 83.00 198

0.275591 140.00 508
0.384615 140.00 364
0.020408 14.00 686
0.189655 99.00 522
0.432692 45.00 104

0.094306 53.00 562
0.548822 163.00 297
0.201220 33.00 164
0.403361 48.00 119
0.058140 15.00 258

0.011050 2.00 181
0.184332 40.00 217
0.556765 358.00 643
0.504615 164.00 325
0.043165 18.00 417

0.018987 6.00 316
0.122642 13.00 106
0.388361 327.00 842
0.262821 41.00 156
0.505376 282.00 558

0.162257 92.00 567
0.209677 39.00 186
0.876667 263.00 300
0.014099 14.00 993
0.038462 10.00 260

0.245648 127.00 517
0.543919 322.00 592
0.061927 27.00 436
0.365497 125.00 342
0.086387 33.00 382

0.961477 599.00 623
0.006522 3.00 460
0.134831 36.00 267
0.186916 80.00 428
0.006173 2.00 324

0.019432 13.00 669
0.068966 16.00 232
0.443878 87.00 196
0.180464 109.00 604
0.588859 222.00 377

0.093023 20.00 215
0.071281 69.00 968
0.054993 38.00 691
0.979684 434.00 443
0.102481 95.00 927

0.842893 338.00 401
0.002222 2.00 900
0.094778 49.00 517
0.198347 24.00 121
0.165563 75.00 453

0.368421 168.00 456
0.200000 49.00 245
0.450000 90.00 200
0.008174 3.00 367
0.275641 86.00 312

0.577519 149.00 258
0.034392 13.00 378
0.409091 54.00 132
0.010830 3.00 277
0.263736 72.00 273

0.337349 84.00 249
0.026239 9.00 343
0.314629 157.00 499
0.527397 77.00 146
0.093633 25.00 267

0.467066 156.00 334
0.297778 134.00 450
0.427184 44.00 103
0.089655 13.00 145
0.012658 4.00 316

0.318750 51.00 160
0.314554 67.00 213
0.426036 144.00 338
0.190855 96.00 503
0.052846 13.00 246

0.412256 148.00 359
0.079646 27.00 339
0.106605 92.00 863
0.527027 78.00 148
0.174497 26.00 149

0.666667 174.00 261
0.145455 24.00 165
0.023669 8.00 338
0.225908 143.00 633
0.237762 34.00 143

0.625000 140.00 224
0.271739 250.00 920
0.209567 92.00 439
0.076923 44.00 572
0.120827 76.00 629

0.079051 40.00 506
0.012500 2.00 160
0.750332 565.00 753
0.144262 44.00 305
0.315954 303.00 959

0.111776 56.00 501
0.056962 9.00 158
0.293333 110.00 375
0.705882 360.00 510
0.137097 17.00 124

0.128205 80.00 624
0.105897 88.00 831
0.020725 4.00 193
0.200461 87.00 434
0.843023 145.00 172

0.248649 46.00 185
0.633333 418.00 660
0.234519 178.00 759
0.092511 21.00 227
0.091931 90.00 979

0.013245 2.00 151
0.109792 37.00 337
0.845304 153.00 181
0.158192 28.00 177
0.174497 52.00 298

0.342857 48.00 140
0.064267 25.00 389
0.668333 401.00 600
0.019126 7.00 366
0.205656 80.00 389

0.212828 73.00 343
0.280182 123.00 439
0.416000 52.00 125
0.161765 22.00 136
0.233202 59.00 253

0.330218 106.00 321
0.012590 7.00 556
0.367876 71.00 193
0.131429 46.00 350
0.461538 60.00 130

0.663825 545.00 821
0.239437 51.00 213
0.051282 12.00 234
0.257511 120.00 466
0.085106 56.00 658

0.503106 81.00 161
0.036496 5.00 137
0.135989 99.00 728
0.141975 23.00 162
0.490741 53.00 108

0.145000 29.00 200
0.401961 82.00 204
0.250585 107.00 427
0.425974 164.00 385
0.071350 65.00 911

0.500000 447.00 894
0.461538 192.00 416
0.209302 36.00 172
0.050000 8.00 160
0.079897 31.00 388

0.235521 61.00 259
0.176056 25.00 142
0.014286 2.00 140
0.174174 58.00 333
0.704348 243.00 345

0.294118 75.00 255
0.754253 399.00 529
0.054348 15.00 276
0.082645 20.00 242
0.116057 73.00 629

0.105528 42.00 398
0.017094 6.00 351
0.610996 589.00 964
0.222222 50.00 225
0.347826 240.00 690

0.235495 69.00 293
0.316364 174.00 550
0.413223 50.00 121
0.117647 12.00 102
0.210040 159.00 757

0.223301 23.00 103
0.335793 182.00 542
0.367841 167.00 454
0.232000 29.00 125
0.144218 106.00 735

0.125997 79.00 627
0.394850 276.00 699
0.045296 26.00 574
0.075145 13.00 173
0.661654 88.00 133

0.223776 32.00 143
0.172786 80.00 463
0.568543 394.00 693
0.169014 24.00 142
0.167382 78.00 466

0.625000 80.00 128
0.128378 19.00 148
0.133929 15.00 112
0.335664 48.00 143
0.079137 11.00 139

0.011429 2.00 175
0.144928 20.00 138
0.138249 90.00 651
0.810256 158.00 195
0.196078 30.00 153

0.134328 45.00 335
0.894558 263.00 294
0.106280 22.00 207
0.029018 13.00 448
0.133621 31.00 232

0.442446 246.00 556
0.321799 186.00 578
0.425287 74.00 174
0.081522 15.00 184
0.026846 4.00 149

0.307692 52.00 169
0.108333 13.00 120
0.346154 54.00 156
0.026233 25.00 953
0.511730 349.00 682

0.017054 11.00 645
0.045775 13.00 284
0.890792 416.00 467
0.172500 69.00 400
0.168831 26.00 154

0.683333 246.00 360
0.175202 65.00 371
0.189445 140.00 739
0.225166 34.00 151
0.026578 8.00 301

0.222798 43.00 193
0.531165 196.00 369
0.395189 115.00 291
0.003003 1.00 333
0.147679 35.00 237

0.212974 174.00 817
0.252546 124.00 491
0.064052 49.00 765
0.039557 25.00 632
0.731629 229.00 313

0.158664 76.00 479
0.242588 90.00 371
0.012346 3.00 243
0.457143 112.00 245
0.428571 69.00 161

0.005495 1.00 182
0.201807 67.00 332
0.113982 75.00 658
0.535484 332.00 620
0.441441 49.00 111

0.623116 372.00 597
0.184049 30.00 163
0.007117 2.00 281
0.071429 51.00 714
0.417391 96.00 230

0.343434 68.00 198
0.010929 6.00 549
0.194757 104.00 534
0.583777 439.00 752
0.168339 151.00 897

0.286164 91.00 318
0.097122 27.00 278
0.182320 66.00 362
0.260504 62.00 238
0.470588 48.00 102

0.029562 29.00 981
0.192661 63.00 327
0.738994 705.00 954
0.328125 42.00 128
0.015094 12.00 795

0.555874 194.00 349
0.158416 16.00 101
0.401920 293.00 729
0.042553 10.00 235
0.141104 23.00 163

0.191194 165.00 863
0.136531 111.00 813
0.419643 47.00 112
0.379110 196.00 517
0.176000 44.00 250

0.184549 43.00 233
0.173432 47.00 271
0.693548 86.00 124
0.220657 47.00 213
0.031873 8.00 251

0.276119 37.00 134
0.108108 12.00 111
0.442913 225.00 508
0.210953 104.00 493
0.261438 40.00 153

0.255034 38.00 149
0.258182 71.00 275
0.528000 198.00 375
0.186441 33.00 177
0.069231 9.00 130

0.141176 36.00 255
0.126667 19.00 150
0.026549 3.00 113
0.742718 153.00 206
0.257895 49.00 190

0.114407 27.00 236
0.101761 52.00 511
0.122024 41.00 336
0.340399 273.00 802
0.622517 94.00 151

0.135593 24.00 177
0.317073 91.00 287
0.093478 43.00 460
0.547945 120.00 219
0.201923 21.00 104

0.009119 6.00 658
0.155203 88.00 567
0.062069 9.00 145
0.189266 67.00 354
0.881356 156.00 177

0.133333 22.00 165
0.627803 140.00 223
0.285714 36.00 126
0.064777 16.00 247
0.188811 135.00 715

0.338462 44.00 130
0.052239 7.00 134
0.315556 284.00 900
0.077181 23.00 298
0.520958 87.00 167

0.061927 27.00 436
0.204545 171.00 836
0.337719 231.00 684
0.498141 268.00 538
0.200000 38.00 190

0.500000 162.00 324
0.017011 14.00 823
0.031250 8.00 256
0.360485 208.00 577
0.390339 299.00 766

0.114754 28.00 244
0.814010 337.00 414
0.118110 15.00 127
0.188390 172.00 913
0.063830 42.00 658

0.604294 394.00 652
0.514620 88.00 171
0.067308 7.00 104
0.028609 22.00 769
0.081340 17.00 209

0.009174 2.00 218
0.332335 111.00 334
0.664286 651.00 980
0.105263 14.00 133
0.192661 21.00 109

0.212766 30.00 141
0.575221 65.00 113
0.066929 17.00 254
0.183246 35.00 191
0.261224 192.00 735

0.202128 76.00 376
0.082645 20.00 242
0.409524 43.00 105
0.236527 79.00 334
0.371681 252.00 678

0.219577 83.00 378
0.097458 69.00 708
0.215517 25.00 116
0.141079 34.00 241
0.630435 174.00 276

0.136891 59.00 431
0.422693 339.00 802
0.479339 174.00 363
0.135889 39.00 287
0.129630 14.00 108

0.653442 560.00 857
0.005549 5.00 901
0.184739 46.00 249
0.115756 72.00 622
0.341837 67.00 196

0.050420 24.00 476
0.831633 163.00 196
0.017378 11.00 633
0.366285 352.00 961
0.036517 13.00 356

0.224747 89.00 396
0.317280 112.00 353
0.095808 32.00 334
0.064762 34.00 525
0.597561 98.00 164

0.266026 83.00 312
0.025723 16.00 622
0.054455 11.00 202
0.534704 208.00 389
0.420968 261.00 620

0.018018 2.00 111
0.454545 50.00 110
0.355680 191.00 537
0.335714 47.00 140
0.133758 42.00 314

0.175732 42.00 239
0.398438 51.00 128
0.160991 156.00 969
0.397213 114.00 287
0.164006 113.00 689

0.269231 175.00 650
0.229008 30.00 131
0.034884 9.00 258
0.484848 416.00 858
0.279452 102.00 365

0.561713 446.00 794
0.170000 17.00 100
0.440917 250.00 567
0.120000 60.00 500
0.012092 10.00 827

0.138158 21.00 152
0.299270 123.00 411
0.011905 4.00 336
0.499444 449.00 899
0.351351 39.00 111

0.433071 55.00 127
0.162197 127.00 783
0.554430 438.00 790
0.085484 53.00 620
0.066007 40.00 606

0.295455 52.00 176
0.293461 184.00 627
0.253561 89.00 351
0.274678 64.00 233
0.182796 68.00 372

0.070248 34.00 484
0.764865 283.00 370
0.284722 41.00 144
0.075000 12.00 160
0.106583 34.00 319

0.456311 188.00 412
0.109489 15.00 137
0.102310 31.00 303
0.489130 90.00 184
0.139860 20.00 143

0.520325 64.00 123
0.011261 10.00 888
0.587786 77.00 131
0.142857 23.00 161
0.040323 5.00 124

0.183721 79.00 430
0.339535 73.00 215
0.385542 224.00 581
0.207692 27.00 130
0.180451 24.00 133

0.093458 30.00 321
0.153846 16.00 104
0.027273 6.00 220
0.125000 29.00 232
0.896802 617.00 688

0.056075 6.00 107
0.255034 76.00 298
0.515957 97.00 188
0.013861 7.00 505
0.454545 170.00 374

0.127329 41.00 322
0.383333 69.00 180
0.213333 32.00 150
0.552083 106.00 192
0.019355 3.00 155

0.346341 71.00 205
0.567797 201.00 354
0.233333 49.00 210
0.130890 25.00 191
0.024242 4.00 165

0.231722 187.00 807
0.065196 65.00 997
0.807619 424.00 525
0.048048 16.00 333
0.145025 86.00 593

0.406897 59.00 145
0.264423 110.00 416
0.276923 162.00 585
0.253237 176.00 695
0.096154 10.00 104

0.028846 3.00 104
0.158140 34.00 215
0.873984 215.00 246
0.118949 86.00 723
0.116959 20.00 171

0.333333 221.00 663
0.037736 8.00 212
0.676190 71.00 105
0.041667 8.00 192
0.204969 99.00 483

0.190678 45.00 236
0.387255 79.00 204
0.289720 31.00 107
0.194847 121.00 621
0.238485 233.00 977

0.455446 46.00 101
0.065574 8.00 122
0.429568 308.00 717
0.010695 2.00 187
0.341598 124.00 363

0.645669 328.00 508
0.345588 94.00 272
0.086207 30.00 348
0.135870 25.00 184
0.091603 12.00 131

0.347826 104.00 299
0.088983 21.00 236
0.093434 37.00 396
0.629310 73.00 116
0.148810 25.00 168

0.176010 135.00 767
0.325758 43.00 132
0.104587 57.00 545
0.570621 101.00 177
0.123377 19.00 154

0.019868 3.00 151
0.285714 30.00 105
0.061584 42.00 682
0.101156 35.00 346
0.833333 120.00 144

0.140127 22.00 157
0.489011 89.00 182
0.460695 252.00 547
0.101307 31.00 306
0.105769 77.00 728

0.700000 119.00 170
0.257143 36.00 140
0.063340 33.00 521
0.110169 13.00 118
0.173516 38.00 219

0.316252 216.00 683
0.270270 30.00 111
0.482456 55.00 114
0.118263 79.00 668
0.116015 92.00 793

0.180952 76.00 420
0.124183 95.00 765
0.178930 107.00 598
0.758197 740.00 976
0.057018 39.00 684

0.185811 110.00 592
0.304878 100.00 328
0.106195 12.00 113
0.312281 89.00 285
0.391667 47.00 120

0.120968 15.00 124
0.147619 31.00 210
0.052910 10.00 189
0.610599 265.00 434
0.366564 239.00 652

0.045783 19.00 415
0.027261 22.00 807
0.183432 31.00 169
0.990476 104.00 105
0.047826 33.00 690

0.890511 122.00 137
0.019544 6.00 307
0.103321 56.00 542
0.128205 20.00 156
0.156863 72.00 459

0.586498 278.00 474
0.065789 10.00 152
0.067485 11.00 163
0.328054 145.00 442
0.246691 205.00 831

0.186180 97.00 521
0.424390 87.00 205
0.076744 33.00 430
0.062845 57.00 907
0.547059 186.00 340

0.251613 39.00 155
0.137255 28.00 204
0.462185 165.00 357
0.442308 46.00 104
0.008368 2.00 239

0.100457 22.00 219
0.386957 178.00 460
0.038095 4.00 105
0.385827 49.00 127
0.391011 174.00 445

0.906687 583.00 643
0.008065 2.00 248
0.290196 74.00 255
0.033333 12.00 360
0.062706 19.00 303

0.068966 16.00 232
0.434518 428.00 985
0.096525 25.00 259
0.551724 96.00 174
0.147059 30.00 204

0.086747 36.00 415
0.158635 79.00 498
0.516129 64.00 124
0.400000 68.00 170
0.140288 39.00 278

0.033430 23.00 688
0.172107 116.00 674
0.208054 31.00 149
0.113924 45.00 395
0.772812 415.00 537

0.503401 74.00 147
0.224401 103.00 459
0.297428 185.00 622
0.019293 6.00 311
0.257951 146.00 566

0.416162 206.00 495
0.002336 1.00 428
0.146377 101.00 690
0.547692 178.00 325
0.189286 53.00 280

0.321555 182.00 566
0.665198 302.00 454
0.005556 3.00 540
0.262470 221.00 842
0.044346 20.00 451

0.007435 2.00 269
0.303738 260.00 856
0.037855 12.00 317
0.137681 19.00 138
0.809370 501.00 619

0.173469 51.00 294
0.460000 46.00 100
0.067742 21.00 310
0.171429 30.00 175
0.427536 59.00 138

0.249467 117.00 469
0.193900 178.00 918
0.278884 70.00 251
0.506098 83.00 164
0.072626 13.00 179

0.405941 82.00 202
0.055556 8.00 144
0.159389 73.00 458
0.237705 116.00 488
0.444712 185.00 416

0.429630 116.00 270
0.489083 112.00 229
0.147239 24.00 163
0.031250 11.00 352
0.204124 99.00 485

0.114428 46.00 402
0.076142 30.00 394
0.072993 10.00 137
0.663793 231.00 348
0.375854 165.00 439

0.254673 109.00 428
0.123810 13.00 105
0.379837 373.00 982
0.391515 323.00 825
0.149051 110.00 738

0.440945 56.00 127
0.371681 42.00 113
0.151011 127.00 841
0.138498 118.00 852
0.195973 146.00 745

0.389381 88.00 226
0.152268 141.00 926
0.185714 104.00 560
0.131034 19.00 145
0.438838 287.00 654

0.234760 181.00 771
0.085938 11.00 128
0.063670 17.00 267
0.316514 69.00 218
0.607477 65.00 107

0.259615 27.00 104
0.362637 66.00 182
0.081851 23.00 281
0.010870 2.00 184
0.581395 175.00 301

0.224638 62.00 276
0.288095 121.00 420
0.074766 8.00 107
0.662983 360.00 543
0.055380 35.00 632

0.034602 10.00 289
0.185000 37.00 200
0.175978 63.00 358
0.434326 248.00 571
0.470588 64.00 136

0.070601 67.00 949
0.286420 116.00 405
0.148325 31.00 209
0.722628 99.00 137
0.074074 32.00 432

0.133803 19.00 142
0.244898 48.00 196
0.114495 94.00 821
0.730088 660.00 904
0.075235 72.00 957

0.200000 32.00 160
0.331361 56.00 169
0.063636 14.00 220
0.409091 261.00 638
0.296578 234.00 789

0.054054 6.00 111
0.274882 174.00 633
0.296496 110.00 371
0.607713 457.00 752
0.065455 18.00 275

0.370892 79.00 213
0.015957 3.00 188
0.327565 265.00 809
0.081481 44.00 540
0.501992 126.00 251

0.279330 200.00 716
0.446970 118.00 264
0.433824 59.00 136
0.126712 37.00 292
0.012876 3.00 233

0.162162 30.00 185
0.098160 48.00 489
0.825714 289.00 350
0.084337 14.00 166
0.128378 38.00 296

0.070968 11.00 155
0.222222 104.00 468
0.423077 88.00 208
0.135266 56.00 414
0.450704 64.00 142

0.128492 69.00 537
0.351525 219.00 623
0.013605 8.00 588
0.035129 15.00 427
0.771277 145.00 188

0.105042 25.00 238
0.111359 50.00 449
0.435185 47.00 108
0.459627 74.00 161
0.188119 38.00 202

0.212828 146.00 686
0.198198 44.00 222
0.071429 62.00 868
0.032877 12.00 365
0.786047 507.00 645

0.454148 104.00 229
0.092593 15.00 162
0.108434 27.00 249
0.503086 326.00 648
0.139651 56.00 401

0.333333 77.00 231
0.304147 66.00 217
0.457529 237.00 518
0.142857 29.00 203
0.059829 7.00 117

0.550459 60.00 109
0.211577 106.00 501
0.175460 143.00 815
0.261705 218.00 833
0.103854 97.00 934

0.015038 2.00 133
0.271910 121.00 445
0.539823 61.00 113
0.267442 138.00 516
0.209544 101.00 482

0.045667 39.00 854
0.020000 5.00 250
0.290730 207.00 712
0.938534 397.00 423
0.007477 4.00 535

0.504155 182.00 361
0.126722 46.00 363
0.477064 52.00 109
0.052838 27.00 511
0.143421 109.00 760

0.323263 107.00 331
0.046196 34.00 736
0.232984 178.00 764
0.232877 34.00 146
0.466073 419.00 899

0.185484 23.00 124
0.480263 73.00 152
0.085938 11.00 128
0.169748 101.00 595
0.379845 49.00 129

0.093220 11.00 118
0.578125 222.00 384
0.223043 151.00 677
0.161850 28.00 173
0.243728 136.00 558

0.117117 13.00 111
0.422222 133.00 315
0.026316 4.00 152
0.362319 175.00 483
0.374005 141.00 377

0.157989 88.00 557
0.631579 420.00 665
0.093333 14.00 150
0.084746 25.00 295
0.333333 37.00 111

0.192308 85.00 442
0.257962 81.00 314
0.066154 43.00 650
0.674157 180.00 267
0.108527 14.00 129

0.275000 55.00 200
0.089623 19.00 212
0.375281 167.00 445
0.365854 45.00 123
0.196296 53.00 270

0.473684 108.00 228
0.113122 25.00 221
0.123457 30.00 243
0.239819 212.00 884
0.346726 233.00 672

0.222672 55.00 247
0.474926 161.00 339
0.474214 377.00 795
0.014925 10.00 670
0.113360 28.00 247

0.015291 5.00 327
0.250000 25.00 100
0.243056 35.00 144
0.644670 127.00 197
0.152318 23.00 151

0.334601 88.00 263
0.242424 40.00 165
0.390756 93.00 238
0.177273 156.00 880
0.153153 34.00 222

0.517123 151.00 292
0.045977 8.00 174
0.379944 269.00 708
0.181916 169.00 929
0.172708 81.00 469

0.219355 68.00 310
0.098976 29.00 293
0.195294 83.00 425
0.519481 280.00 539
0.262443 58.00 221

0.173267 70.00 404
0.076923 13.00 169
0.116564 19.00 163
0.282548 102.00 361
0.651408 370.00 568

0.066502 54.00 812
0.183099 52.00 284
0.269231 238.00 884
0.744745 248.00 333
0.034951 18.00 515

0.235294 80.00 340
0.207207 69.00 333
0.380282 54.00 142
0.185841 21.00 113
0.296703 270.00 910

0.033058 8.00 242
0.612385 534.00 872
0.191406 49.00 256
0.449495 445.00 990
0.016529 4.00 242

0.043609 29.00 665
0.305344 40.00 131
0.512315 104.00 203
0.375000 111.00 296
0.057613 42.00 729

0.169231 22.00 130
0.034091 15.00 440
0.120567 17.00 141
0.469388 115.00 245
0.504167 121.00 240

0.159794 31.00 194
0.057279 24.00 419
0.693141 384.00 554
0.009174 1.00 109
0.379518 63.00 166

0.142558 68.00 477
0.118519 16.00 135
0.316121 251.00 794
0.373457 121.00 324
0.343750 44.00 128

0.095506 68.00 712
0.175325 27.00 154
0.693069 70.00 101
0.025735 21.00 816
0.315603 178.00 564

0.030488 5.00 164
0.944444 306.00 324
0.241135 34.00 141
0.078916 67.00 849
0.009079 7.00 771

0.240964 80.00 332
0.244586 192.00 785
0.437500 56.00 128
0.150000 27.00 180
0.229091 126.00 550

0.308977 296.00 958
0.046062 31.00 673
0.733333 77.00 105
0.103125 66.00 640
0.112554 26.00 231

0.415094 88.00 212
0.528090 282.00 534
0.017341 3.00 173
0.125000 41.00 328
0.215983 100.00 463

0.343318 298.00 868
0.360759 57.00 158
0.083551 32.00 383
0.250000 34.00 136
0.262540 246.00 937

0.305085 90.00 295
0.107011 29.00 271
0.043091 29.00 673
0.565574 207.00 366
0.281796 226.00 802

0.471406 305.00 647
0.116981 31.00 265
0.015823 5.00 316
0.657061 228.00 347
0.038394 22.00 573

0.217497 179.00 823
0.179558 65.00 362
0.293432 277.00 944
0.298193 99.00 332
0.309038 106.00 343

0.942857 231.00 245
0.203390 24.00 118
0.037520 23.00 613
0.100000 77.00 770
0.016043 3.00 187

0.114416 50.00 437
0.529167 127.00 240
0.030508 9.00 295
0.162544 46.00 283
0.459459 102.00 222

0.302810 291.00 961
0.660606 327.00 495
0.170940 20.00 117
0.066667 12.00 180
0.095588 78.00 816

0.759563 417.00 549
0.090909 14.00 154
0.036765 5.00 136
0.328671 47.00 143
0.083682 20.00 239

0.323699 56.00 173
0.224561 192.00 855
0.220551 88.00 399
0.260317 246.00 945
0.268966 39.00 145

0.133400 133.00 997
0.200000 55.00 275
0.325301 54.00 166
0.535948 492.00 918
0.106542 57.00 535

0.103448 18.00 174
0.058667 22.00 375
0.102479 62.00 605
0.952514 682.00 716
0.081841 32.00 391

0.090794 72.00 793
0.745928 687.00 921
0.012195 2.00 164
0.290816 57.00 196
0.163136 154.00 944

0.095376 66.00 692
0.037594 5.00 133
0.479675 59.00 123
0.337563 133.00 394
0.345865 46.00 133

0.211864 25.00 118
0.333333 52.00 156
0.055556 6.00 108
0.608911 123.00 202
0.091463 30.00 328

0.190083 92.00 484
0.347458 41.00 118
0.592593 272.00 459
0.066524 31.00 466
0.100313 32.00 319

0.037448 27.00 721
0.151685 54.00 356
0.470000 94.00 200
0.558699 395.00 707
0.080508 19.00 236

0.060649 43.00 709
0.368421 189.00 513
0.071749 16.00 223
0.367797 217.00 590
0.432540 109.00 252

0.133333 14.00 105
0.201754 23.00 114
0.088372 19.00 215
0.181818 36.00 198
0.696970 184.00 264

0.305019 79.00 259
0.704918 129.00 183
0.055901 9.00 161
0.169708 93.00 548
0.063830 24.00 376

0.011380 8.00 703
0.599713 418.00 697
0.500000 55.00 110
0.064430 48.00 745
0.123457 20.00 162

0.021784 21.00 964
0.219753 89.00 405
0.686709 217.00 316
0.079946 59.00 738
0.293023 63.00 215

0.279251 179.00 641
0.339535 73.00 215
0.024390 4.00 164
0.043478 10.00 230
0.611599 348.00 569

0.379894 359.00 945
0.060000 9.00 150
0.076336 10.00 131
0.002350 2.00 851
0.775229 169.00 218

0.203725 175.00 859
0.421488 51.00 121
0.182692 19.00 104
0.228571 40.00 175
0.260870 54.00 207

0.221271 181.00 818
0.848010 703.00 829
0.164474 25.00 152
0.049296 14.00 284
0.017107 11.00 643

0.089855 31.00 345
0.383929 258.00 672
0.040000 5.00 125
0.017751 3.00 169
0.770000 77.00 100

0.057143 6.00 105
0.808511 304.00 376
0.162214 85.00 524
0.160227 141.00 880
0.113938 103.00 904

0.215686 33.00 153
0.052576 50.00 951
0.485584 320.00 659
0.029056 12.00 413
0.511628 110.00 215

0.662088 241.00 364
0.309735 35.00 113
0.247232 67.00 271
0.040580 14.00 345
0.038285 25.00 653

0.064777 16.00 247
0.668246 141.00 211
0.541096 79.00 146
0.017995 7.00 389
0.009302 2.00 215

0.241206 48.00 199
0.088889 24.00 270
0.506203 204.00 403
0.334913 212.00 633
0.131429 92.00 700

0.376543 61.00 162
0.183030 151.00 825
0.608247 177.00 291
0.111111 29.00 261
0.015707 3.00 191

0.762712 90.00 118
0.013514 2.00 148
0.456897 106.00 232
0.024793 3.00 121
0.041667 5.00 120

0.152381 48.00 315
0.062385 34.00 545
0.448378 152.00 339
0.594235 268.00 451
0.042234 31.00 734

0.685185 74.00 108
0.203125 39.00 192
0.232816 105.00 451
0.060000 9.00 150
0.125000 30.00 240

0.127692 83.00 650
0.014493 2.00 138
0.331412 115.00 347
0.383966 91.00 237
0.445141 142.00 319

0.002667 1.00 375
0.661538 344.00 520
0.345061 255.00 739
0.150943 16.00 106
0.142857 18.00 126

0.031524 18.00 571
0.560633 319.00 569
0.426023 406.00 953
0.238235 81.00 340
0.043732 30.00 686

0.367246 148.00 403
0.167665 28.00 167
0.337931 49.00 145
0.175223 157.00 896
0.254065 125.00 492

0.195971 107.00 546
0.264151 42.00 159
0.366412 48.00 131
0.312500 45.00 144
0.159124 109.00 685

0.133929 15.00 112
0.236326 229.00 969
0.328679 306.00 931
0.035714 6.00 168
0.568966 66.00 116

0.607914 169.00 278
0.276543 112.00 405
0.157025 76.00 484
0.004819 2.00 415
0.253823 83.00 327

0.382353 52.00 136
0.185185 100.00 540
0.069444 15.00 216
0.558140 168.00 301
0.106818 47.00 440

0.698529 95.00 136
0.167785 50.00 298
0.103516 53.00 512
0.258065 40.00 155
0.074184 25.00 337

0.294545 81.00 275
0.196137 132.00 673
0.497326 186.00 374
0.275294 234.00 850
0.037879 5.00 132

0.256716 86.00 335
0.113712 34.00 299
0.393617 74.00 188
0.262172 70.00 267
0.274232 116.00 423

0.167813 122.00 727
0.141631 132.00 932
0.759465 341.00 449
0.138249 30.00 217
0.092084 57.00 619

0.097002 55.00 567
0.501517 496.00 989
0.253401 149.00 588
0.058020 17.00 293
0.391667 94.00 240

0.344394 301.00 874
0.237226 65.00 274
0.496241 66.00 133
0.105691 26.00 246
0.122807 14.00 114

0.307692 272.00 884
0.017301 15.00 867
0.163636 27.00 165
0.414557 131.00 316
0.399103 89.00 223

0.549801 138.00 251
0.303030 60.00 198
0.275862 40.00 145
0.145735 123.00 844
0.024931 9.00 361

0.055556 6.00 108
0.073394 8.00 109
0.226221 88.00 389
0.909639 151.00 166
0.036667 11.00 300

0.224806 58.00 258
0.063063 7.00 111
0.320675 76.00 237
0.084577 17.00 201
0.609848 161.00 264

0.003984 2.00 502
0.650273 119.00 183
0.192771 32.00 166
0.309443 272.00 879
0.138554 23.00 166

0.160804 32.00 199
0.209459 124.00 592
0.304636 92.00 302
0.032986 19.00 576
0.595506 159.00 267

