0.314815 51.00 162
0.484848 80.00 165
0.465649 122.00 262
0.207622 158.00 761
0.230648 146.00 633

0.234234 78.00 333
0.183333 99.00 540
0.055172 24.00 435
0.267717 34.00 127
0.960969 714.00 743

0.555556 120.00 216
0.312339 243.00 778
0.448276 273.00 609
0.154574 49.00 317
0.228690 110.00 481

0.377049 46.00 122
0.687500 99.00 144
0.497925 120.00 241
0.007812 1.00 128
0.128655 22.00 171

0.192857 27.00 140
0.655574 394.00 601
0.041905 22.00 525
0.196721 24.00 122
0.611538 159.00 260

0.244444 33.00 135
0.114504 30.00 262
0.703704 76.00 108
0.590164 72.00 122
0.044444 6.00 135

0.644287 547.00 849
0.530752 233.00 439
0.200542 74.00 369
0.133886 113.00 844
0.190616 130.00 682

0.539157 179.00 332
0.438838 287.00 654
0.200000 21.00 105
0.274510 28.00 102
0.248062 32.00 129

0.243056 35.00 144
0.142450 50.00 351
0.827907 178.00 215
0.286585 47.00 164
0.200873 46.00 229

0.111554 84.00 753
0.364149 323.00 887
0.521739 60.00 115
0.623515 525.00 842
0.083591 27.00 323

0.167883 23.00 137
0.347826 120.00 345
0.015464 3.00 194
0.210046 46.00 219
0.963636 212.00 220

0.119869 73.00 609
0.529126 109.00 206
0.248588 88.00 354
0.488189 62.00 127
0.315849 277.00 877

0.452632 129.00 285
0.783019 83.00 106
0.264674 248.00 937
0.143357 82.00 572
0.063380 9.00 142

0.267857 150.00 560
0.134021 26.00 194
0.096970 16.00 165
0.908127 257.00 283
0.294118 40.00 136

0.007080 4.00 565
0.687131 582.00 847
0.452899 125.00 276
0.098726 31.00 314
0.453254 383.00 845

0.609053 148.00 243
0.447458 132.00 295
0.255486 163.00 638
0.028090 5.00 178
0.361022 113.00 313

0.325811 231.00 709
0.294118 110.00 374
0.709220 200.00 282
0.317365 53.00 167
0.050000 14.00 280

0.505071 249.00 493
0.596694 361.00 605
0.307860 141.00 458
0.280105 214.00 764
0.010152 2.00 197

0.363803 199.00 547
0.472574 224.00 474
0.404040 160.00 396
0.412903 64.00 155
0.050234 43.00 856

0.124503 94.00 755
0.204420 148.00 724
0.337243 115.00 341
0.668831 103.00 154
0.366925 142.00 387

0.379221 292.00 770
0.172727 133.00 770
0.509615 53.00 104
0.227431 131.00 576
0.417476 43.00 103

0.120381 101.00 839
0.310976 51.00 164
0.292553 55.00 188
0.147887 21.00 142
0.828729 150.00 181

0.350649 189.00 539
0.112188 81.00 722
0.370536 332.00 896
0.154684 71.00 459
0.711055 566.00 796

0.487395 58.00 119
0.885852 551.00 622
0.237288 42.00 177
0.051054 46.00 901
0.033639 11.00 327

0.245098 25.00 102
0.262411 37.00 141
0.238971 65.00 272
0.835165 304.00 364
0.116279 20.00 172

0.080925 28.00 346
0.788489 548.00 695
0.713710 354.00 496
0.092199 13.00 141
0.023697 5.00 211

0.482759 434.00 899
0.022866 15.00 656
0.260870 48.00 184
0.610294 83.00 136
0.319101 142.00 445

0.679487 106.00 156
0.107884 52.00 482
0.220253 87.00 395
0.561983 68.00 121
0.133758 21.00 157

0.227723 69.00 303
0.473214 53.00 112
0.158170 121.00 765
0.185129 122.00 659
0.655172 171.00 261

0.073143 64.00 875
0.921011 583.00 633
0.191781 28.00 146
0.346479 123.00 355
0.169295 161.00 951

0.693548 344.00 496
0.469298 107.00 228
0.252475 102.00 404
0.192568 57.00 296
0.093525 13.00 139

0.093567 16.00 171
0.441860 266.00 602
0.232236 134.00 577
0.472574 112.00 237
0.456647 79.00 173

0.641618 111.00 173
0.665339 334.00 502
0.018466 13.00 704
0.098446 19.00 193
0.280992 68.00 242

0.515695 115.00 223
0.040373 13.00 322
0.110000 44.00 400
0.115917 67.00 578
0.917582 167.00 182

0.519685 66.00 127
0.474138 55.00 116
0.035253 30.00 851
0.030303 22.00 726
0.641081 593.00 925

0.078767 23.00 292
0.821538 267.00 325
0.395809 340.00 859
0.380952 40.00 105
0.020000 8.00 400

0.108333 26.00 240
0.790224 388.00 491
0.171171 38.00 222
0.285396 256.00 897
0.343066 47.00 137

0.751037 181.00 241
0.296959 166.00 559
0.415966 99.00 238
0.049180 27.00 549
0.187500 117.00 624

0.398876 71.00 178
0.129464 29.00 224
0.106419 63.00 592
0.142857 34.00 238
0.927536 256.00 276

0.584821 262.00 448
0.252650 143.00 566
0.065831 21.00 319
0.609589 89.00 146
0.183486 80.00 436

0.275449 46.00 167
0.388145 203.00 523
0.232558 30.00 129
0.679045 256.00 377
0.120635 114.00 945

0.469880 78.00 166
0.231939 61.00 263
0.446602 46.00 103
0.409357 70.00 171
0.148325 31.00 209

0.730300 658.00 901
0.090909 25.00 275
0.076720 29.00 378
0.596059 121.00 203
0.208877 80.00 383

0.277950 179.00 644
0.349239 344.00 985
0.760000 95.00 125
0.288104 155.00 538
0.028681 15.00 523

0.012295 6.00 488
0.070796 8.00 113
0.721212 714.00 990
0.542929 215.00 396
0.352601 61.00 173

0.189189 77.00 407
0.220690 32.00 145
0.436090 58.00 133
0.160714 54.00 336
0.687075 404.00 588

0.216495 84.00 388
0.324401 230.00 709
0.934473 328.00 351
0.049020 5.00 102
0.177590 84.00 473

0.207921 21.00 101
0.302632 46.00 152
0.876761 249.00 284
0.097804 49.00 501
0.216129 67.00 310

0.423554 410.00 968
0.398058 82.00 206
0.614973 230.00 374
0.079618 25.00 314
0.184332 40.00 217

0.115016 36.00 313
0.187817 37.00 197
0.793358 215.00 271
0.047222 17.00 360
0.556075 119.00 214

0.081232 29.00 357
0.716172 434.00 606
0.637681 88.00 138
0.030769 6.00 195
0.234160 170.00 726

0.001445 1.00 692
0.022901 3.00 131
0.390533 66.00 169
0.363184 73.00 201
0.921053 385.00 418

0.812937 465.00 572
0.346154 234.00 676
0.006944 1.00 144
0.262222 59.00 225
0.269841 51.00 189

0.792135 141.00 178
0.205357 23.00 112
0.451411 432.00 957
0.220892 203.00 919
0.029189 27.00 925

0.938511 290.00 309
0.271186 32.00 118
0.109453 44.00 402
0.289474 44.00 152
0.085443 27.00 316

0.605749 295.00 487
0.166667 26.00 156
0.001715 1.00 583
0.291005 110.00 378
0.631683 319.00 505

0.483516 132.00 273
0.115385 78.00 676
0.724739 416.00 574
0.062893 10.00 159
0.316456 50.00 158

0.855422 213.00 249
0.419192 166.00 396
0.166439 122.00 733
0.116041 34.00 293
0.145098 37.00 255

0.033854 13.00 384
0.079365 20.00 252
0.480896 365.00 759
0.673913 124.00 184
0.432653 106.00 245

0.205696 65.00 316
0.147500 59.00 400
0.859467 581.00 676
0.165584 153.00 924
0.320917 112.00 349

0.280423 106.00 378
0.333333 47.00 141
0.014874 13.00 874
0.280000 35.00 125
0.792969 203.00 256

0.182912 152.00 831
0.077419 12.00 155
0.909502 201.00 221
0.220957 97.00 439
0.305797 211.00 690

0.250444 141.00 563
0.429730 159.00 370
0.454918 111.00 244
0.049861 18.00 361
0.516245 286.00 554

0.471393 379.00 804
0.228682 59.00 258
0.349398 145.00 415
0.345612 319.00 923
0.299145 35.00 117

0.695238 146.00 210
0.015064 13.00 863
0.702290 92.00 131
0.025907 5.00 193
0.261993 71.00 271

0.116129 18.00 155
0.892537 299.00 335
0.275168 41.00 149
0.083969 33.00 393
0.337693 284.00 841

0.186788 82.00 439
0.521739 132.00 253
0.441365 207.00 469
0.454206 243.00 535
0.094758 47.00 496

0.283505 110.00 388
0.652065 521.00 799
0.062069 9.00 145
0.356436 36.00 101
0.347826 72.00 207

0.309474 147.00 475
0.812950 113.00 139
0.330330 110.00 333
0.048035 11.00 229
0.197842 55.00 278

0.300442 204.00 679
0.247396 95.00 384
0.520505 165.00 317
0.061341 43.00 701
0.570281 142.00 249

0.257310 44.00 171
0.371014 256.00 690
0.135593 16.00 118
0.030864 15.00 486
0.900990 91.00 101

0.555326 537.00 967
0.759563 139.00 183
0.145038 57.00 393
0.203947 31.00 152
0.036842 14.00 380

0.346484 202.00 583
0.059322 7.00 118
0.291399 227.00 779
0.334507 190.00 568
0.671591 591.00 880

0.109756 36.00 328
0.787204 566.00 719
0.165354 42.00 254
0.015337 5.00 326
0.623256 134.00 215

0.192192 128.00 666
0.662100 145.00 219
0.171908 82.00 477
0.093220 11.00 118
0.582915 116.00 199

0.769231 190.00 247
0.120419 23.00 191
0.364364 364.00 999
0.145969 67.00 459
0.298630 109.00 365

0.035088 4.00 114
0.040000 6.00 150
0.370425 253.00 683
0.813665 655.00 805
0.439110 375.00 854

0.958175 252.00 263
0.526316 60.00 114
0.127479 45.00 353
0.014778 3.00 203
0.069565 16.00 230

0.230769 36.00 156
0.279616 262.00 937
0.499040 260.00 521
0.234234 52.00 222
0.454039 163.00 359

0.967647 329.00 340
0.025584 23.00 899
0.051903 15.00 289
0.421546 360.00 854
0.231678 196.00 846

0.520833 75.00 144
0.268293 44.00 164
0.127179 124.00 975
0.615176 227.00 369
0.164425 110.00 669

0.272321 122.00 448
0.419552 206.00 491
0.068182 24.00 352
0.274809 36.00 131
0.661458 127.00 192

0.505882 86.00 170
0.010363 2.00 193
0.602305 209.00 347
0.360465 217.00 602
0.218000 218.00 1000

0.022599 8.00 354
0.024540 4.00 163
0.909091 200.00 220
0.134653 68.00 505
0.605634 172.00 284

0.449552 401.00 892
0.357955 126.00 352
0.310345 36.00 116
0.252252 84.00 333
0.333333 37.00 111

0.708000 177.00 250
0.285398 129.00 452
0.008511 2.00 235
0.248175 68.00 274
0.448322 334.00 745

0.409938 66.00 161
0.169388 83.00 490
0.085766 47.00 548
0.714286 80.00 112
0.318519 43.00 135

0.029126 3.00 103
0.326923 51.00 156
0.776699 80.00 103
0.447785 283.00 632
0.113333 34.00 300

0.354412 241.00 680
0.620939 172.00 277
0.009868 3.00 304
0.389646 286.00 734
0.323171 159.00 492

0.322289 107.00 332
0.063625 53.00 833
0.912088 415.00 455
0.057041 32.00 561
0.345361 67.00 194

0.941581 822.00 873
0.077002 75.00 974
0.393600 246.00 625
0.268456 80.00 298
0.019971 14.00 701

0.757618 547.00 722
0.264423 55.00 208
0.009709 6.00 618
0.139241 33.00 237
0.529644 134.00 253

0.117117 13.00 111
0.038934 19.00 488
0.773292 249.00 322
0.345070 49.00 142
0.418440 59.00 141

0.228395 37.00 162
0.585366 168.00 287
0.220859 36.00 163
0.349345 80.00 229
0.318008 83.00 261

0.287004 159.00 554
0.533333 64.00 120
0.467105 71.00 152
0.364140 197.00 541
0.052061 24.00 461

0.345212 155.00 449
0.629921 80.00 127
0.005543 5.00 902
0.406504 50.00 123
0.315946 212.00 671

0.858491 91.00 106
0.093220 22.00 236
0.129944 23.00 177
0.596273 288.00 483
0.017778 4.00 225

0.179293 71.00 396
0.671835 260.00 387
0.387195 254.00 656
0.097744 13.00 133
0.364845 247.00 677

0.306804 239.00 779
0.087838 26.00 296
0.949227 430.00 453
0.080808 16.00 198
0.274611 53.00 193

0.390805 102.00 261
0.284314 232.00 816
0.811594 112.00 138
0.095694 60.00 627
0.118911 83.00 698

0.313131 124.00 396
0.177465 63.00 355
0.919540 240.00 261
0.171233 25.00 146
0.114650 18.00 157

0.008247 4.00 485
0.311111 56.00 180
0.250000 31.00 124
0.456067 109.00 239
0.675987 411.00 608

0.277174 51.00 184
0.406360 345.00 849
0.545455 78.00 143
0.302419 75.00 248
0.164444 74.00 450

0.078829 35.00 444
0.067961 14.00 206
0.748268 324.00 433
0.700730 192.00 274
0.101613 63.00 620

0.907834 197.00 217
0.284444 192.00 675
0.154331 98.00 635
0.161088 77.00 478
0.193651 183.00 945

0.407609 75.00 184
0.350000 35.00 100
0.084800 53.00 625
0.800895 358.00 447
0.055556 7.00 126

0.217172 43.00 198
0.248649 92.00 370
0.271493 60.00 221
0.669075 463.00 692
0.289048 161.00 557

0.020528 7.00 341
0.601279 282.00 469
0.843003 494.00 586
0.079470 12.00 151
0.157692 41.00 260

0.194139 106.00 546
0.017815 15.00 842
0.995624 455.00 457
0.418440 59.00 141
0.076087 21.00 276

0.252336 27.00 107
0.216216 96.00 444
0.870242 503.00 578
0.027855 20.00 718
0.334764 78.00 233

0.195838 160.00 817
0.544304 172.00 316
0.261745 39.00 149
0.383721 132.00 344
0.313665 101.00 322

0.147239 24.00 163
0.920635 116.00 126
0.093103 27.00 290
0.286481 267.00 932
0.252747 161.00 637

0.009259 1.00 108
0.199248 159.00 798
0.719858 406.00 564
0.308204 139.00 451
0.460227 81.00 176

0.617284 100.00 162
0.653179 339.00 519
0.120507 57.00 473
0.186722 45.00 241
0.121287 49.00 404

0.598886 430.00 718
0.207447 39.00 188
0.258741 148.00 572
0.193548 66.00 341
0.436090 58.00 133

0.404025 261.00 646
0.163462 17.00 104
0.405128 158.00 390
0.598148 323.00 540
0.125954 33.00 262

0.243243 27.00 111
0.281369 74.00 263
0.279214 270.00 967
0.805128 157.00 195
0.090090 20.00 222

0.495402 431.00 870
0.455090 76.00 167
0.313559 37.00 118
0.155102 38.00 245
0.282158 136.00 482

0.182609 84.00 460
0.531092 316.00 595
0.661585 217.00 328
0.073913 17.00 230
0.247059 42.00 170

0.587571 208.00 354
0.039216 4.00 102
0.231920 93.00 401
0.532000 133.00 250
0.306554 145.00 473

0.421233 123.00 292
0.682635 114.00 167
0.142361 41.00 288
0.130178 22.00 169
0.322314 39.00 121

0.582474 113.00 194
0.013453 6.00 446
0.224242 111.00 495
0.836735 615.00 735
0.047445 13.00 274

0.534483 217.00 406
0.184136 65.00 353
0.027211 4.00 147
0.569655 413.00 725
0.383648 61.00 159

0.433962 69.00 159
0.058366 15.00 257
0.464286 442.00 952
0.701220 115.00 164
0.038710 6.00 155

0.153110 32.00 209
0.730000 73.00 100
0.286667 43.00 150
0.260870 42.00 161
0.269939 44.00 163

0.562814 112.00 199
0.178988 46.00 257
0.015385 2.00 130
0.498221 140.00 281
0.447419 234.00 523

0.123077 16.00 130
0.122727 81.00 660
0.555556 160.00 288
0.361596 145.00 401
0.538462 84.00 156

0.308370 140.00 454
0.012422 2.00 161
0.125000 13.00 104
0.844595 125.00 148
0.418079 74.00 177

0.574969 464.00 807
0.154434 101.00 654
0.267677 53.00 198
0.435897 51.00 117
0.262673 57.00 217

0.183246 140.00 764
0.188161 89.00 473
0.264317 60.00 227
0.159836 39.00 244
0.905618 403.00 445

0.125000 13.00 104
0.806854 259.00 321
0.183746 52.00 283
0.194667 73.00 375
0.387402 246.00 635

0.040670 34.00 836
0.059615 31.00 520
0.247253 45.00 182
0.922414 214.00 232
0.431310 135.00 313

0.136905 69.00 504
0.570470 85.00 149
0.129496 18.00 139
0.323810 34.00 105
0.540399 515.00 953

0.181333 136.00 750
0.026531 26.00 980
0.479592 94.00 196
0.446237 83.00 186
0.568768 397.00 698

0.707317 406.00 574
0.006944 2.00 288
0.519934 313.00 602
0.448864 79.00 176
0.015695 7.00 446

0.042697 19.00 445
0.312000 39.00 125
0.147959 29.00 196
0.450331 204.00 453
0.750000 129.00 172

0.192691 58.00 301
0.392273 264.00 673
0.981333 368.00 375
0.021864 19.00 869
0.112532 44.00 391

0.502532 397.00 790
0.227147 82.00 361
0.568807 62.00 109
0.104079 74.00 711
0.296943 204.00 687

0.980769 255.00 260
0.072614 35.00 482
0.251397 45.00 179
0.315476 53.00 168
0.081818 18.00 220

0.168385 49.00 291
0.292437 174.00 595
0.586207 289.00 493
0.535065 206.00 385
0.118483 100.00 844

0.424444 191.00 450
0.449412 191.00 425
0.055202 26.00 471
0.543909 192.00 353
0.229268 47.00 205

0.142105 27.00 190
0.071642 24.00 335
0.466231 214.00 459
0.225392 158.00 701
0.794118 540.00 680

0.455947 414.00 908
0.029316 18.00 614
0.193548 54.00 279
0.244694 196.00 801
0.776993 770.00 991

0.566456 179.00 316
0.279171 256.00 917
0.171598 29.00 169
0.640078 329.00 514
0.047228 23.00 487

0.071942 10.00 139
0.266436 77.00 289
0.925546 721.00 779
0.277325 170.00 613
0.159026 111.00 698

0.257669 84.00 326
0.417910 84.00 201
0.375656 358.00 953
0.368421 217.00 589
0.278777 155.00 556

0.471545 58.00 123
0.043333 26.00 600
0.730159 184.00 252
0.130872 39.00 298
0.327434 37.00 113

0.018868 2.00 106
0.271248 150.00 553
0.779259 526.00 675
0.585062 141.00 241
0.041885 16.00 382

0.425856 112.00 263
0.043165 6.00 139
0.859813 184.00 214
0.113821 14.00 123
0.255474 35.00 137

0.012048 2.00 166
0.379928 106.00 279
0.047619 19.00 399
0.828383 251.00 303
0.434555 166.00 382

0.225166 136.00 604
0.085714 18.00 210
0.635817 529.00 832
0.414322 162.00 391
0.337979 97.00 287

0.113924 90.00 790
0.022059 3.00 136
0.146487 98.00 669
0.829167 199.00 240
0.592490 426.00 719

0.488095 82.00 168
0.318182 70.00 220
0.044304 21.00 474
0.627907 81.00 129
0.220339 39.00 177

0.292453 31.00 106
0.615385 592.00 962
0.198171 65.00 328
0.065814 36.00 547
0.529412 63.00 119

0.325871 131.00 402
0.527076 146.00 277
0.554257 332.00 599
0.245455 27.00 110
0.046729 5.00 107

0.789548 559.00 708
0.008264 1.00 121
0.226415 36.00 159
0.091877 69.00 751
0.580420 332.00 572

0.148344 112.00 755
0.385208 250.00 649
0.061538 8.00 130
0.360262 165.00 458
0.744526 102.00 137

0.891626 181.00 203
0.224249 209.00 932
0.265957 50.00 188
0.137143 24.00 175
0.179104 48.00 268

0.086207 15.00 174
0.394958 141.00 357
0.407814 334.00 819
0.800000 100.00 125
0.011385 6.00 527

0.068323 11.00 161
0.158088 43.00 272
0.432692 45.00 104
0.804428 218.00 271
0.238365 210.00 881

0.338013 313.00 926
0.070632 19.00 269
0.169300 75.00 443
0.954212 521.00 546
0.170000 17.00 100

0.542373 352.00 649
0.400000 40.00 100
0.233094 162.00 695
0.116477 41.00 352
0.410138 89.00 217

0.705882 96.00 136
0.103226 16.00 155
0.557319 316.00 567
0.186047 48.00 258
0.147139 54.00 367

0.326316 62.00 190
0.168675 42.00 249
0.663943 650.00 979
0.183267 138.00 753
0.356250 57.00 160

0.147601 40.00 271
0.092920 42.00 452
0.272959 107.00 392
0.242063 122.00 504
0.940000 94.00 100

0.016779 5.00 298
0.594744 430.00 723
0.713636 157.00 220
0.253000 253.00 1000
0.123016 31.00 252

0.378587 343.00 906
0.196406 153.00 779
0.126214 91.00 721
0.409722 59.00 144
0.586207 68.00 116

0.236641 31.00 131
0.231034 201.00 870
0.329032 102.00 310
0.536313 96.00 179
0.363229 81.00 223

0.700770 637.00 909
0.050473 16.00 317
0.504132 122.00 242
0.381579 58.00 152
0.060703 57.00 939

0.201342 60.00 298
0.294278 216.00 734
0.312693 101.00 323
0.801980 81.00 101
0.090909 13.00 143

0.300813 37.00 123
0.185000 37.00 200
0.517588 309.00 597
0.588710 219.00 372
0.109533 54.00 493

0.259804 53.00 204
0.410876 136.00 331
0.334441 302.00 903
0.052632 11.00 209
0.637609 512.00 803

0.500000 111.00 222
0.202636 123.00 607
0.133971 28.00 209
0.830000 83.00 100
0.039216 4.00 102

0.377709 122.00 323
0.203252 50.00 246
0.220000 22.00 100
0.243523 47.00 193
0.649452 415.00 639

0.386792 41.00 106
0.276786 62.00 224
0.302483 134.00 443
0.509474 242.00 475
0.230263 35.00 152

0.578125 74.00 128
0.488432 190.00 389
0.100125 80.00 799
0.441365 207.00 469
0.099099 11.00 111

0.314779 164.00 521
0.258621 105.00 406
0.082857 29.00 350
0.655172 76.00 116
0.388664 96.00 247

0.178022 81.00 455
0.031915 6.00 188
0.624096 259.00 415
0.324468 61.00 188
0.540925 152.00 281

0.029520 8.00 271
0.130137 19.00 146
0.495935 61.00 123
0.757062 134.00 177
0.286713 41.00 143

0.581699 89.00 153
0.112469 46.00 409
0.024775 22.00 888
0.444444 52.00 117
0.533800 229.00 429

0.056452 7.00 124
0.664606 430.00 647
0.469880 78.00 166
0.410448 110.00 268
0.101604 38.00 374

0.028369 28.00 987
0.091696 53.00 578
0.505155 98.00 194
0.529880 133.00 251
0.544521 477.00 876

0.355372 43.00 121
0.030702 7.00 228
0.602285 580.00 963
0.672340 158.00 235
0.042553 10.00 235

0.083636 23.00 275
0.594595 88.00 148
0.049587 24.00 484
0.865942 239.00 276
0.105839 29.00 274

0.293913 169.00 575
0.610723 262.00 429
0.110048 23.00 209
0.343856 305.00 887
0.342391 63.00 184

0.357504 212.00 593
0.041958 6.00 143
0.167273 46.00 275
0.516304 95.00 184
0.621469 110.00 177

0.441667 53.00 120
0.078125 20.00 256
0.290441 237.00 816
0.717078 697.00 972
0.175676 26.00 148

0.173333 26.00 150
0.115607 40.00 346
0.016760 3.00 179
0.625954 82.00 131
0.771044 229.00 297

0.096970 16.00 165
0.461538 90.00 195
0.681818 165.00 242
0.220339 39.00 177
0.241192 89.00 369

0.144444 39.00 270
0.486759 386.00 793
0.454144 411.00 905
0.333333 41.00 123
0.280702 80.00 285

0.382716 62.00 162
0.546875 420.00 768
0.403846 147.00 364
0.324528 172.00 530
0.045455 15.00 330

0.064286 9.00 140
0.379249 212.00 559
0.393981 288.00 731
0.098039 15.00 153
0.764317 347.00 454

0.771689 169.00 219
0.370722 195.00 526
0.084112 18.00 214
0.067901 11.00 162
0.403509 46.00 114

0.181992 95.00 522
0.921850 578.00 627
0.119658 28.00 234
0.338824 144.00 425
0.140741 19.00 135

0.599237 157.00 262
0.115578 115.00 995
0.642105 122.00 190
0.032051 10.00 312
0.311958 180.00 577

0.042373 10.00 236
0.102990 31.00 301
0.811594 112.00 138
0.578125 74.00 128
0.161654 86.00 532

0.283916 203.00 715
0.110565 90.00 814
0.449541 98.00 218
0.149635 41.00 274
0.705882 216.00 306

0.244422 241.00 986
0.390977 52.00 133
0.019802 2.00 101
0.657143 506.00 770
0.388119 196.00 505

0.723404 102.00 141
0.094955 64.00 674
0.484615 252.00 520
0.188406 91.00 483
0.209524 22.00 105

0.405941 41.00 101
0.403179 279.00 692
0.109756 27.00 246
0.476038 149.00 313
0.301587 38.00 126

0.206186 40.00 194
0.154684 71.00 459
0.951327 215.00 226
0.038991 17.00 436
0.346032 109.00 315

0.357143 70.00 196
0.138376 75.00 542
0.421550 223.00 529
0.028470 24.00 843
0.752212 85.00 113

0.030303 14.00 462
0.547297 81.00 148
0.458000 229.00 500
0.604545 133.00 220
0.062500 25.00 400

0.297297 88.00 296
0.009390 2.00 213
0.095694 40.00 418
0.372727 82.00 220
0.922460 345.00 374

0.265509 107.00 403
0.672180 447.00 665
0.562162 104.00 185
0.079208 8.00 101
0.114706 39.00 340

0.040134 12.00 299
0.235512 191.00 811
0.689076 246.00 357
0.326946 273.00 835
0.407336 211.00 518

0.370370 50.00 135
0.463768 128.00 276
0.068287 59.00 864
0.003460 1.00 289
0.794899 748.00 941

0.304878 50.00 164
0.899281 375.00 417
0.183516 167.00 910
0.309322 73.00 236
0.004587 1.00 218

0.100372 27.00 269
0.233503 46.00 197
0.011016 9.00 817
0.901840 147.00 163
0.449438 120.00 267

0.198758 32.00 161
0.372093 272.00 731
0.084175 25.00 297
0.690537 270.00 391
0.352941 48.00 136

0.312665 237.00 758
0.580972 574.00 988
0.223958 43.00 192
0.496753 153.00 308
0.086022 16.00 186

0.152866 96.00 628
0.480916 63.00 131
0.353535 245.00 693
0.141079 34.00 241
0.567213 346.00 610

0.583893 87.00 149
0.040431 15.00 371
0.127341 34.00 267
0.840659 153.00 182
0.107296 25.00 233

0.406977 70.00 172
0.112245 77.00 686
0.481481 52.00 108
0.286765 78.00 272
0.410256 80.00 195

0.853933 228.00 267
0.103960 21.00 202
0.635057 221.00 348
0.039683 5.00 126
0.070470 21.00 298

0.211180 34.00 161
0.445026 340.00 764
0.100000 18.00 180
0.544681 256.00 470
0.396694 96.00 242

0.581395 75.00 129
0.504918 154.00 305
0.007692 2.00 260
0.350427 82.00 234
0.257143 45.00 175

0.313187 114.00 364
0.532000 399.00 750
0.567073 93.00 164
0.263636 203.00 770
0.024719 11.00 445

0.391304 135.00 345
0.841772 133.00 158
0.393401 310.00 788
0.060465 13.00 215
0.015686 4.00 255

0.038095 4.00 105
0.005115 2.00 391
0.964758 657.00 681
0.057325 27.00 471
0.632911 150.00 237

0.135000 27.00 200
0.788927 228.00 289
0.137662 53.00 385
0.137387 122.00 888
0.500000 179.00 358

0.294964 123.00 417
0.090164 11.00 122
0.286751 158.00 551
0.734513 83.00 113
0.292308 76.00 260

0.092369 23.00 249
0.950000 133.00 140
0.156757 29.00 185
0.171340 55.00 321
0.328652 117.00 356

0.228108 211.00 925
0.523901 274.00 523
0.186577 139.00 745
0.371158 157.00 423
0.391982 176.00 449

0.036088 31.00 859
0.080357 9.00 112
0.478417 133.00 278
0.878187 310.00 353
0.219697 29.00 132

0.015267 2.00 131
0.689655 80.00 116
0.264151 28.00 106
0.150513 132.00 877
0.583501 290.00 497

0.134357 70.00 521
0.963303 105.00 109
0.491187 418.00 851
0.109870 59.00 537
0.001748 1.00 572

0.805369 120.00 149
0.655518 196.00 299
0.054878 9.00 164
0.145833 21.00 144
0.037457 33.00 881

0.537634 200.00 372
0.120805 18.00 149
0.594828 69.00 116
0.387560 81.00 209
0.062500 10.00 160

0.361345 258.00 714
0.050847 6.00 118
0.563518 173.00 307
0.302500 121.00 400
0.421875 54.00 128

0.371859 74.00 199
0.326829 67.00 205
0.379845 49.00 129
0.600000 141.00 235
0.025172 11.00 437

0.616071 345.00 560
0.225728 93.00 412
0.146096 58.00 397
0.492492 164.00 333
0.218519 118.00 540

0.004016 2.00 498
0.972973 108.00 111
0.270677 36.00 133
0.450549 82.00 182
0.002571 1.00 389

0.179181 105.00 586
0.313929 151.00 481
0.513264 445.00 867
0.626350 580.00 926
0.069307 14.00 202

0.102941 14.00 136
0.246988 41.00 166
0.292593 79.00 270
0.150353 149.00 991
0.915888 98.00 107

0.251351 186.00 740
0.740000 111.00 150
0.322176 154.00 478
0.369538 296.00 801
0.016364 9.00 550

0.232323 46.00 198
0.746377 618.00 828
0.026042 5.00 192
0.558140 96.00 172
0.135417 26.00 192

0.398305 47.00 118
0.288000 144.00 500
0.189189 21.00 111
0.659574 248.00 376
0.168937 62.00 367

0.524096 174.00 332
0.128137 97.00 757
0.156425 84.00 537
0.402010 80.00 199
0.486647 164.00 337

0.137324 39.00 284
0.126050 15.00 119
0.896797 252.00 281
0.423025 316.00 747
0.111111 18.00 162

0.070175 12.00 171
0.380952 40.00 105
0.897010 810.00 903
0.012308 8.00 650
0.341772 54.00 158

0.770609 215.00 279
0.309091 34.00 110
0.013480 11.00 816
0.585586 585.00 999
0.016768 11.00 656

0.373418 59.00 158
0.016667 3.00 180
0.354054 131.00 370
0.043243 8.00 185
0.913793 106.00 116

0.538012 184.00 342
0.056338 8.00 142
0.270936 165.00 609
0.060294 41.00 680
0.773153 743.00 961

0.284501 134.00 471
0.655462 78.00 119
0.039548 7.00 177
0.062069 9.00 145
0.660508 286.00 433

0.110860 98.00 884
0.015152 2.00 132
0.443478 51.00 115
0.371429 39.00 105
0.754839 117.00 155

0.309434 82.00 265
0.589744 184.00 312
0.115702 14.00 121
0.530086 185.00 349
0.157480 40.00 254

0.390000 78.00 200
0.241379 70.00 290
0.106061 56.00 528
0.366460 59.00 161
0.597561 490.00 820

0.431925 92.00 213
0.135135 15.00 111
0.781690 111.00 142
0.084211 16.00 190
0.266667 56.00 210

0.428571 63.00 147
0.212815 93.00 437
0.147415 134.00 909
0.214437 101.00 471
0.697297 387.00 555

0.168161 75.00 446
0.083333 9.00 108
0.221429 62.00 280
0.985240 801.00 813
0.235897 46.00 195

0.492105 187.00 380
0.189189 28.00 148
0.457529 237.00 518
0.125000 21.00 168
0.435714 122.00 280

0.097959 24.00 245
0.365449 110.00 301
0.776685 553.00 712
0.422414 49.00 116
0.037671 33.00 876

0.325879 102.00 313
0.241681 138.00 571
0.201149 35.00 174
0.494565 91.00 184
0.438066 145.00 331

0.794326 112.00 141
0.279001 190.00 681
0.161497 151.00 935
0.034247 5.00 146
0.435045 288.00 662

0.243824 227.00 931
0.432039 356.00 824
0.373786 77.00 206
0.221393 178.00 804
0.426966 76.00 178

0.393443 48.00 122
0.278689 34.00 122
0.421725 264.00 626
0.046992 25.00 532
0.562637 256.00 455

0.167286 45.00 269
0.848921 118.00 139
0.306306 34.00 111
0.145455 24.00 165
0.236842 36.00 152

0.466667 49.00 105
0.116505 12.00 103
0.877551 301.00 343
0.038462 6.00 156
0.200000 44.00 220

0.284444 64.00 225
0.189922 98.00 516
0.395990 316.00 798
0.326613 81.00 248
0.500000 182.00 364

0.094711 77.00 813
0.925234 99.00 107
0.197861 37.00 187
0.208029 57.00 274
0.273936 103.00 376

0.480769 50.00 104
0.295082 54.00 183
0.531993 291.00 547
0.004202 1.00 238
0.392857 110.00 280

0.230071 228.00 991
0.018519 9.00 486
0.261494 91.00 348
0.238971 65.00 272
0.950000 152.00 160

0.242206 101.00 417
0.222222 138.00 621
0.473684 351.00 741
0.307210 98.00 319
0.455782 201.00 441

0.438328 430.00 981
0.831858 282.00 339
0.053571 21.00 392
0.359890 131.00 364
0.017308 9.00 520

0.157706 88.00 558
0.360627 207.00 574
0.367799 249.00 677
0.584158 59.00 101
0.234973 129.00 549

0.321503 154.00 479
0.240000 30.00 125
0.364322 290.00 796
0.232456 106.00 456
0.539843 481.00 891

0.609375 78.00 128
0.084249 23.00 273
0.372928 135.00 362
0.096491 11.00 114
0.539352 466.00 864

0.247761 83.00 335
0.054455 22.00 404
0.114094 17.00 149
0.815385 106.00 130
0.464789 165.00 355

0.620112 111.00 179
0.096970 16.00 165
0.209110 202.00 966
0.276224 79.00 286
0.494781 237.00 479

0.519380 67.00 129
0.343820 306.00 890
0.706215 125.00 177
0.050542 28.00 554
0.080679 38.00 471

0.684492 128.00 187
0.038710 18.00 465
0.091918 58.00 631
0.221014 61.00 276
0.662393 310.00 468

0.137255 14.00 102
0.085271 11.00 129
0.434859 247.00 568
0.441729 235.00 532
0.597668 205.00 343

0.076389 11.00 144
0.144068 119.00 826
0.527397 231.00 438
0.505910 428.00 846
0.451128 60.00 133

0.152905 50.00 327
0.147321 33.00 224
0.843284 113.00 134
0.169557 88.00 519
0.385827 49.00 127

0.044811 19.00 424
0.341071 191.00 560
0.209677 39.00 186
0.473945 191.00 403
0.631944 91.00 144

0.145433 121.00 832
0.110048 23.00 209
0.979620 721.00 736
0.285714 60.00 210
0.179372 120.00 669

0.414754 253.00 610
0.108571 19.00 175
0.600000 162.00 270
0.335707 330.00 983
0.241667 29.00 120

0.039841 10.00 251
0.063953 11.00 172
0.035599 11.00 309
0.744076 157.00 211
0.816038 346.00 424

0.961340 373.00 388
0.198777 65.00 327
0.260997 89.00 341
0.055215 9.00 163
0.226562 29.00 128

0.605166 164.00 271
0.056962 9.00 158
0.416413 137.00 329
0.467181 121.00 259
0.156202 102.00 653

0.263258 139.00 528
0.285481 175.00 613
0.044199 8.00 181
0.767391 353.00 460
0.341637 192.00 562

0.276829 227.00 820
0.382775 80.00 209
0.197605 99.00 501
0.484127 61.00 126
0.359676 355.00 987

0.506579 77.00 152
0.583663 443.00 759
0.333333 50.00 150
0.162162 18.00 111
0.116645 89.00 763

0.175299 44.00 251
0.783034 480.00 613
0.518868 55.00 106
0.144033 35.00 243
0.082955 73.00 880

0.167347 41.00 245
0.504000 252.00 500
0.818323 527.00 644
0.068410 68.00 994
0.142487 55.00 386

0.240876 66.00 274
0.320513 100.00 312
0.579365 73.00 126
0.251592 79.00 314
0.306931 62.00 202

0.352632 67.00 190
0.277778 35.00 126
0.607330 116.00 191
0.151163 39.00 258
0.309179 64.00 207

0.624113 88.00 141
0.385827 49.00 127
0.325175 93.00 286
0.281407 56.00 199
0.088636 39.00 440

0.819820 91.00 111
0.027273 9.00 330
0.067215 49.00 729
0.748654 417.00 557
0.040541 9.00 222

0.167808 49.00 292
0.454545 75.00 165
0.579439 62.00 107
0.467949 73.00 156
0.033755 16.00 474

0.235714 33.00 140
0.450000 225.00 500
0.016807 2.00 119
0.557103 200.00 359
0.444984 275.00 618

0.533981 55.00 103
0.374245 186.00 497
0.347619 73.00 210
0.078341 34.00 434
0.361842 55.00 152

0.379555 375.00 988
0.085526 78.00 912
0.137097 17.00 124
0.321101 35.00 109
0.777778 126.00 162

0.003180 2.00 629
0.707453 636.00 899
0.287540 90.00 313
0.509240 248.00 487
0.191781 42.00 219

0.419935 257.00 612
0.017192 12.00 698
0.410180 137.00 334
0.683007 209.00 306
0.169683 150.00 884

0.229911 103.00 448
0.629371 90.00 143
0.029310 17.00 580
0.408511 192.00 470
0.399543 175.00 438

0.329897 96.00 291
0.120390 111.00 922
0.347267 108.00 311
0.358779 47.00 131
0.541401 340.00 628

0.228571 64.00 280
0.317460 40.00 126
0.272016 139.00 511
0.598131 64.00 107
0.283019 30.00 106

0.761589 345.00 453
0.032609 6.00 184
0.691358 280.00 405
0.065934 24.00 364
0.150000 39.00 260

0.827350 484.00 585
0.136042 77.00 566
0.368932 152.00 412
0.149660 22.00 147
0.216904 213.00 982

0.346626 113.00 326
0.176309 128.00 726
0.477778 129.00 270
0.073643 19.00 258
0.626016 77.00 123

0.294737 84.00 285
0.232523 153.00 658
0.197425 46.00 233
0.404000 101.00 250
0.569106 70.00 123

0.041667 5.00 120
0.257310 44.00 171
0.649123 74.00 114
0.317955 255.00 802
0.430052 83.00 193

0.079086 45.00 569
0.552632 147.00 266
0.586687 379.00 646
0.432540 109.00 252
0.050562 9.00 178

0.040000 9.00 225
0.312336 119.00 381
0.235127 83.00 353
0.627660 118.00 188
0.484252 123.00 254

0.001174 1.00 852
0.667254 379.00 568
0.193103 168.00 870
0.068966 26.00 377
0.770950 276.00 358

0.041860 9.00 215
0.626536 510.00 814
0.737288 87.00 118
0.107865 48.00 445
0.184701 99.00 536

0.086694 43.00 496
0.097744 13.00 133
0.419624 201.00 479
0.934307 128.00 137
0.163594 142.00 868

0.029570 11.00 372
0.286022 266.00 930
0.514433 499.00 970
0.460905 112.00 243
0.406504 100.00 246

0.098592 14.00 142
0.242152 54.00 223
0.398551 55.00 138
0.632552 513.00 811
0.326360 78.00 239

0.417323 53.00 127
0.137097 34.00 248
0.821656 387.00 471
0.199187 49.00 246
0.123894 14.00 113

0.069565 8.00 115
0.098592 21.00 213
0.464481 85.00 183
0.306773 77.00 251
0.754167 362.00 480

0.307167 180.00 586
0.570248 138.00 242
0.238281 61.00 256
0.527591 392.00 743
0.056376 42.00 745

0.354938 115.00 324
0.190476 36.00 189
0.181217 137.00 756
0.493827 80.00 162
0.478208 395.00 826

0.695000 417.00 600
0.005405 1.00 185
0.331210 52.00 157
0.293737 136.00 463
0.371648 97.00 261

0.058621 17.00 290
0.654237 193.00 295
0.489293 457.00 934
0.295918 174.00 588
0.202555 111.00 548

0.481687 434.00 901
0.077071 40.00 519
0.067586 49.00 725
0.904348 208.00 230
0.174757 18.00 103

0.019802 2.00 101
0.136364 15.00 110
0.358000 179.00 500
0.280000 63.00 225
0.906250 551.00 608

0.045082 11.00 244
0.275641 43.00 156
0.657061 228.00 347
0.099099 11.00 111
0.623902 355.00 569

0.122807 49.00 399
0.090517 21.00 232
0.595843 258.00 433
0.303279 37.00 122
0.587719 67.00 114

0.376384 306.00 813
0.138889 20.00 144
0.021680 8.00 369
0.497738 110.00 221
0.665605 627.00 942

0.355224 119.00 335
0.512195 63.00 123
0.404762 136.00 336
0.254658 246.00 966
0.169611 48.00 283

0.053030 14.00 264
0.136483 52.00 381
0.680851 320.00 470
0.796875 153.00 192
0.033333 13.00 390

0.646302 201.00 311
0.377358 40.00 106
0.063380 9.00 142
0.440594 89.00 202
0.171271 31.00 181

0.592920 134.00 226
0.528409 93.00 176
0.043943 37.00 842
0.406091 80.00 197
0.131886 79.00 599

0.255319 36.00 141
0.150000 18.00 120
0.615942 85.00 138
0.330049 67.00 203
0.349315 306.00 876

0.328652 234.00 712
0.078212 14.00 179
0.810026 614.00 758
0.208333 40.00 192
0.273148 59.00 216

0.052326 9.00 172
0.610354 224.00 367
0.498525 169.00 339
0.100503 80.00 796
0.441509 351.00 795

0.450106 212.00 471
0.958140 206.00 215
0.041284 27.00 654
0.044776 6.00 134
0.200758 53.00 264

0.100251 40.00 399
0.865672 290.00 335
0.527066 185.00 351
0.096045 34.00 354
0.111842 17.00 152

0.370166 134.00 362
0.108911 11.00 101
0.653701 521.00 797
0.142373 42.00 295
0.425329 356.00 837

0.054622 13.00 238
0.643678 168.00 261
0.430894 53.00 123
0.455823 454.00 996
0.117216 96.00 819

0.683761 560.00 819
0.650919 496.00 762
0.144279 29.00 201
0.017668 5.00 283
0.203463 47.00 231

0.347032 76.00 219
0.773585 246.00 318
0.297904 199.00 668
0.040000 5.00 125
0.236876 185.00 781

0.280374 60.00 214
0.570533 182.00 319
0.041958 30.00 715
0.195122 24.00 123
0.607547 322.00 530

0.501873 134.00 267
0.224638 124.00 552
0.601942 62.00 103
0.299213 38.00 127
0.069964 58.00 829

0.177273 117.00 660
0.773333 116.00 150
0.307311 248.00 807
0.361022 113.00 313
0.079673 78.00 979

0.225995 193.00 854
0.386221 185.00 479
0.355932 315.00 885
0.095238 30.00 315
0.636656 198.00 311

0.015544 3.00 193
0.600000 225.00 375
0.485232 115.00 237
0.505282 287.00 568
0.097950 43.00 439

0.797468 126.00 158
0.026490 4.00 151
0.477778 172.00 360
0.056009 48.00 857
0.346154 81.00 234

0.601695 71.00 118
0.451923 188.00 416
0.206799 73.00 353
0.032061 21.00 655
0.403341 169.00 419

0.527778 76.00 144
0.105691 78.00 738
0.086957 18.00 207
0.552486 300.00 543
0.423077 55.00 130

0.011029 3.00 272
0.128788 34.00 264
0.962687 129.00 134
0.066038 7.00 106
0.534562 116.00 217

0.235099 71.00 302
0.632184 165.00 261
0.412281 47.00 114
0.366972 360.00 981
0.056213 19.00 338

0.304738 238.00 781
0.025641 4.00 156
0.774617 354.00 457
0.477157 376.00 788
0.116495 113.00 970

0.205357 46.00 224
0.071161 19.00 267
0.623967 151.00 242
0.597865 336.00 562
0.200000 23.00 115

0.285024 59.00 207
0.398323 190.00 477
0.127932 60.00 469
0.346154 54.00 156
0.539863 237.00 439

0.472727 104.00 220
0.155738 76.00 488
0.259690 67.00 258
0.140385 73.00 520
0.672043 125.00 186

0.307018 105.00 342
0.063830 12.00 188
0.282883 157.00 555
0.662890 234.00 353
0.380645 59.00 155

0.360849 153.00 424
0.083333 58.00 696
0.415954 146.00 351
0.579493 503.00 868
0.261628 45.00 172

0.542214 289.00 533
0.198538 163.00 821
0.003831 1.00 261
0.920000 184.00 200
0.035632 31.00 870

0.336323 75.00 223
0.064516 8.00 124
0.214286 39.00 182
0.538117 120.00 223
0.545220 422.00 774

0.006036 3.00 497
0.685950 83.00 121
0.206897 72.00 348
0.423280 240.00 567
0.380711 150.00 394

0.542587 344.00 634
0.290123 141.00 486
0.632353 86.00 136
0.209205 50.00 239
0.022059 3.00 136

0.880096 734.00 834
0.114618 69.00 602
0.224057 95.00 424
0.006897 1.00 145
0.469799 140.00 298

0.550000 88.00 160
0.150000 18.00 120
0.962185 229.00 238
0.028986 6.00 207
0.006623 2.00 302

0.102908 46.00 447
0.141791 19.00 134
0.257143 36.00 140
0.463415 95.00 205
0.736364 162.00 220

0.913420 422.00 462
0.088670 18.00 203
0.261905 33.00 126
0.028846 3.00 104
0.402214 109.00 271

0.318777 292.00 916
0.277778 90.00 324
0.605263 92.00 152
0.136126 26.00 191
0.360947 61.00 169

0.136929 33.00 241
0.195813 159.00 812
0.286957 99.00 345
0.472868 61.00 129
0.606202 391.00 645

0.141844 20.00 141
0.430769 56.00 130
0.356364 98.00 275
0.270149 181.00 670
0.504505 56.00 111

0.594444 214.00 360
0.027190 9.00 331
0.460215 428.00 930
0.267135 152.00 569
0.351220 72.00 205

0.520000 78.00 150
0.039474 6.00 152
0.612245 150.00 245
0.471455 256.00 543
0.056693 36.00 635

0.299296 85.00 284
0.489209 136.00 278
0.081013 32.00 395
0.791667 171.00 216
0.036545 11.00 301

0.164179 44.00 268
0.385650 86.00 223
0.022222 3.00 135
0.369775 115.00 311
0.759414 363.00 478

0.354015 97.00 274
0.008883 7.00 788
0.644860 207.00 321
0.071856 24.00 334
0.617647 126.00 204

0.297683 167.00 561
0.537037 58.00 108
0.680057 474.00 697
0.082353 21.00 255
0.099119 45.00 454

0.709877 115.00 162
0.478632 56.00 117
0.322757 295.00 914
0.143750 23.00 160
0.040248 13.00 323

0.139683 88.00 630
0.211632 131.00 619
0.211726 65.00 307
0.346591 61.00 176
0.788770 295.00 374

0.244216 190.00 778
0.213740 28.00 131
0.337719 154.00 456
0.095890 14.00 146
0.807107 159.00 197

0.611111 99.00 162
0.030513 22.00 721
0.078534 15.00 191
0.417785 249.00 596
0.561497 525.00 935

0.018293 3.00 164
0.159213 89.00 559
0.073394 8.00 109
0.478582 324.00 677
0.975610 560.00 574

0.328542 160.00 487
0.652439 107.00 164
0.517533 428.00 827
0.125000 47.00 376
0.081535 68.00 834

0.445455 441.00 990
0.583095 407.00 698
0.173184 31.00 179
0.406780 48.00 118
0.096970 16.00 165

0.008559 6.00 701
0.706215 125.00 177
0.106145 19.00 179
0.818981 466.00 569
0.063636 7.00 110

0.180328 22.00 122
0.086957 26.00 299
0.008816 7.00 794
0.912500 146.00 160
0.513841 297.00 578

0.582011 110.00 189
0.236641 31.00 131
0.295238 31.00 105
0.357143 130.00 364
0.219780 100.00 455

0.200000 24.00 120
0.096174 93.00 967
0.512605 122.00 238
0.442708 85.00 192
0.449597 446.00 992

0.650246 132.00 203
0.419811 89.00 212
0.464355 241.00 519
0.030405 9.00 296
0.140244 23.00 164

0.263889 38.00 144
0.048689 13.00 267
0.607273 167.00 275
0.519071 313.00 603
0.256506 138.00 538

0.536585 110.00 205
0.148825 57.00 383
0.111111 17.00 153
0.823944 117.00 142
0.082840 56.00 676

0.065502 15.00 229
0.201258 32.00 159
0.748252 321.00 429
0.175573 23.00 131
0.505556 182.00 360

0.593220 105.00 177
0.506198 490.00 968
0.127072 23.00 181
0.347887 247.00 710
0.127726 82.00 642

0.025316 8.00 316
0.601930 499.00 829
0.392813 317.00 807
0.108216 54.00 499
0.572246 400.00 699

0.249198 233.00 935
0.227679 51.00 224
0.372671 60.00 161
0.666667 330.00 495
0.179775 32.00 178

0.361781 195.00 539
0.724852 245.00 338
0.311304 179.00 575
0.291161 168.00 577
0.007843 2.00 255

0.196382 76.00 387
0.587963 381.00 648
0.571250 457.00 800
0.316176 86.00 272
0.027730 16.00 577

0.127490 32.00 251
0.406091 160.00 394
0.132812 17.00 128
0.866142 110.00 127
0.166667 47.00 282

0.469194 198.00 422
0.454545 65.00 143
0.394231 41.00 104
0.366013 168.00 459
0.010417 2.00 192

0.457380 220.00 481
0.500829 302.00 603
0.044521 13.00 292
0.505400 468.00 926
0.193627 79.00 408

0.237113 69.00 291
0.484144 458.00 946
0.220297 89.00 404
0.338308 68.00 201
0.418410 200.00 478

0.707602 121.00 171
0.465035 133.00 286
0.303435 159.00 524
0.089431 11.00 123
0.142857 26.00 182

0.647059 154.00 238
0.675595 227.00 336
0.148649 22.00 148
0.115108 16.00 139
0.116071 26.00 224

0.271186 32.00 118
0.701657 127.00 181
0.374346 286.00 764
0.339768 176.00 518
0.014799 14.00 946

0.147692 48.00 325
0.128312 92.00 717
0.257143 72.00 280
0.752381 79.00 105
0.417069 259.00 621

0.295031 95.00 322
0.406349 256.00 630
0.640000 96.00 150
0.186275 95.00 510
0.172161 47.00 273

0.289575 75.00 259
0.107843 11.00 102
0.126866 17.00 134
0.995652 229.00 230
0.182578 153.00 838

0.541401 85.00 157
0.552632 84.00 152
0.500000 166.00 332
0.083004 21.00 253
0.025988 25.00 962

0.103152 36.00 349
0.660668 257.00 389
0.201835 44.00 218
0.492537 66.00 134
0.247788 28.00 113

0.387316 342.00 883
0.496094 127.00 256
0.312069 181.00 580
0.360902 48.00 133
0.140762 48.00 341

0.473131 405.00 856
0.094872 37.00 390
0.225532 53.00 235
0.179523 128.00 713
0.728477 110.00 151

0.062030 33.00 532
0.362069 105.00 290
0.224609 115.00 512
0.893333 201.00 225
0.161404 92.00 570

0.094488 12.00 127
0.865443 283.00 327
0.291262 30.00 103
0.319032 290.00 909
0.128000 32.00 250

0.458438 182.00 397
0.397394 244.00 614
0.197239 100.00 507
0.254237 45.00 177
0.390445 237.00 607

0.272871 173.00 634
0.290038 230.00 793
0.118227 24.00 203
0.751121 335.00 446
0.268707 79.00 294

0.367647 250.00 680
0.191268 92.00 481
0.040909 9.00 220
0.804795 470.00 584
0.294118 40.00 136

0.546584 176.00 322
0.070248 17.00 242
0.284431 95.00 334
0.725620 439.00 605
0.074380 45.00 605

0.975904 162.00 166
0.123636 34.00 275
0.072993 10.00 137
0.476190 50.00 105
0.052928 47.00 888

0.562500 189.00 336
0.049595 49.00 988
0.111111 12.00 108
0.380838 318.00 835
0.596396 331.00 555

0.512658 162.00 316
0.436508 110.00 252
0.398922 148.00 371
0.173077 126.00 728
0.181058 65.00 359

0.250000 82.00 328
0.096774 96.00 992
0.488889 66.00 135
0.358808 277.00 772
0.503650 69.00 137

0.011594 8.00 690
0.417526 81.00 194
0.529197 145.00 274
0.346457 44.00 127
0.398148 43.00 108

0.434164 122.00 281
0.321656 101.00 314
0.462428 80.00 173
0.457207 203.00 444
0.019802 8.00 404

0.647975 416.00 642
0.259786 73.00 281
0.191304 88.00 460
0.532258 132.00 248
0.066210 29.00 438

0.976608 501.00 513
0.321168 44.00 137
0.156134 42.00 269
0.092150 54.00 586
0.154964 128.00 826

0.185714 26.00 140
0.022388 6.00 268
0.493739 276.00 559
0.235577 49.00 208
0.757282 78.00 103

0.064748 9.00 139
0.071429 67.00 938
0.526066 222.00 422
0.323899 103.00 318
0.714286 260.00 364

0.536977 167.00 311
0.023256 4.00 172
0.607792 234.00 385
0.204420 37.00 181
0.320513 50.00 156

0.576613 143.00 248
0.065817 31.00 471
0.883495 91.00 103
0.142857 17.00 119
0.037209 16.00 430

0.541069 415.00 767
0.054455 11.00 202
0.590909 78.00 132
0.363946 107.00 294
0.153465 31.00 202

0.235725 161.00 683
0.993930 655.00 659
0.090734 47.00 518
0.094512 31.00 328
0.286496 157.00 548

0.046296 5.00 108
0.894366 127.00 142
0.148515 30.00 202
0.380531 43.00 113
0.227053 47.00 207

0.197183 28.00 142
0.855072 118.00 138
0.119919 59.00 492
0.298865 237.00 793
0.225000 45.00 200

0.536585 66.00 123
0.510158 226.00 443
0.194712 162.00 832
0.432432 272.00 629
0.029014 15.00 517

0.647887 184.00 284
0.296296 32.00 108
0.273267 138.00 505
0.095016 61.00 642
0.393443 120.00 305

0.467890 51.00 109
0.084746 10.00 118
0.023392 4.00 171
0.987288 233.00 236
0.144444 26.00 180

0.366920 193.00 526
0.114907 37.00 322
0.347059 59.00 170
0.780864 253.00 324
0.094787 20.00 211

0.297561 61.00 205
0.385827 49.00 127
0.736318 296.00 402
0.007752 2.00 258
0.270221 147.00 544

0.157096 145.00 923
0.093112 73.00 784
0.709677 418.00 589
0.373993 325.00 869
0.365239 145.00 397

0.567783 356.00 627
0.168067 160.00 952
0.683673 402.00 588
0.244275 128.00 524
0.037313 5.00 134

0.620879 113.00 182
0.339130 39.00 115
0.267097 207.00 775
0.226891 54.00 238
0.247093 170.00 688

0.694611 116.00 167
0.098305 29.00 295
0.565495 177.00 313
0.117139 95.00 811
0.222874 152.00 682

0.062087 47.00 757
0.187643 82.00 437
0.397351 60.00 151
0.376812 78.00 207
0.673469 99.00 147

0.698630 102.00 146
0.565395 415.00 734
0.019048 2.00 105
0.091797 47.00 512
0.324190 260.00 802

0.097561 12.00 123
0.074074 36.00 486
0.974110 301.00 309
0.333333 37.00 111
0.221154 23.00 104

0.039052 28.00 717
0.935404 753.00 805
0.040625 13.00 320
0.428723 403.00 940
0.253968 32.00 126

0.483101 243.00 503
0.004630 3.00 648
0.823864 145.00 176
0.272727 102.00 374
0.117021 22.00 188

0.374718 166.00 443
0.464497 157.00 338
0.267990 108.00 403
0.169811 27.00 159
0.418994 300.00 716

0.117117 13.00 111
0.038877 36.00 926
0.598684 91.00 152
0.494845 192.00 388
0.455556 164.00 360

0.339257 210.00 619
0.082840 14.00 169
0.288000 36.00 125
0.666667 78.00 117
0.325779 230.00 706

0.484127 122.00 252
0.445783 111.00 249
0.009174 1.00 109
0.400839 382.00 953
0.362245 142.00 392

0.236593 75.00 317
0.126866 17.00 134
0.266667 60.00 225
0.784615 102.00 130
0.288660 84.00 291

0.310023 133.00 429
0.074219 19.00 256
0.173432 47.00 271
0.601423 338.00 562
0.540484 514.00 951

0.437850 391.00 893
0.062500 17.00 272
0.357798 39.00 109
0.500000 50.00 100
0.345865 46.00 133

0.394402 155.00 393
0.454545 215.00 473
0.271186 32.00 118
0.254717 27.00 106
0.323684 123.00 380

0.376119 126.00 335
0.355140 190.00 535
0.215909 57.00 264
0.712074 230.00 323
0.039024 8.00 205

0.425270 276.00 649
0.478571 67.00 140
0.383085 231.00 603
0.358650 85.00 237
0.057416 12.00 209

0.566879 89.00 157
0.695906 357.00 513
0.259414 124.00 478
0.043478 7.00 161
0.139423 29.00 208

0.411765 322.00 782
0.023499 18.00 766
0.972441 247.00 254
0.186080 131.00 704
0.103030 17.00 165

0.985765 277.00 281
0.090909 13.00 143
0.068182 12.00 176
0.198795 33.00 166
0.353591 64.00 181

0.549372 306.00 557
0.252941 86.00 340
0.123584 120.00 971
0.522876 240.00 459
0.251177 160.00 637

0.741818 204.00 275
0.171171 38.00 222
0.163636 144.00 880
0.090278 13.00 144
0.534014 157.00 294

0.267857 45.00 168
0.565836 159.00 281
0.089109 9.00 101
0.691275 206.00 298
0.085616 50.00 584

0.306494 118.00 385
0.181818 44.00 242
0.170103 33.00 194
0.980132 148.00 151
0.060478 43.00 711

0.045704 25.00 547
0.451477 107.00 237
0.354667 266.00 750
0.389418 368.00 945
0.458537 94.00 205

0.251908 33.00 131
0.430657 177.00 411
0.147416 97.00 658
0.815217 150.00 184
0.052000 13.00 250

0.192857 27.00 140
0.918699 113.00 123
0.389091 107.00 275
0.146497 23.00 157
0.043011 8.00 186

0.140541 26.00 185
0.189815 82.00 432
0.924623 368.00 398
0.343558 56.00 163
0.100257 78.00 778

0.268456 40.00 149
0.339806 35.00 103
0.954674 337.00 353
0.070946 21.00 296
0.075758 10.00 132

0.666667 164.00 246
0.027721 27.00 974
0.440000 55.00 125
0.297552 158.00 531
0.269565 31.00 115

0.090909 36.00 396
0.244369 217.00 888
0.142012 72.00 507
0.803636 663.00 825
0.419403 281.00 670

0.156069 27.00 173
0.232772 152.00 653
0.348780 143.00 410
0.007342 5.00 681
0.956916 422.00 441

0.256863 131.00 510
0.038023 10.00 263
0.759931 440.00 579
0.046154 24.00 520
0.596859 570.00 955

0.299363 47.00 157
0.567657 344.00 606
0.041841 10.00 239
0.449153 106.00 236
0.345865 92.00 266

0.127517 114.00 894
0.828571 87.00 105
0.502165 464.00 924
0.090909 11.00 121
0.150794 19.00 126

0.776350 302.00 389
0.094801 31.00 327
0.263400 172.00 653
0.341637 96.00 281
0.221675 180.00 812

0.573379 504.00 879
0.050872 35.00 688
0.174705 163.00 933
0.547325 266.00 486
0.357143 80.00 224

0.156522 18.00 115
0.527485 451.00 855
0.101215 25.00 247
0.883562 129.00 146
0.029851 6.00 201

0.304348 35.00 115
0.265363 190.00 716
0.403226 100.00 248
0.020513 4.00 195
0.707182 256.00 362

0.453846 59.00 130
0.642005 269.00 419
0.247881 234.00 944
0.282913 101.00 357
0.070270 26.00 370

0.592593 64.00 108
0.493177 253.00 513
0.222222 108.00 486
0.319549 85.00 266
0.075862 55.00 725

0.521127 74.00 142
0.333333 183.00 549
0.537736 57.00 106
0.199074 172.00 864
0.110677 85.00 768

0.175214 41.00 234
0.879870 271.00 308
0.172481 89.00 516
0.109405 57.00 521
0.361233 82.00 227

0.053659 11.00 205
0.331671 133.00 401
0.241758 66.00 273
0.407821 73.00 179
0.666667 426.00 639

0.609589 267.00 438
0.074830 11.00 147
0.142424 47.00 330
0.024691 12.00 486
0.848576 566.00 667

0.145558 77.00 529
0.328767 48.00 146
0.439189 65.00 148
0.417693 373.00 893
0.369748 44.00 119

0.254032 63.00 248
0.219239 98.00 447
0.345794 37.00 107
0.373333 56.00 150
0.506083 416.00 822

0.013672 7.00 512
0.199041 83.00 417
0.053097 6.00 113
0.854396 311.00 364
0.577513 339.00 587

0.102857 36.00 350
0.022822 11.00 482
0.631579 108.00 171
0.228814 54.00 236
0.710280 76.00 107

0.490323 76.00 155
0.550725 76.00 138
0.163462 85.00 520
0.494382 88.00 178
0.003636 1.00 275

0.460123 450.00 978
0.897661 307.00 342
0.125307 51.00 407
0.115873 73.00 630
0.099526 42.00 422

0.112821 22.00 195
0.270936 220.00 812
0.264901 40.00 151
0.218085 41.00 188
0.828694 387.00 467

0.359170 329.00 916
0.095975 31.00 323
0.250765 82.00 327
0.872629 322.00 369
0.124031 32.00 258

0.473684 72.00 152
0.548872 292.00 532
0.150000 18.00 120
0.521368 244.00 468
0.008032 8.00 996

0.119205 18.00 151
0.163636 36.00 220
0.277174 255.00 920
0.474394 176.00 371
0.668203 145.00 217

0.230216 32.00 139
0.279639 217.00 776
0.545852 375.00 687
0.205202 71.00 346
0.440945 336.00 762

0.393822 204.00 518
0.634731 212.00 334
0.046729 5.00 107
0.558025 226.00 405
0.061290 19.00 310

0.735030 491.00 668
0.302632 46.00 152
0.072626 13.00 179
0.452055 99.00 219
0.135211 48.00 355

0.108108 12.00 111
0.177449 96.00 541
0.207420 123.00 593
0.702703 78.00 111
0.504902 103.00 204

0.187291 112.00 598
0.014458 12.00 830
0.782609 126.00 161
0.318841 66.00 207
0.394737 60.00 152

0.081967 10.00 122
0.010050 6.00 597
0.790323 98.00 124
0.222222 26.00 117
0.597152 587.00 983

0.415020 210.00 506
0.182482 75.00 411
0.383838 152.00 396
0.183628 83.00 452
0.537234 101.00 188

0.126984 56.00 441
0.025641 5.00 195
0.361905 38.00 105
0.837233 823.00 983
0.345000 69.00 200

0.913534 486.00 532
0.171838 72.00 419
0.037168 21.00 565
0.518428 211.00 407
0.061728 20.00 324

0.046512 26.00 559
0.013514 2.00 148
0.584219 385.00 659
0.642405 203.00 316
0.413882 161.00 389

0.178144 119.00 668
0.668478 369.00 552
0.685535 545.00 795
0.144231 15.00 104
0.023148 5.00 216

0.324895 77.00 237
0.408397 107.00 262
0.103448 12.00 116
0.217054 28.00 129
0.646845 533.00 824

0.303430 115.00 379
0.207265 97.00 468
0.459893 86.00 187
0.683356 505.00 739
0.047619 19.00 399

0.081784 44.00 538
0.047120 9.00 191
0.527174 388.00 736
0.496241 66.00 133
0.549598 410.00 746

0.542751 438.00 807
0.335347 222.00 662
0.132075 14.00 106
0.011412 8.00 701
0.676692 90.00 133

0.221154 69.00 312
0.586325 343.00 585
0.195444 163.00 834
0.460000 46.00 100
0.233010 24.00 103

0.720238 121.00 168
0.015873 6.00 378
0.792899 134.00 169
0.006711 1.00 149
0.160000 20.00 125

0.177984 173.00 972
0.257143 45.00 175
0.299145 35.00 117
0.236036 131.00 555
0.727124 445.00 612

0.418478 77.00 184
0.403509 69.00 171
0.653333 98.00 150
0.182796 119.00 651
0.045396 35.00 771

0.149606 19.00 127
0.746988 124.00 166
0.481481 78.00 162
0.084430 77.00 912
0.235119 79.00 336

0.055172 8.00 145
0.157480 40.00 254
0.454849 136.00 299
0.938028 666.00 710
0.095238 22.00 231

0.633540 102.00 161
0.111111 28.00 252
0.078212 14.00 179
0.425887 204.00 479
0.451337 422.00 935

0.116071 39.00 336
0.437811 264.00 603
0.800000 760.00 950
0.150000 15.00 100
0.192691 58.00 301

0.161905 17.00 105
0.074074 24.00 324
0.256267 92.00 359
0.759259 123.00 162
0.447368 51.00 114

0.812500 104.00 128
0.100418 48.00 478
0.325953 265.00 813
0.405660 344.00 848
0.059406 6.00 101

0.643875 226.00 351
0.026611 19.00 714
0.359184 88.00 245
0.411765 56.00 136
0.259406 131.00 505

0.201780 136.00 674
0.090000 9.00 100
0.177622 127.00 715
0.658730 166.00 252
0.573235 544.00 949

0.328244 43.00 131
0.507692 66.00 130
0.005128 2.00 390
0.410596 62.00 151
0.456897 53.00 116

0.129985 88.00 677
0.339286 57.00 168
0.426630 157.00 368
0.612867 543.00 886
0.188406 39.00 207

0.766667 115.00 150
0.430108 80.00 186
0.129564 110.00 849
0.004283 2.00 467
0.368056 53.00 144

0.077253 18.00 233
0.438914 291.00 663
0.260274 38.00 146
0.725352 103.00 142
0.197697 103.00 521

0.351027 205.00 584
0.690972 199.00 288
0.184466 38.00 206
0.334601 88.00 263
0.140704 28.00 199

0.439153 83.00 189
0.168421 64.00 380
0.957880 705.00 736
0.068429 44.00 643
0.064882 63.00 971

0.565299 303.00 536
0.247934 30.00 121
0.022155 22.00 993
0.196203 31.00 158
0.675000 135.00 200

0.486974 243.00 499
0.295652 34.00 115
0.771795 602.00 780
0.005747 1.00 174
0.141176 24.00 170

0.149573 70.00 468
0.253582 177.00 698
0.859327 281.00 327
0.088698 62.00 699
0.349112 177.00 507

0.709898 208.00 293
0.030794 19.00 617
0.223577 55.00 246
0.428571 192.00 448
0.306306 136.00 444

0.097695 89.00 911
0.016917 9.00 532
0.033557 5.00 149
0.854054 158.00 185
0.695779 478.00 687

0.650000 78.00 120
0.821918 360.00 438
0.050602 21.00 415
0.060175 55.00 914
0.115427 104.00 901

0.176944 66.00 373
0.341637 288.00 843
0.195161 121.00 620
0.407407 66.00 162
0.578571 81.00 140

0.057377 7.00 122
0.268750 43.00 160
0.225455 62.00 275
0.531532 118.00 222
0.613014 179.00 292

0.295238 93.00 315
0.533898 378.00 708
0.311508 157.00 504
0.336134 40.00 119
0.221488 134.00 605

0.464567 118.00 254
0.606164 354.00 584
0.051136 9.00 176
0.068287 59.00 864
0.506587 423.00 835

0.278714 182.00 653
0.075209 27.00 359
0.336815 129.00 383
0.026846 4.00 149
0.981928 326.00 332

0.737948 597.00 809
0.322727 71.00 220
0.326053 209.00 641
0.236364 104.00 440
0.077670 16.00 206

0.366337 37.00 101
0.428000 428.00 1000
0.040650 10.00 246
0.818182 108.00 132
0.045775 13.00 284

0.293388 71.00 242
0.738318 79.00 107
0.043716 8.00 183
0.274336 31.00 113
0.358844 211.00 588

0.124473 59.00 474
0.333333 305.00 915
0.442478 50.00 113
0.321321 107.00 333
0.476489 152.00 319

0.816489 307.00 376
0.046584 30.00 644
0.275395 122.00 443
0.326316 248.00 760
0.237354 61.00 257

0.429630 58.00 135
0.235195 139.00 591
0.407595 322.00 790
0.455172 66.00 145
0.173285 96.00 554

0.347561 228.00 656
0.500800 313.00 625
0.182432 54.00 296
0.625954 82.00 131
0.049180 6.00 122

0.224852 76.00 338
0.700000 371.00 530
0.205882 42.00 204
0.310976 51.00 164
0.255230 122.00 478

0.136364 48.00 352
0.708861 168.00 237
0.388181 335.00 863
0.013986 2.00 143
0.455959 264.00 579

0.725490 74.00 102
0.136523 117.00 857
0.627451 64.00 102
0.161359 76.00 471
0.049315 18.00 365

0.507160 425.00 838
0.232804 44.00 189
0.022869 22.00 962
0.200000 89.00 445
0.732955 129.00 176

0.128205 35.00 273
0.567718 306.00 539
0.012500 4.00 320
0.073529 15.00 204
0.918552 609.00 663

0.168224 18.00 107
0.251701 37.00 147
0.403561 272.00 674
0.666667 146.00 219
0.212366 79.00 372

0.426994 348.00 815
0.386468 337.00 872
0.154229 31.00 201
0.404669 104.00 257
0.326087 75.00 230

0.693846 451.00 650
0.289617 53.00 183
0.279762 94.00 336
0.073333 22.00 300
0.365079 46.00 126

0.715789 136.00 190
0.486842 74.00 152
0.075820 74.00 976
0.246689 149.00 604
0.176000 22.00 125

0.625000 480.00 768
0.054409 29.00 533
0.520000 117.00 225
0.315789 198.00 627
0.184000 23.00 125

0.219124 55.00 251
0.534535 356.00 666
0.003584 1.00 279
0.761111 274.00 360
0.182927 30.00 164

0.517398 342.00 661
0.438356 128.00 292
0.141772 112.00 790
0.421144 243.00 577
0.179803 146.00 812

0.152778 44.00 288
0.477707 450.00 942
0.786624 247.00 314
0.250729 86.00 343
0.033058 4.00 121

0.296089 53.00 179
0.350467 150.00 428
0.410405 71.00 173
0.016216 3.00 185
0.622047 79.00 127

0.334129 140.00 419
0.622517 94.00 151
0.150685 33.00 219
0.395939 78.00 197
0.201111 181.00 900

0.165842 67.00 404
0.461066 225.00 488
0.154110 45.00 292
0.200000 41.00 205
0.718310 102.00 142

0.350000 35.00 100
0.090411 33.00 365
0.570533 182.00 319
0.082569 36.00 436
0.605263 253.00 418

0.167665 28.00 167
0.550847 65.00 118
0.319527 54.00 169
0.254395 246.00 967
0.409910 91.00 222

0.932836 125.00 134
0.006024 1.00 166
0.317010 246.00 776
0.074219 38.00 512
0.368750 118.00 320

0.299094 99.00 331
0.160256 50.00 312
0.442857 248.00 560
0.022556 12.00 532
0.779188 614.00 788

0.744770 178.00 239
0.592715 179.00 302
0.158837 71.00 447
0.032374 9.00 278
0.173228 44.00 254

0.433164 256.00 591
0.172549 44.00 255
0.030769 6.00 195
0.384030 101.00 263
0.678284 253.00 373

0.040580 14.00 345
0.812592 555.00 683
0.116279 40.00 344
0.675472 179.00 265
0.050898 17.00 334

0.095588 26.00 272
0.011940 4.00 335
0.466216 69.00 148
0.342077 313.00 915
0.783333 94.00 120

0.704478 472.00 670
0.623711 121.00 194
0.147783 30.00 203
0.043796 6.00 137
0.181102 46.00 254

0.081633 12.00 147
0.466527 446.00 956
0.056338 32.00 568
0.652174 120.00 184
0.444890 222.00 499

0.086093 13.00 151
0.188645 103.00 546
0.242424 40.00 165
0.922426 654.00 709
0.261981 82.00 313

0.050265 19.00 378
0.210000 42.00 200
0.656025 637.00 971
0.217054 28.00 129
0.569048 478.00 840

0.358639 137.00 382
0.158892 109.00 686
0.666667 280.00 420
0.118590 37.00 312
0.397436 93.00 234

0.245000 49.00 200
0.762712 90.00 118
0.177656 97.00 546
0.239766 41.00 171
0.276382 110.00 398

0.052893 32.00 605
0.493421 75.00 152
0.350000 238.00 680
0.686131 94.00 137
0.122642 13.00 106

0.082317 27.00 328
0.468085 132.00 282
0.643110 182.00 283
0.496732 152.00 306
0.006061 2.00 330

0.007617 7.00 919
0.401869 43.00 107
0.420000 84.00 200
0.430233 259.00 602
0.440341 155.00 352

0.055886 47.00 841
0.008264 1.00 121
0.855769 89.00 104
0.683333 164.00 240
0.099792 48.00 481

0.145005 135.00 931
0.564885 74.00 131
0.216981 46.00 212
0.596273 96.00 161
0.177150 138.00 779

0.441509 117.00 265
0.272340 64.00 235
0.171053 65.00 380
0.286754 197.00 687
0.525000 63.00 120

0.708595 338.00 477
0.898973 525.00 584
0.005618 1.00 178
0.042945 21.00 489
0.042553 10.00 235

0.140000 84.00 600
0.038217 6.00 157
0.410622 317.00 772
0.687179 134.00 195
0.423767 378.00 892

0.332226 100.00 301
0.192182 59.00 307
0.284553 35.00 123
0.644604 448.00 695
0.249221 80.00 321

0.249284 87.00 349
0.668394 129.00 193
0.328671 47.00 143
0.135613 115.00 848
0.321101 35.00 109

0.281818 248.00 880
0.437401 276.00 631
0.731241 536.00 733
0.039370 10.00 254
0.210526 32.00 152

0.150685 44.00 292
0.204651 44.00 215
0.353659 87.00 246
0.519231 81.00 156
0.469965 266.00 566

0.071211 70.00 983
0.630137 92.00 146
0.644040 389.00 604
0.322727 71.00 220
0.036697 12.00 327

0.125000 94.00 752
0.089041 13.00 146
0.163793 19.00 116
0.677582 538.00 794
0.640000 160.00 250

0.403061 237.00 588
0.276423 68.00 246
0.457265 321.00 702
0.328571 69.00 210
0.235795 83.00 352

0.027363 11.00 402
0.821086 257.00 313
0.244681 92.00 376
0.506173 82.00 162
0.101796 17.00 167

0.315900 151.00 478
0.415584 64.00 154
0.273973 40.00 146
0.075071 53.00 706
0.615789 117.00 190

0.072848 22.00 302
0.789346 326.00 413
0.213836 34.00 159
0.189815 41.00 216
0.436364 96.00 220

0.731959 639.00 873
0.046729 5.00 107
0.584416 90.00 154
0.243590 38.00 156
0.093586 89.00 951

0.069182 11.00 159
0.299539 65.00 217
0.145993 133.00 911
0.242086 130.00 537
0.943723 218.00 231

0.376238 190.00 505
0.462366 86.00 186
0.151239 116.00 767
0.657492 430.00 654
0.053254 27.00 507

0.217391 50.00 230
0.043860 5.00 114
0.358311 263.00 734
0.410112 73.00 178
0.669347 666.00 995

0.501799 279.00 556
0.259259 35.00 135
0.234954 203.00 864
0.619413 485.00 783
0.084507 18.00 213

0.368932 152.00 412
0.182891 124.00 678
0.356688 112.00 314
0.480392 49.00 102
0.309160 81.00 262

0.157303 98.00 623
0.390625 125.00 320
0.023196 9.00 388
0.641667 77.00 120
0.489655 284.00 580

0.801056 455.00 568
0.245823 103.00 419
0.010000 1.00 100
0.115830 30.00 259
0.520325 64.00 123

0.386445 325.00 841
0.017391 4.00 230
0.838509 135.00 161
0.256055 222.00 867
0.197411 61.00 309

0.040541 6.00 148
0.012474 6.00 481
0.801444 666.00 831
0.326241 46.00 141
0.517296 329.00 636

0.322581 60.00 186
0.350427 41.00 117
0.433333 78.00 180
0.332663 331.00 995
0.259912 236.00 908

0.267241 31.00 116
0.045918 9.00 196
0.378556 173.00 457
0.737209 317.00 430
0.273927 83.00 303

0.155462 74.00 476
0.120530 91.00 755
0.368263 123.00 334
0.777423 730.00 939
0.278912 41.00 147

0.984270 438.00 445
0.032037 28.00 874
0.055675 26.00 467
0.476744 82.00 172
0.156250 35.00 224

0.760304 701.00 922
0.157210 133.00 846
0.180751 77.00 426
0.263158 135.00 513
0.336585 138.00 410

0.471986 278.00 589
0.647059 165.00 255
0.035616 13.00 365
0.397590 198.00 498
0.147965 120.00 811

0.060109 11.00 183
0.478873 136.00 284
0.460106 173.00 376
0.087591 24.00 274
0.614925 206.00 335

0.154440 40.00 259
0.650685 95.00 146
0.001767 1.00 566
0.624765 333.00 533
0.266940 260.00 974

0.380734 166.00 436
0.680672 81.00 119
0.080000 8.00 100
0.284264 56.00 197
0.277228 28.00 101

0.793711 631.00 795
0.196881 101.00 513
0.204545 135.00 660
0.406250 52.00 128
0.100437 23.00 229

0.417351 356.00 853
0.843972 119.00 141
0.211921 32.00 151
0.046358 7.00 151
0.180223 113.00 627

0.038991 17.00 436
0.293028 269.00 918
0.535836 471.00 879
0.283495 146.00 515
0.547059 93.00 170

0.677641 494.00 729
0.219430 131.00 597
0.417293 111.00 266
0.293785 52.00 177
0.087379 9.00 103

0.035503 12.00 338
0.376559 151.00 401
0.784466 404.00 515
0.320939 164.00 511
0.186335 30.00 161

0.175573 23.00 131
0.340000 119.00 350
0.135321 59.00 436
0.808463 363.00 449
0.239482 74.00 309

0.699422 121.00 173
0.386700 157.00 406
0.433962 46.00 106
0.128079 78.00 609
0.052261 52.00 995

0.132231 16.00 121
0.174274 42.00 241
0.830560 549.00 661
0.068063 39.00 573
0.494565 91.00 184

0.238806 176.00 737
0.712230 297.00 417
0.198529 27.00 136
0.181818 40.00 220
0.373856 286.00 765

0.025157 4.00 159
0.928910 196.00 211
0.357143 40.00 112
0.068047 23.00 338
0.322211 309.00 959

0.271357 108.00 398
0.463198 365.00 788
0.659048 346.00 525
0.143740 93.00 647
0.160714 126.00 784

0.496124 64.00 129
0.555556 65.00 117
0.020492 5.00 244
0.554455 56.00 101
0.079861 23.00 288

0.392000 49.00 125
0.631868 115.00 182
0.471074 57.00 121
0.010638 2.00 188
0.192913 49.00 254

0.174648 62.00 355
0.106061 21.00 198
0.801347 238.00 297
0.283019 30.00 106
0.330769 43.00 130

0.896813 591.00 659
0.532319 140.00 263
0.045296 13.00 287
0.123832 53.00 428
0.102351 74.00 723

0.097387 41.00 421
0.394822 122.00 309
0.724444 163.00 225
0.146907 57.00 388
0.335155 184.00 549

0.308249 213.00 691
0.333861 211.00 632
0.167300 44.00 263
0.832000 104.00 125
0.060914 12.00 197

0.124402 26.00 209
0.589552 79.00 134
0.786192 353.00 449
0.027719 13.00 469
0.168269 35.00 208

0.486275 248.00 510
0.216783 31.00 143
0.497396 191.00 384
0.280488 69.00 246
0.219124 55.00 251

0.070845 26.00 367
0.108974 17.00 156
0.175258 51.00 291
0.408228 129.00 316
0.937500 105.00 112

0.015504 2.00 129
0.185410 61.00 329
0.692308 72.00 104
0.648515 262.00 404
0.164384 120.00 730

0.028455 7.00 246
0.719008 174.00 242
0.656338 466.00 710
0.152632 29.00 190
0.143460 34.00 237

0.218553 139.00 636
0.506881 221.00 436
0.030435 7.00 230
0.122863 115.00 936
0.819383 186.00 227

0.117021 55.00 470
0.278846 116.00 416
0.124101 69.00 556
0.433962 46.00 106
0.744755 213.00 286

0.226131 45.00 199
0.156794 135.00 861
0.478170 230.00 481
0.253623 105.00 414
0.587302 148.00 252

0.772093 166.00 215
0.250842 149.00 594
0.031250 14.00 448
0.516393 126.00 244
0.133221 79.00 593

0.128174 106.00 827
0.715084 128.00 179
0.352697 85.00 241
0.233824 159.00 680
0.269649 223.00 827

0.287169 141.00 491
0.149038 31.00 208
0.218519 59.00 270
0.317919 55.00 173
0.727829 238.00 327

0.918919 102.00 111
0.079012 32.00 405
0.007874 1.00 127
0.629328 309.00 491
0.067189 60.00 893

0.238095 55.00 231
0.044715 44.00 984
0.245455 27.00 110
0.621622 161.00 259
0.548148 74.00 135

0.214120 185.00 864
0.588875 487.00 827
0.815927 625.00 766
0.002604 1.00 384
0.076190 8.00 105

0.263158 30.00 114
0.397436 62.00 156
0.088670 18.00 203
0.570423 81.00 142
0.381503 66.00 173

0.736486 327.00 444
0.023810 8.00 336
0.276923 72.00 260
0.257384 61.00 237
0.407850 239.00 586

0.387387 43.00 111
0.123249 44.00 357
0.224138 65.00 290
0.322775 214.00 663
0.636872 228.00 358

0.431034 50.00 116
0.658940 398.00 604
0.054726 11.00 201
0.118943 27.00 227
0.440072 246.00 559

0.140401 49.00 349
0.239669 29.00 121
0.759843 193.00 254
0.519737 158.00 304
0.040123 13.00 324

0.368852 45.00 122
0.187500 159.00 848
0.382716 62.00 162
0.289720 31.00 107
0.471204 90.00 191

0.138686 19.00 137
0.649007 98.00 151
0.032787 4.00 122
0.635983 152.00 239
0.238806 80.00 335

0.168317 17.00 101
0.463840 186.00 401
0.718553 457.00 636
0.100000 18.00 180
0.246930 181.00 733

0.183761 86.00 468
0.184211 28.00 152
0.061611 26.00 422
0.421687 105.00 249
0.851351 126.00 148

0.878477 600.00 683
0.381295 53.00 139
0.233161 45.00 193
0.181996 93.00 511
0.020958 14.00 668

0.252427 26.00 103
0.243187 116.00 477
0.201923 42.00 208
0.690647 96.00 139
0.321705 83.00 258

0.196013 59.00 301
0.272727 51.00 187
0.665349 505.00 759
0.078467 43.00 548
0.486891 260.00 534

0.718954 220.00 306
0.478992 57.00 119
0.154589 32.00 207
0.295285 119.00 403
0.051613 16.00 310

0.991525 117.00 118
0.393750 126.00 320
0.014063 9.00 640
0.169154 34.00 201
0.129630 14.00 108

0.529101 100.00 189
0.269231 70.00 260
0.421769 62.00 147
0.334347 110.00 329
0.140078 36.00 257

0.558704 138.00 247
0.136767 77.00 563
0.296610 35.00 118
0.018310 13.00 710
0.688963 618.00 897

0.179445 110.00 613
0.053571 15.00 280
0.767327 155.00 202
0.090909 11.00 121
0.608247 295.00 485

0.795876 386.00 485
0.054196 31.00 572
0.069199 51.00 737
0.029932 22.00 735
0.751572 239.00 318

0.144038 122.00 847
0.006993 1.00 143
0.720721 160.00 222
0.274972 245.00 891
0.557823 82.00 147

0.107256 68.00 634
0.125290 54.00 431
0.534562 116.00 217
0.003311 1.00 302
0.931159 771.00 828

0.133106 78.00 586
0.027972 4.00 143
0.446759 193.00 432
0.513274 58.00 113
0.581006 104.00 179

0.745152 269.00 361
0.121019 19.00 157
0.801489 323.00 403
0.011862 10.00 843
0.020134 3.00 149

0.138889 15.00 108
0.055838 11.00 197
0.404124 392.00 970
0.890110 405.00 455
0.212851 106.00 498

0.904014 518.00 573
0.514706 70.00 136
0.002695 2.00 742
0.168612 130.00 771
0.108481 55.00 507

0.396341 65.00 164
0.198675 30.00 151
0.077465 11.00 142
0.867470 648.00 747
0.161628 139.00 860

0.333333 49.00 147
0.572727 63.00 110
0.511002 209.00 409
0.095382 95.00 996
0.187970 25.00 133

0.423358 58.00 137
0.403509 69.00 171
0.221277 52.00 235
0.066667 10.00 150
0.589474 280.00 475

0.487685 198.00 406
0.647934 392.00 605
0.333333 77.00 231
0.102310 31.00 303
0.126984 16.00 126

0.528000 132.00 250
0.210614 127.00 603
0.090196 23.00 255
0.435331 138.00 317
0.438530 346.00 789

0.762376 77.00 101
0.110092 12.00 109
0.128463 102.00 794
0.439189 130.00 296
0.264591 136.00 514

0.495352 373.00 753
0.082305 40.00 486
0.736527 246.00 334
0.110383 101.00 915
0.274123 125.00 456

0.523179 79.00 151
0.099291 14.00 141
0.079088 59.00 746
0.095057 25.00 263
0.909091 470.00 517

0.074157 33.00 445
0.063720 62.00 973
0.152968 67.00 438
0.787115 562.00 714
0.619048 65.00 105

0.889503 322.00 362
0.096051 90.00 937
0.222930 35.00 157
0.084866 60.00 707
0.408644 208.00 509

0.154213 97.00 629
0.088889 12.00 135
0.592885 150.00 253
0.798583 789.00 988
0.064968 51.00 785

0.351266 222.00 632
0.195719 64.00 327
0.405204 109.00 269
0.487500 156.00 320
0.259459 96.00 370

0.408898 193.00 472
0.115702 28.00 242
0.246606 109.00 442
0.416822 223.00 535
0.510345 74.00 145

0.132512 86.00 649
0.215935 187.00 866
0.172727 19.00 110
0.995311 849.00 853
0.184874 22.00 119

0.404580 53.00 131
0.088272 70.00 793
0.577218 527.00 913
0.283019 30.00 106
0.345455 38.00 110

0.070336 23.00 327
0.522936 114.00 218
0.336957 279.00 828
0.495798 177.00 357
0.276786 155.00 560

0.180243 104.00 577
0.372430 308.00 827
0.046185 23.00 498
0.154964 64.00 413
0.947917 455.00 480

0.206406 58.00 281
0.189781 26.00 137
0.213307 109.00 511
0.483755 402.00 831
0.607438 147.00 242

0.025641 5.00 195
0.390658 184.00 471
0.603261 111.00 184
0.380126 241.00 634
0.300786 268.00 891

0.181679 119.00 655
0.844920 632.00 748
0.377483 114.00 302
0.140000 126.00 900
0.154867 35.00 226

0.328467 135.00 411
0.340045 152.00 447
0.820513 96.00 117
0.017143 6.00 350
0.190926 101.00 529

0.562500 99.00 176
0.272265 107.00 393
0.494898 194.00 392
0.310000 62.00 200
0.057508 18.00 313

0.534653 108.00 202
0.198171 65.00 328
0.264407 78.00 295
0.664740 115.00 173
0.036986 27.00 730

0.635135 94.00 148
0.388889 133.00 342
0.095581 93.00 973
0.267717 68.00 254
0.316045 195.00 617

0.643927 387.00 601
0.060491 32.00 529
0.717949 308.00 429
0.094488 12.00 127
0.181172 102.00 563

0.154762 91.00 588
0.755245 540.00 715
0.452381 76.00 168
0.074866 14.00 187
0.265734 38.00 143

0.357143 55.00 154
0.470464 223.00 474
0.041009 13.00 317
0.185053 52.00 281
0.643172 146.00 227

0.768382 209.00 272
0.046980 14.00 298
0.354992 224.00 631
0.225564 30.00 133
0.308712 163.00 528

0.771863 406.00 526
0.040936 7.00 171
0.304721 71.00 233
0.012590 7.00 556
0.572979 475.00 829

0.123577 76.00 615
0.353107 250.00 708
0.332692 173.00 520
0.270492 99.00 366
0.616935 153.00 248

0.228346 29.00 127
0.290098 208.00 717
0.792079 320.00 404
0.104000 13.00 125
0.287066 182.00 634

0.329114 104.00 316
0.218391 38.00 174
0.259829 152.00 585
0.226667 51.00 225
0.663265 195.00 294

0.430859 296.00 687
0.316667 38.00 120
0.200000 27.00 135
0.462306 417.00 902
0.292398 50.00 171

0.107595 85.00 790
0.224189 76.00 339
0.947712 435.00 459
0.142349 80.00 562
0.279438 159.00 569

0.076175 47.00 617
0.073980 29.00 392
0.800000 140.00 175
0.674603 85.00 126
0.070968 11.00 155

0.223214 75.00 336
0.393548 61.00 155
0.393548 61.00 155
0.355932 42.00 118
0.329508 201.00 610

0.115321 70.00 607
0.525424 62.00 118
0.135819 102.00 751
0.518438 239.00 461
0.406162 145.00 357

0.049896 24.00 481
0.858824 146.00 170
0.209220 59.00 282
0.033333 6.00 180
0.552795 89.00 161

0.329764 308.00 934
0.013158 2.00 152
0.029787 28.00 940
0.865079 327.00 378
0.458716 50.00 109

0.150259 29.00 193
0.683837 385.00 563
0.323420 174.00 538
0.283784 42.00 148
0.253968 128.00 504

0.323420 174.00 538
0.896552 182.00 203
0.371212 98.00 264
0.036993 31.00 838
0.071618 27.00 377

0.400000 184.00 460
0.161512 141.00 873
0.587629 114.00 194
0.206278 138.00 669
0.341714 299.00 875

0.044304 7.00 158
0.802526 699.00 871
0.245310 170.00 693
0.600998 241.00 401
0.006231 2.00 321

0.862983 781.00 905
0.186441 22.00 118
0.144197 123.00 853
0.286458 55.00 192
0.219451 88.00 401

0.096330 21.00 218
0.220779 204.00 924
0.731259 517.00 707
0.520725 201.00 386
0.126147 55.00 436

0.682088 575.00 843
0.330357 37.00 112
0.250000 38.00 152
0.038008 29.00 763
0.398422 202.00 507

0.609013 500.00 821
0.044444 18.00 405
0.114961 73.00 635
0.814159 184.00 226
0.120640 83.00 688

0.034694 17.00 490
0.770270 114.00 148
0.564626 83.00 147
0.244094 31.00 127
0.080808 16.00 198

0.133621 31.00 232
0.097938 19.00 194
0.049645 7.00 141
0.572034 135.00 236
0.846154 88.00 104

0.248945 118.00 474
0.553411 430.00 777
0.186992 23.00 123
0.279720 40.00 143
0.433180 94.00 217

0.143791 22.00 153
0.123779 38.00 307
0.782609 144.00 184
0.070845 26.00 367
0.577465 82.00 142

0.023649 21.00 888
0.192865 173.00 897
0.325000 39.00 120
0.230337 123.00 534
0.930556 134.00 144

0.184524 62.00 336
0.182692 38.00 208
0.453390 107.00 236
0.755134 478.00 633
0.122905 22.00 179

0.261299 185.00 708
0.608025 394.00 648
0.028302 3.00 106
0.129288 49.00 379
0.672811 292.00 434

0.222222 70.00 315
0.120000 42.00 350
0.731343 98.00 134
0.318538 244.00 766
0.309211 47.00 152

0.553114 151.00 273
0.180108 67.00 372
0.732601 400.00 546
0.162362 44.00 271
0.070175 24.00 342

0.333333 54.00 162
0.686957 553.00 805
0.209068 83.00 397
0.469649 147.00 313
0.001754 1.00 570

0.302326 52.00 172
0.129630 21.00 162
0.301587 133.00 441
0.232558 90.00 387
0.732017 519.00 709

0.318885 103.00 323
0.633129 516.00 815
0.437086 66.00 151
0.279018 125.00 448
0.031655 22.00 695

0.515152 170.00 330
0.251397 45.00 179
0.594737 113.00 190
0.238806 48.00 201
0.100840 12.00 119

0.172414 115.00 667
0.082019 26.00 317
0.374795 229.00 611
0.943164 614.00 651
0.125498 63.00 502

0.093702 61.00 651
0.391304 189.00 483
0.410866 242.00 589
0.528090 94.00 178
0.277154 74.00 267

0.083333 32.00 384
0.280591 133.00 474
0.074766 16.00 214
0.926272 892.00 963
0.334337 111.00 332

0.576923 225.00 390
0.028037 3.00 107
0.303191 57.00 188
0.762857 267.00 350
0.023438 3.00 128

0.323964 219.00 676
0.495575 56.00 113
0.027473 10.00 364
0.850617 689.00 810
0.008630 8.00 927

0.205882 70.00 340
0.486381 125.00 257
0.474886 104.00 219
0.019231 2.00 104
0.510638 144.00 282

0.110937 71.00 640
0.220386 80.00 363
0.129032 16.00 124
0.829016 160.00 193
0.412060 82.00 199

0.319672 39.00 122
0.230366 88.00 382
0.250000 54.00 216
0.653333 98.00 150
0.243184 223.00 917

0.092308 24.00 260
0.175896 54.00 307
0.352273 124.00 352
0.906250 116.00 128
0.172414 25.00 145

0.270471 109.00 403
0.434211 66.00 152
0.253333 38.00 150
0.591111 133.00 225
0.151596 57.00 376

0.277778 45.00 162
0.558659 100.00 179
0.479371 244.00 509
0.260388 94.00 361
0.119266 13.00 109

0.260816 211.00 809
0.749529 398.00 531
0.154176 72.00 467
0.480519 111.00 231
0.056684 53.00 935

0.146919 31.00 211
0.043137 11.00 255
0.478947 91.00 190
0.563670 301.00 534
0.466019 48.00 103

0.520179 116.00 223
0.329457 85.00 258
0.155357 87.00 560
0.551613 171.00 310
0.147268 62.00 421

0.500000 92.00 184
0.251232 51.00 203
0.113043 13.00 115
0.410488 227.00 553
0.431373 44.00 102

0.179012 29.00 162
0.427481 56.00 131
0.444444 376.00 846
0.075342 11.00 146
0.571429 92.00 161

0.647423 314.00 485
0.124088 17.00 137
0.792000 198.00 250
0.016420 10.00 609
0.121622 36.00 296

0.165680 28.00 169
0.146409 53.00 362
0.226891 54.00 238
0.823718 257.00 312
0.338902 142.00 419

0.658192 233.00 354
0.295732 97.00 328
0.335807 181.00 539
0.226501 200.00 883
0.187117 61.00 326

0.479245 127.00 265
0.650273 357.00 549
0.050360 7.00 139
0.151515 110.00 726
0.368984 207.00 561

0.826667 186.00 225
0.083721 18.00 215
0.100990 51.00 505
0.160000 20.00 125
0.529412 99.00 187

0.838235 285.00 340
0.030888 8.00 259
0.174757 72.00 412
0.429585 424.00 987
0.226368 91.00 402

0.419192 83.00 198
0.212264 45.00 212
0.518837 482.00 929
0.224638 124.00 552
0.325397 82.00 252

0.242798 177.00 729
0.558282 91.00 163
0.151659 32.00 211
0.529412 54.00 102
0.216471 92.00 425

0.173077 18.00 104
0.423423 188.00 444
0.732970 269.00 367
0.131823 128.00 971
0.236364 26.00 110

0.430464 130.00 302
0.443089 109.00 246
0.377193 43.00 114
0.331288 54.00 163
0.116279 15.00 129

0.512605 122.00 238
0.106754 49.00 459
0.068807 15.00 218
0.086614 11.00 127
0.920000 253.00 275

0.201835 22.00 109
0.138462 45.00 325
0.320988 52.00 162
0.489922 316.00 645
0.545559 473.00 867

0.288920 206.00 713
0.405063 64.00 158
0.730366 279.00 382
0.127517 19.00 149
0.145540 31.00 213

0.224852 114.00 507
0.534066 243.00 455
0.575540 80.00 139
0.357223 319.00 893
0.007634 1.00 131

0.261233 250.00 957
0.633663 64.00 101
0.150000 33.00 220
0.266667 68.00 255
0.387931 180.00 464

0.798077 83.00 104
0.279357 226.00 809
0.393939 169.00 429
0.043210 7.00 162
0.178571 130.00 728

0.309144 213.00 689
0.103520 100.00 966
0.386364 85.00 220
0.745763 176.00 236
0.152905 50.00 327

0.635802 103.00 162
0.004739 1.00 211
0.635556 143.00 225
0.036913 11.00 298
0.384780 359.00 933

0.244833 154.00 629
0.338945 302.00 891
0.493714 432.00 875
0.110991 103.00 928
0.511628 352.00 688

0.471322 189.00 401
0.016760 6.00 358
0.232759 108.00 464
0.426752 67.00 157
0.554167 133.00 240

0.803077 261.00 325
0.049451 18.00 364
0.024691 12.00 486
0.295276 150.00 508
0.525773 153.00 291

0.638298 300.00 470
0.344237 221.00 642
0.523077 510.00 975
0.181818 84.00 462
0.010101 2.00 198

0.009174 1.00 109
0.517321 224.00 433
0.500000 93.00 186
0.237082 156.00 658
0.430400 269.00 625

0.404255 57.00 141
0.776699 80.00 103
0.211429 37.00 175
0.096085 81.00 843
0.217195 48.00 221

0.267857 45.00 168
0.467241 271.00 580
0.350365 48.00 137
0.101911 16.00 157
0.509950 410.00 804

0.277174 51.00 184
0.029650 11.00 371
0.317308 33.00 104
0.202899 84.00 414
0.869388 213.00 245

0.127182 51.00 401
0.807692 378.00 468
0.203448 118.00 580
0.339578 145.00 427
0.221604 199.00 898

0.474359 333.00 702
0.062500 11.00 176
0.412568 151.00 366
0.145946 54.00 370
0.603524 274.00 454

0.734727 457.00 622
0.678261 78.00 115
0.093633 75.00 801
0.003650 1.00 274
0.185644 150.00 808

0.368895 287.00 778
0.215596 47.00 218
0.002762 1.00 362
0.251416 222.00 883
0.862843 346.00 401

0.344828 170.00 493
0.132850 55.00 414
0.302486 219.00 724
0.503378 149.00 296
0.418803 49.00 117

0.245946 91.00 370
0.258065 32.00 124
0.254438 43.00 169
0.473846 154.00 325
0.465490 290.00 623

0.314536 251.00 798
0.066806 64.00 958
0.559322 297.00 531
0.153846 90.00 585
0.606299 154.00 254

0.210867 163.00 773
0.193717 37.00 191
0.018018 2.00 111
0.504587 110.00 218
0.774845 499.00 644

0.176136 31.00 176
0.186813 34.00 182
0.097973 29.00 296
0.530534 278.00 524
0.704142 119.00 169

0.916667 187.00 204
0.080645 50.00 620
0.194553 50.00 257
0.222749 47.00 211
0.284644 76.00 267

0.145870 83.00 569
0.177598 176.00 991
0.531205 366.00 689
0.057007 24.00 421
0.787037 170.00 216

0.324074 35.00 108
0.039301 9.00 229
0.373819 277.00 741
0.061765 21.00 340
0.910000 91.00 100

0.133874 66.00 493
0.094755 56.00 591
0.336842 64.00 190
0.548077 57.00 104
0.584936 365.00 624

0.222488 93.00 418
0.137255 35.00 255
0.543860 186.00 342
0.072165 21.00 291
0.726708 117.00 161

0.168317 68.00 404
0.279646 158.00 565
0.502879 262.00 521
0.497297 276.00 555
0.253406 93.00 367

0.252055 184.00 730
0.589286 66.00 112
0.211340 41.00 194
0.296089 53.00 179
0.351779 89.00 253

0.666310 623.00 935
0.326951 222.00 679
0.069444 10.00 144
0.042328 8.00 189
0.595133 269.00 452

0.038660 15.00 388
0.927273 153.00 165
0.141215 86.00 609
0.294686 61.00 207
0.296296 184.00 621

0.181818 40.00 220
0.902292 748.00 829
0.062262 49.00 787
0.431085 294.00 682
0.120347 97.00 806

0.081905 43.00 525
0.123188 17.00 138
0.972332 246.00 253
0.017544 3.00 171
0.503876 65.00 129

0.069246 68.00 982
0.299342 182.00 608
0.774510 158.00 204
0.305000 61.00 200
0.250000 28.00 112

0.556391 222.00 399
0.085511 36.00 421
0.417808 61.00 146
0.393617 259.00 658
0.244681 69.00 282

0.549107 123.00 224
0.943327 516.00 547
0.013043 6.00 460
0.050420 6.00 119
0.143478 132.00 920

0.468750 60.00 128
0.047170 10.00 212
0.902778 520.00 576
0.009569 2.00 209
0.272727 57.00 209

0.017953 10.00 557
0.568182 75.00 132
0.162791 84.00 516
0.241913 172.00 711
0.710744 172.00 242

0.017483 5.00 286
0.768868 163.00 212
0.594744 430.00 723
0.118519 16.00 135
0.200528 76.00 379

0.224215 50.00 223
0.334247 122.00 365
0.345000 69.00 200
0.318519 43.00 135
0.475884 148.00 311

0.013544 6.00 443
0.269565 155.00 575
0.710280 228.00 321
0.089147 46.00 516
0.619318 218.00 352

0.788177 160.00 203
0.501389 361.00 720
0.154370 136.00 881
0.084337 14.00 166
0.174857 153.00 875

0.282051 44.00 156
0.059732 58.00 971
0.691358 224.00 324
0.521815 299.00 573
0.144385 108.00 748

0.797368 303.00 380
0.348315 93.00 267
0.009063 3.00 331
0.256410 170.00 663
0.286701 166.00 579

0.328767 48.00 146
0.357143 140.00 392
0.470852 315.00 669
0.476000 119.00 250
0.073446 26.00 354

0.460000 276.00 600
0.119792 23.00 192
0.707965 80.00 113
0.089109 18.00 202
0.320896 43.00 134

0.932312 730.00 783
0.505435 93.00 184
0.018868 2.00 106
0.004975 3.00 603
0.243564 123.00 505

0.660194 68.00 103
0.215311 135.00 627
0.014658 9.00 614
0.206186 60.00 291
0.603104 272.00 451

0.003284 2.00 609
0.077691 70.00 901
0.582524 60.00 103
0.750000 111.00 148
0.280098 114.00 407

0.803815 295.00 367
0.111821 35.00 313
0.469136 76.00 162
0.089202 19.00 213
0.223404 42.00 188

0.109244 13.00 119
0.407080 46.00 113
0.260504 31.00 119
0.622642 66.00 106
0.299691 291.00 971

0.300752 80.00 266
0.258993 252.00 973
0.434599 206.00 474
0.582524 180.00 309
0.123894 28.00 226

0.911504 618.00 678
0.461250 369.00 800
0.089362 21.00 235
0.134615 21.00 156
0.108153 65.00 601

0.157480 20.00 127
0.066667 15.00 225
0.017964 3.00 167
0.479482 444.00 926
0.977654 175.00 179

0.203883 21.00 103
0.334270 238.00 712
0.242775 42.00 173
0.853659 140.00 164
0.066148 17.00 257

0.547203 313.00 572
0.175772 74.00 421
0.095710 29.00 303
0.484496 125.00 258
0.397655 373.00 938

0.177829 77.00 433
0.300000 30.00 100
0.656999 521.00 793
0.493506 114.00 231
0.073446 13.00 177

0.244635 57.00 233
0.354930 126.00 355
0.353365 147.00 416
0.142322 38.00 267
0.606557 74.00 122

0.441624 87.00 197
0.007463 2.00 268
0.863636 95.00 110
0.273684 104.00 380
0.112500 18.00 160

0.339080 118.00 348
0.364341 94.00 258
0.038961 21.00 539
0.070740 44.00 622
0.884615 92.00 104

0.533808 150.00 281
0.207547 22.00 106
0.304348 77.00 253
0.278956 171.00 613
0.372434 127.00 341

0.153465 62.00 404
0.314869 216.00 686
0.250000 44.00 176
0.037471 16.00 427
0.946565 124.00 131

0.335797 318.00 947
0.246014 108.00 439
0.370482 123.00 332
0.085258 48.00 563
0.662447 157.00 237

0.274038 114.00 416
0.195652 36.00 184
0.391304 189.00 483
0.660714 259.00 392
0.180451 24.00 133

0.086294 17.00 197
0.500000 193.00 386
0.435484 81.00 186
0.132000 66.00 500
0.545103 423.00 776

0.039280 24.00 611
0.351779 178.00 506
0.691860 119.00 172
0.121739 14.00 115
0.500000 61.00 122

0.120879 22.00 182
0.337079 90.00 267
0.809524 85.00 105
0.346939 85.00 245
0.086753 74.00 853

0.699690 226.00 323
0.015385 2.00 130
0.626230 191.00 305
0.190476 32.00 168
0.176039 72.00 409

0.283237 49.00 173
0.085153 39.00 458
0.839844 430.00 512
0.022989 14.00 609
0.468085 88.00 188

0.615385 64.00 104
0.277778 50.00 180
0.404348 279.00 690
0.327922 101.00 308
0.070950 53.00 747

0.766667 138.00 180
0.045802 12.00 262
0.091429 48.00 525
0.145969 67.00 459
0.650155 210.00 323

0.588675 551.00 936
0.560724 217.00 387
0.310204 76.00 245
0.028249 5.00 177
0.212500 51.00 240

0.255034 38.00 149
0.319549 170.00 532
0.251220 103.00 410
0.043269 9.00 208
0.825758 109.00 132

0.048159 34.00 706
0.910112 405.00 445
0.210235 152.00 723
0.509804 52.00 102
0.018519 3.00 162

0.033929 19.00 560
0.619355 96.00 155
0.295045 131.00 444
0.296610 35.00 118
0.452381 57.00 126

0.565217 78.00 138
0.382620 295.00 771
0.015873 2.00 126
0.545322 373.00 684
0.192893 38.00 197

0.033962 9.00 265
0.112554 26.00 231
0.386047 249.00 645
0.857143 96.00 112
0.311239 108.00 347

0.076923 32.00 416
0.106501 77.00 723
0.562000 281.00 500
0.677966 600.00 885
0.277090 179.00 646

0.387387 43.00 111
0.047859 19.00 397
0.091743 20.00 218
0.647866 425.00 656
0.528261 486.00 920

0.623574 164.00 263
0.164666 96.00 583
0.523077 68.00 130
0.325056 144.00 443
0.064935 10.00 154

0.741794 339.00 457
0.027479 23.00 837
0.774648 385.00 497
0.142549 66.00 463
0.014085 4.00 284

0.250000 45.00 180
0.292929 87.00 297
0.264069 61.00 231
0.316547 176.00 556
0.576613 143.00 248

0.140845 80.00 568
0.076923 20.00 260
0.148789 43.00 289
0.981424 951.00 969
0.350120 146.00 417

0.306569 42.00 137
0.519355 322.00 620
0.334495 192.00 574
0.193925 83.00 428
0.347709 129.00 371

0.275510 54.00 196
0.129032 36.00 279
0.159802 97.00 607
0.374449 170.00 454
0.756466 351.00 464

0.016722 5.00 299
0.608483 373.00 613
0.374332 70.00 187
0.528713 267.00 505
0.170635 43.00 252

0.849570 593.00 698
0.187184 111.00 593
0.277228 28.00 101
0.063830 9.00 141
0.328244 43.00 131

0.269071 194.00 721
0.816033 794.00 973
0.109705 52.00 474
0.220207 170.00 772
0.284431 95.00 334

0.144231 105.00 728
0.865942 239.00 276
0.631090 272.00 431
0.007722 2.00 259
0.052174 6.00 115

0.528283 523.00 990
0.342900 227.00 662
0.026490 4.00 151
0.665354 338.00 508
0.140845 40.00 284

0.239130 44.00 184
0.488473 339.00 694
0.445813 181.00 406
0.235714 33.00 140
0.285996 145.00 507

0.533101 459.00 861
0.121495 26.00 214
0.142077 130.00 915
0.129496 18.00 139
0.775000 186.00 240

0.180380 57.00 316
0.070539 17.00 241
0.616883 95.00 154
0.315920 127.00 402
0.509585 319.00 626

0.602906 249.00 413
0.028653 10.00 349
0.345794 111.00 321
0.621575 363.00 584
0.101307 62.00 612

0.128866 25.00 194
0.491632 235.00 478
0.183544 29.00 158
0.446309 399.00 894
0.447619 47.00 105

0.075758 10.00 132
0.530973 60.00 113
0.303571 34.00 112
0.371769 187.00 503
0.417094 244.00 585

0.234483 34.00 145
0.142466 104.00 730
0.272917 131.00 480
0.483333 145.00 300
0.566845 106.00 187

0.303459 193.00 636
0.562567 526.00 935
0.551724 64.00 116
0.226950 32.00 141
0.054187 11.00 203

0.743949 584.00 785
0.099751 40.00 401
0.135135 40.00 296
0.273622 139.00 508
0.445312 171.00 384

0.058154 46.00 791
0.432203 204.00 472
0.325773 158.00 485
0.801980 81.00 101
0.086957 28.00 322

0.072464 15.00 207
0.021651 16.00 739
0.278481 132.00 474
0.456906 440.00 963
0.870130 134.00 154

0.093878 23.00 245
0.427536 59.00 138
0.187879 31.00 165
0.748092 98.00 131
0.243137 62.00 255

0.955665 582.00 609
0.260615 178.00 683
0.325123 66.00 203
0.040925 23.00 562
0.121324 66.00 544

0.097902 14.00 143
0.310559 50.00 161
0.004016 1.00 249
0.345865 92.00 266
0.937269 762.00 813

0.093750 15.00 160
0.321429 72.00 224
0.415459 86.00 207
0.615094 163.00 265
0.252252 28.00 111

0.075682 61.00 806
0.153235 135.00 881
0.623188 86.00 138
0.650124 262.00 403
0.201220 66.00 328

0.195980 117.00 597
0.233333 42.00 180
0.062963 34.00 540
0.878378 130.00 148
0.330317 146.00 442

0.450000 63.00 140
0.445141 426.00 957
0.301486 142.00 471
0.315603 89.00 282
0.189320 39.00 206

0.270375 209.00 773
0.674699 112.00 166
0.163180 39.00 239
0.450980 69.00 153
0.140468 42.00 299

0.473988 82.00 173
0.629518 209.00 332
0.016484 6.00 364
0.028802 25.00 868
0.551181 70.00 127

0.430657 59.00 137
0.937008 119.00 127
0.059524 10.00 168
0.265928 96.00 361
0.012658 2.00 158

0.028125 9.00 320
0.107417 42.00 391
0.673621 452.00 671
0.855000 171.00 200
0.031390 7.00 223

0.488584 107.00 219
0.174905 92.00 526
0.376147 41.00 109
0.153226 19.00 124
0.505882 86.00 170

0.094067 65.00 691
0.224691 91.00 405
0.230608 220.00 954
0.170984 33.00 193
0.973913 112.00 115

0.169406 134.00 791
0.640000 112.00 175
0.467066 78.00 167
0.305785 37.00 121
0.116608 66.00 566

0.033708 9.00 267
0.098093 36.00 367
0.250000 44.00 176
0.342657 98.00 286
0.976096 245.00 251

0.108108 16.00 148
0.247387 71.00 287
0.376884 300.00 796
0.090730 46.00 507
0.874845 706.00 807

0.688442 137.00 199
0.333945 182.00 545
0.307143 43.00 140
0.237333 178.00 750
0.134969 110.00 815

0.236364 26.00 110
0.214689 38.00 177
0.267943 56.00 209
0.891129 442.00 496
0.086614 11.00 127

0.326733 99.00 303
0.054334 42.00 773
0.225806 119.00 527
0.447552 384.00 858
0.649123 74.00 114

0.199248 53.00 266
0.706667 106.00 150
0.066802 66.00 988
0.125714 22.00 175
0.598214 67.00 112

0.820755 174.00 212
0.205405 38.00 185
0.305936 67.00 219
0.175758 87.00 495
0.193548 48.00 248

0.147906 113.00 764
0.679039 622.00 916
0.414414 46.00 111
0.060345 7.00 116
0.395480 70.00 177

0.330739 85.00 257
0.189956 87.00 458
0.185520 41.00 221
0.951724 690.00 725
0.040650 10.00 246

0.241344 237.00 982
0.394137 121.00 307
0.243590 76.00 312
0.604895 346.00 572
0.217391 120.00 552

0.285714 122.00 427
0.730769 209.00 286
0.144470 64.00 443
0.059952 25.00 417
0.478149 372.00 778

0.094595 14.00 148
0.233546 110.00 471
0.363158 69.00 190
0.215447 53.00 246
0.792453 672.00 848

0.645161 120.00 186
0.072658 38.00 523
0.673367 268.00 398
0.009615 1.00 104
0.296774 138.00 465

0.169188 123.00 727
0.200000 23.00 115
0.230769 57.00 247
0.965753 141.00 146
0.132530 44.00 332

0.325714 228.00 700
0.417431 182.00 436
0.494118 126.00 255
0.336842 96.00 285
0.123303 109.00 884

0.443478 51.00 115
0.100515 39.00 388
0.729630 197.00 270
0.404692 138.00 341
0.024256 22.00 907

0.371968 138.00 371
0.031746 6.00 189
0.208029 57.00 274
0.446809 126.00 282
0.642157 131.00 204

0.818966 190.00 232
0.008532 5.00 586
0.501992 378.00 753
0.159030 59.00 371
0.213058 62.00 291

0.019608 2.00 102
0.442901 287.00 648
0.224719 60.00 267
0.085714 72.00 840
0.921488 446.00 484

0.306931 31.00 101
0.215352 101.00 469
0.009934 3.00 302
0.483221 72.00 149
0.689119 399.00 579

0.571865 187.00 327
0.317972 69.00 217
0.165698 57.00 344
0.288918 219.00 758
0.352941 48.00 136

0.260292 196.00 753
0.206422 45.00 218
0.351220 72.00 205
0.008130 2.00 246
0.869159 93.00 107

0.170068 75.00 441
0.345324 48.00 139
0.910913 409.00 449
0.171875 22.00 128
0.103774 22.00 212

0.021739 3.00 138
0.693989 127.00 183
0.504828 366.00 725
0.191710 37.00 193
0.291280 157.00 539

0.072464 10.00 138
0.428891 383.00 893
0.215339 73.00 339
0.885017 508.00 574
0.100000 14.00 140

0.464770 343.00 738
0.310345 72.00 232
0.233010 24.00 103
0.579208 117.00 202
0.113022 46.00 407

0.123043 110.00 894
0.616580 119.00 193
0.099222 51.00 514
0.690117 412.00 597
0.171036 137.00 801

0.466238 145.00 311
0.182232 80.00 439
0.689989 641.00 929
0.022727 3.00 132
0.334572 90.00 269

0.400307 261.00 652
0.488839 219.00 448
0.270121 245.00 907
0.155172 18.00 116
0.382199 73.00 191

0.124294 22.00 177
0.201117 72.00 358
0.245136 63.00 257
0.627767 312.00 497
0.498674 188.00 377

0.454861 131.00 288
0.074029 61.00 824
0.156250 30.00 192
0.856115 119.00 139
0.161905 85.00 525

0.132007 73.00 553
0.682432 404.00 592
0.029126 3.00 103
0.131274 34.00 259
0.721973 483.00 669

0.545455 102.00 187
0.341837 67.00 196
0.450000 135.00 300
0.350531 231.00 659
0.008621 1.00 116

0.382199 73.00 191
0.831804 272.00 327
0.151515 50.00 330
0.143312 45.00 314
0.193370 35.00 181

0.555018 459.00 827
0.212121 77.00 363
0.243796 167.00 685
0.498436 478.00 959
0.189222 158.00 835

0.595978 326.00 547
0.114504 15.00 131
0.049180 9.00 183
0.846154 154.00 182
0.093023 40.00 430

0.048359 28.00 579
0.872510 219.00 251
0.286458 165.00 576
0.285106 67.00 235
0.209440 71.00 339

0.436842 83.00 190
0.378495 176.00 465
0.044561 34.00 763
0.233668 93.00 398
0.604369 249.00 412

0.362745 74.00 204
0.426099 320.00 751
0.213942 89.00 416
0.428571 69.00 161
0.269030 258.00 959

0.447552 256.00 572
0.586957 324.00 552
0.085482 63.00 737
0.232558 30.00 129
0.352941 48.00 136

0.235577 49.00 208
0.517787 131.00 253
0.629464 282.00 448
0.119048 20.00 168
0.203390 48.00 236

0.487327 423.00 868
0.177388 91.00 513
0.378415 277.00 732
0.405762 338.00 833
0.251303 241.00 959

0.106557 26.00 244
0.915851 468.00 511
0.093596 19.00 203
0.141333 106.00 750
0.444257 263.00 592

0.366597 349.00 952
0.810309 393.00 485
0.229508 28.00 122
0.014107 9.00 638
0.280000 238.00 850

0.723301 149.00 206
0.156593 114.00 728
0.161290 35.00 217
0.322917 93.00 288
0.333333 80.00 240

0.203463 47.00 231
0.143939 95.00 660
0.747748 581.00 777
0.433476 101.00 233
0.171548 41.00 239

0.549101 397.00 723
0.110465 19.00 172
0.975000 507.00 520
0.003484 1.00 287
0.062591 43.00 687

0.083333 18.00 216
0.116592 78.00 669
0.230483 62.00 269
0.673267 68.00 101
0.596721 364.00 610

0.192771 32.00 166
0.264249 51.00 193
0.170455 30.00 176
0.695652 80.00 115
0.384293 367.00 955

0.726974 221.00 304
0.654639 254.00 388
0.039293 20.00 509
0.242788 101.00 416
0.034549 18.00 521

0.055249 20.00 362
0.459716 97.00 211
0.089552 18.00 201
0.310105 267.00 861
0.780919 221.00 283

0.889387 595.00 669
0.085828 43.00 501
0.074074 14.00 189
0.235398 133.00 565
0.420118 71.00 169

0.370370 80.00 216
0.662338 153.00 231
0.303644 75.00 247
0.147436 23.00 156
0.213953 46.00 215

0.768786 133.00 173
0.449458 249.00 554
0.241935 30.00 124
0.107226 46.00 429
0.132231 16.00 121

0.965481 923.00 956
0.223464 80.00 358
0.228477 69.00 302
0.236246 73.00 309
0.047337 8.00 169

0.908397 357.00 393
0.028302 6.00 212
0.423077 44.00 104
0.273450 172.00 629
0.063492 8.00 126

0.500000 126.00 252
0.145161 18.00 124
0.644670 381.00 591
0.354839 44.00 124
0.060096 25.00 416

0.517778 233.00 450
0.477387 190.00 398
0.184932 81.00 438
0.177143 31.00 175
0.344681 81.00 235

0.067961 7.00 103
0.157205 36.00 229
0.972789 715.00 735
0.189781 52.00 274
0.308824 63.00 204

0.139535 48.00 344
0.153846 30.00 195
0.684982 561.00 819
0.127273 63.00 495
0.594406 255.00 429

0.122072 99.00 811
0.084559 23.00 272
0.610738 91.00 149
0.365385 57.00 156
0.517391 357.00 690

0.032129 16.00 498
0.739300 190.00 257
0.268182 59.00 220
0.157205 36.00 229
0.499491 491.00 983

0.052632 8.00 152
0.156716 63.00 402
0.816993 125.00 153
0.262821 41.00 156
0.405622 101.00 249

0.349057 37.00 106
0.646067 115.00 178
0.351955 63.00 179
0.259298 251.00 968
0.090373 46.00 509

0.564356 57.00 101
0.112100 63.00 562
0.096812 82.00 847
0.911243 308.00 338
0.010853 7.00 645

0.389610 60.00 154
0.217284 88.00 405
0.574468 81.00 141
0.012270 2.00 163
0.501502 334.00 666

0.306569 84.00 274
0.326241 46.00 141
0.234286 82.00 350
0.206997 142.00 686
0.627297 239.00 381

0.149733 112.00 748
0.122500 49.00 400
0.583893 87.00 149
0.329545 58.00 176
0.512195 63.00 123

0.492114 156.00 317
0.088386 86.00 973
0.414907 334.00 805
0.698492 139.00 199
0.005952 2.00 336

0.219839 164.00 746
0.055118 7.00 127
0.834646 424.00 508
0.352201 112.00 318
0.240260 148.00 616

0.462025 73.00 158
0.255682 45.00 176
0.307143 43.00 140
0.093567 16.00 171
0.581522 107.00 184

0.704887 375.00 532
0.108911 11.00 101
0.496324 135.00 272
0.191038 81.00 424
0.203209 38.00 187

0.136821 68.00 497
0.680000 408.00 600
0.035132 28.00 797
0.278646 107.00 384
0.566964 127.00 224

0.442857 155.00 350
0.526316 70.00 133
0.454148 104.00 229
0.210959 154.00 730
0.062802 13.00 207

0.207547 33.00 159
0.144928 20.00 138
0.220820 70.00 317
0.895425 685.00 765
0.229765 88.00 383

0.047970 13.00 271
0.402597 124.00 308
0.188791 128.00 678
0.546479 194.00 355
0.513784 205.00 399

0.090000 90.00 1000
0.051282 24.00 468
0.711864 84.00 118
0.446991 156.00 349
0.393258 70.00 178

0.148676 73.00 491
0.162791 35.00 215
0.180000 18.00 100
0.485232 115.00 237
0.718750 575.00 800

0.794326 224.00 282
0.045956 25.00 544
0.051282 16.00 312
0.349530 223.00 638
0.458284 390.00 851

0.589041 86.00 146
0.355932 42.00 118
0.237838 44.00 185
0.142857 24.00 168
0.369380 304.00 823

0.491228 84.00 171
0.427169 261.00 611
0.322835 164.00 508
0.303371 189.00 623
0.157233 25.00 159

0.248980 61.00 245
0.134694 33.00 245
0.542042 361.00 666
0.293742 230.00 783
0.483051 57.00 118

0.024664 22.00 892
0.712766 134.00 188
0.281106 122.00 434
0.232143 26.00 112
0.450000 63.00 140

0.246377 34.00 138
0.392954 145.00 369
0.275216 191.00 694
0.192708 37.00 192
0.592920 67.00 113

0.158879 17.00 107
0.187097 116.00 620
0.357827 112.00 313
0.966292 258.00 267
0.028319 16.00 565

0.433862 82.00 189
0.360947 183.00 507
0.050193 13.00 259
0.094463 87.00 921
0.759494 120.00 158

0.232759 27.00 116
0.768166 222.00 289
0.367521 43.00 117
0.109091 12.00 110
0.221992 214.00 964

0.329843 63.00 191
0.495741 291.00 587
0.400593 270.00 674
0.351351 182.00 518
0.120482 30.00 249

0.453125 87.00 192
0.805310 182.00 226
0.047170 20.00 424
0.172269 41.00 238
0.221106 176.00 796

0.574007 477.00 831
0.574163 120.00 209
0.052632 8.00 152
0.306122 45.00 147
0.200000 36.00 180

0.189944 34.00 179
0.114094 17.00 149
0.810096 337.00 416
0.034483 6.00 174
0.550000 154.00 280

0.284024 48.00 169
0.618182 238.00 385
0.133858 17.00 127
0.376176 360.00 957
0.290274 191.00 658

0.307692 76.00 247
0.775194 300.00 387
0.167587 91.00 543
0.264151 210.00 795
0.183333 33.00 180

0.006336 6.00 947
0.012579 2.00 159
0.502825 178.00 354
0.518152 157.00 303
0.661922 186.00 281

0.497076 85.00 171
0.864662 115.00 133
0.054545 39.00 715
0.033219 29.00 873
0.254658 41.00 161

0.640569 180.00 281
0.152632 87.00 570
0.401460 55.00 137
0.157795 83.00 526
0.348101 55.00 158

0.575646 468.00 813
0.190476 40.00 210
0.160494 52.00 324
0.481633 118.00 245
0.291246 173.00 594

0.484725 238.00 491
0.678121 592.00 873
0.246988 41.00 166
0.290398 124.00 427
0.001883 1.00 531

0.471564 199.00 422
0.188295 74.00 393
0.383033 149.00 389
0.198198 44.00 222
0.457580 329.00 719

0.119608 61.00 510
0.678756 131.00 193
0.148718 29.00 195
0.143443 35.00 244
0.609819 236.00 387

0.070423 10.00 142
0.350649 81.00 231
0.708772 202.00 285
0.441909 213.00 482
0.123077 16.00 130

0.451163 194.00 430
0.140845 20.00 142
0.935867 788.00 842
0.131004 30.00 229
0.041276 22.00 533

0.098039 10.00 102
0.246032 31.00 126
0.252336 27.00 107
0.590095 560.00 949
0.509579 266.00 522

0.383051 113.00 295
0.257541 111.00 431
0.305970 287.00 938
0.376712 55.00 146
0.378788 75.00 198

0.064103 55.00 858
0.121951 35.00 287
0.490196 175.00 357
0.211921 32.00 151
0.809353 225.00 278

0.481203 128.00 266
0.201439 112.00 556
0.378446 302.00 798
0.534224 320.00 599
0.105085 31.00 295

0.495918 243.00 490
0.260000 26.00 100
0.059322 7.00 118
0.480000 60.00 125
0.402367 68.00 169

0.344327 261.00 758
0.724409 92.00 127
0.391803 239.00 610
0.061224 9.00 147
0.170854 34.00 199

0.363296 97.00 267
0.606679 327.00 539
0.106218 41.00 386
0.545098 139.00 255
0.077206 21.00 272

0.191111 129.00 675
0.871019 547.00 628
0.070866 9.00 127
0.312500 50.00 160
0.248848 108.00 434

0.070560 29.00 411
0.035842 10.00 279
0.107539 97.00 902
0.578363 417.00 721
0.907692 177.00 195

0.432836 58.00 134
0.102332 79.00 772
0.487578 314.00 644
0.018018 2.00 111
0.664804 119.00 179

0.053476 10.00 187
0.170819 48.00 281
0.715142 477.00 667
0.748603 536.00 716
0.011734 9.00 767

0.421308 174.00 413
0.113821 14.00 123
0.345041 334.00 968
0.513961 497.00 967
0.309623 148.00 478

0.322581 290.00 899
0.700935 150.00 214
0.032258 14.00 434
0.469367 452.00 963
0.177419 22.00 124

0.437380 227.00 519
0.694215 252.00 363
0.037111 37.00 997
0.500000 50.00 100
0.036145 12.00 332

0.898230 203.00 226
0.181818 22.00 121
0.140351 24.00 171
0.117493 90.00 766
0.356725 61.00 171

0.627962 265.00 422
0.697003 628.00 901
0.230769 78.00 338
0.092105 14.00 152
0.050761 20.00 394

0.579897 225.00 388
0.113924 18.00 158
0.343096 164.00 478
0.534819 192.00 359
0.125723 87.00 692

0.539216 55.00 102
0.183140 63.00 344
0.409091 45.00 110
0.216667 78.00 360
0.349206 132.00 378

0.192825 86.00 446
0.668539 119.00 178
0.349057 148.00 424
0.146526 97.00 662
0.342857 132.00 385

0.507752 262.00 516
0.198113 21.00 106
0.243553 85.00 349
0.561404 288.00 513
0.190684 131.00 687

0.978166 224.00 229
0.112088 51.00 455
0.170103 33.00 194
0.148241 59.00 398
0.293403 169.00 576

0.419453 138.00 329
0.471795 92.00 195
0.536965 138.00 257
0.002625 1.00 381
0.267606 76.00 284

0.215686 33.00 153
0.452756 115.00 254
0.115607 20.00 173
0.535168 525.00 981
0.379562 52.00 137

0.177885 74.00 416
0.459732 137.00 298
0.445745 419.00 940
0.409639 68.00 166
0.210648 91.00 432

0.382353 39.00 102
0.720930 124.00 172
0.408779 298.00 729
0.174497 26.00 149
0.015521 7.00 451

0.842444 262.00 311
0.046154 18.00 390
0.015106 5.00 331
0.288660 140.00 485
0.507881 290.00 571

0.301303 185.00 614
0.023529 4.00 170
0.009259 3.00 324
0.375297 158.00 421
0.992883 279.00 281

0.106383 45.00 423
0.683007 209.00 306
0.657143 506.00 770
0.126623 78.00 616
0.127273 35.00 275

0.268493 98.00 365
0.302682 79.00 261
0.598930 112.00 187
0.501319 190.00 379
0.029817 13.00 436

0.497585 103.00 207
0.351759 70.00 199
0.068702 27.00 393
0.051248 39.00 761
0.730667 274.00 375

0.440000 44.00 100
0.350689 229.00 653
0.241270 76.00 315
0.486772 92.00 189
0.182990 71.00 388

0.015474 8.00 517
0.508876 258.00 507
0.623693 179.00 287
0.395429 346.00 875
0.157143 22.00 140

0.362637 66.00 182
0.094340 10.00 106
0.283251 115.00 406
0.094737 18.00 190
0.864440 440.00 509

0.255061 63.00 247
0.629268 129.00 205
0.318750 51.00 160
0.371667 223.00 600
0.122105 58.00 475

0.029412 15.00 510
0.663934 81.00 122
0.279661 165.00 590
0.118098 77.00 652
0.612360 218.00 356

