0.347826 80.00 230
0.806452 100.00 124
0.480118 326.00 679
0.058140 10.00 172
0.309211 47.00 152

0.035865 17.00 474
0.378788 75.00 198
0.619318 109.00 176
0.735450 417.00 567
0.229167 33.00 144

0.332378 116.00 349
0.071225 50.00 702
0.070769 23.00 325
0.554622 132.00 238
0.969697 160.00 165

0.536873 182.00 339
0.100917 11.00 109
0.474083 375.00 791
0.142395 88.00 618
0.748428 476.00 636

0.323256 278.00 860
0.305785 37.00 121
0.557012 425.00 763
0.024000 3.00 125
0.790433 347.00 439

0.587900 515.00 876
0.142683 117.00 820
0.201794 90.00 446
0.407143 57.00 140
0.658407 372.00 565

0.482143 54.00 112
0.201923 84.00 416
0.949045 149.00 157
0.105263 20.00 190
0.260870 162.00 621

0.219269 132.00 602
0.562500 99.00 176
0.479718 272.00 567
0.417569 347.00 831
0.319672 117.00 366

0.710946 669.00 941
0.085502 23.00 269
0.694949 688.00 990
0.198083 124.00 626
0.308696 71.00 230

0.440323 273.00 620
0.044586 7.00 157
0.133333 14.00 105
0.781481 211.00 270
0.601626 74.00 123

0.457177 379.00 829
0.714876 173.00 242
0.285714 66.00 231
0.118263 79.00 668
0.421053 48.00 114

0.944611 631.00 668
0.193370 35.00 181
0.706422 77.00 109
0.147059 70.00 476
0.004016 1.00 249

0.302469 49.00 162
0.866197 123.00 142
0.037815 36.00 952
0.644231 134.00 208
0.147239 72.00 489

0.410959 150.00 365
0.334347 110.00 329
0.217949 51.00 234
0.547334 503.00 919
0.488739 217.00 444

0.077108 32.00 415
0.080586 44.00 546
0.433628 49.00 113
0.520089 233.00 448
0.885449 286.00 323

0.110204 27.00 245
0.166052 45.00 271
0.032209 21.00 652
0.991803 242.00 244
0.702791 428.00 609

0.009174 7.00 763
0.313433 42.00 134
0.730435 84.00 115
0.754534 624.00 827
0.190476 32.00 168

0.606838 71.00 117
0.092025 45.00 489
0.474886 104.00 219
0.632296 325.00 514
0.196000 147.00 750

0.017493 6.00 343
0.658793 251.00 381
0.181122 71.00 392
0.615953 417.00 677
0.528105 404.00 765

0.280323 208.00 742
0.470000 47.00 100
0.613779 294.00 479
0.439173 361.00 822
0.193878 57.00 294

0.853556 204.00 239
0.151685 54.00 356
0.315789 60.00 190
0.063636 7.00 110
0.612179 191.00 312

0.268617 101.00 376
0.852399 231.00 271
0.553846 180.00 325
0.118252 46.00 389
0.205696 130.00 632

0.617021 174.00 282
0.660944 308.00 466
0.078313 13.00 166
0.126712 37.00 292
0.517857 116.00 224

0.626415 166.00 265
0.117117 26.00 222
0.477551 117.00 245
0.436975 52.00 119
0.340996 89.00 261

0.518950 178.00 343
0.418655 193.00 461
0.048356 25.00 517
0.441805 186.00 421
0.576159 87.00 151

0.375000 39.00 104
0.149148 105.00 704
0.866242 272.00 314
0.570988 370.00 648
0.035587 10.00 281

0.785987 617.00 785
0.320423 91.00 284
0.076705 27.00 352
0.602381 506.00 840
0.213714 187.00 875

0.404494 72.00 178
0.150943 128.00 848
0.466019 48.00 103
0.949275 262.00 276
0.028640 12.00 419

0.631579 456.00 722
0.103030 17.00 165
0.729387 690.00 946
0.455882 124.00 272
0.083333 10.00 120

0.015700 13.00 828
0.032258 17.00 527
0.833333 340.00 408
0.903537 562.00 622
0.214920 121.00 563

0.192469 46.00 239
0.376975 167.00 443
0.273427 213.00 779
0.861878 156.00 181
0.300448 67.00 223

0.136646 44.00 322
0.237154 60.00 253
0.547445 75.00 137
0.610465 105.00 172
0.468504 238.00 508

0.615942 255.00 414
0.508751 436.00 857
0.274510 28.00 102
0.075175 43.00 572
0.528000 132.00 250

0.160714 36.00 224
0.269231 84.00 312
0.645038 169.00 262
0.541716 461.00 851
0.383057 208.00 543

0.287273 237.00 825
0.385057 67.00 174
0.164286 23.00 140
0.497143 87.00 175
0.666081 379.00 569

0.352518 49.00 139
0.864865 96.00 111
0.621690 493.00 793
0.065359 10.00 153
0.098039 10.00 102

0.961783 302.00 314
0.090615 84.00 927
0.133404 125.00 937
0.748344 339.00 453
0.065147 20.00 307

0.618056 178.00 288
0.221675 90.00 406
0.221968 97.00 437
0.755981 316.00 418
0.182186 180.00 988

0.575893 516.00 896
0.596491 374.00 627
0.588235 80.00 136
0.217391 45.00 207
0.019774 7.00 354

0.537721 335.00 623
0.613636 108.00 176
0.709910 394.00 555
0.003802 2.00 526
0.129771 17.00 131

0.343284 138.00 402
0.159910 71.00 444
0.421986 357.00 846
0.222222 44.00 198
0.851541 304.00 357

0.333333 170.00 510
0.173010 50.00 289
0.546763 76.00 139
0.648551 179.00 276
0.297659 89.00 299

0.190722 37.00 194
0.025210 3.00 119
0.637931 148.00 232
0.351964 233.00 662
0.794118 216.00 272

0.273171 112.00 410
0.495413 54.00 109
0.932039 576.00 618
0.225446 101.00 448
0.076433 12.00 157

0.386364 204.00 528
0.229202 135.00 589
0.471579 224.00 475
0.289507 229.00 791
0.621212 82.00 132

0.436893 45.00 103
0.299145 175.00 585
0.223819 109.00 487
0.057971 16.00 276
0.981366 158.00 161

0.203046 40.00 197
0.462555 105.00 227
0.538462 70.00 130
0.773973 113.00 146
0.024096 4.00 166

0.070312 9.00 128
0.247525 25.00 101
0.059850 24.00 401
0.632479 74.00 117
0.992327 388.00 391

0.357290 348.00 974
0.875439 499.00 570
0.697479 166.00 238
0.025948 13.00 501
0.042802 11.00 257

0.103565 61.00 589
0.268293 88.00 328
0.833013 434.00 521
0.254717 243.00 954
0.541322 131.00 242

0.703704 114.00 162
0.124031 16.00 129
0.355000 213.00 600
0.745174 193.00 259
0.072961 17.00 233

0.196172 41.00 209
0.189781 52.00 274
0.705230 445.00 631
0.617371 263.00 426
0.285714 38.00 133

0.690141 294.00 426
0.392039 325.00 829
0.632959 169.00 267
0.162921 29.00 178
0.124464 29.00 233

0.772277 78.00 101
0.153285 21.00 137
0.381215 69.00 181
0.209091 92.00 440
0.496063 63.00 127

0.970874 300.00 309
0.091837 27.00 294
0.550459 120.00 218
0.210956 181.00 858
0.175904 146.00 830

0.842593 91.00 108
0.054711 18.00 329
0.776911 498.00 641
0.061000 61.00 1000
0.261988 224.00 855

0.766667 161.00 210
0.495298 158.00 319
0.165138 18.00 109
0.243243 63.00 259
0.322581 50.00 155

0.149137 95.00 637
0.888519 534.00 601
0.242105 46.00 190
0.308271 41.00 133
0.411674 268.00 651

0.542194 257.00 474
0.167421 37.00 221
0.208835 52.00 249
0.704261 281.00 399
0.383459 51.00 133

0.567123 414.00 730
0.388158 59.00 152
0.978873 139.00 142
0.055375 17.00 307
0.009756 6.00 615

0.486182 475.00 977
0.695035 392.00 564
0.262411 74.00 282
0.284188 133.00 468
0.273448 207.00 757

0.211538 77.00 364
0.689492 584.00 847
0.459514 227.00 494
0.376083 217.00 577
0.262690 207.00 788

0.837479 505.00 603
0.112150 12.00 107
0.391008 287.00 734
0.348684 53.00 152
0.317156 281.00 886

0.995305 212.00 213
0.354839 66.00 186
0.585657 147.00 251
0.043062 9.00 209
0.021277 7.00 329

0.448529 61.00 136
0.768707 113.00 147
0.244019 51.00 209
0.500000 218.00 436
0.042553 12.00 282

0.765000 612.00 800
0.175182 120.00 685
0.213740 28.00 131
0.165919 37.00 223
0.678441 557.00 821

0.515406 184.00 357
0.559322 297.00 531
0.744444 268.00 360
0.165563 25.00 151
0.019469 11.00 565

0.390041 188.00 482
0.200680 59.00 294
0.139466 47.00 337
0.573333 473.00 825
0.697674 120.00 172

0.816479 218.00 267
0.346821 60.00 173
0.227972 163.00 715
0.057143 8.00 140
0.547170 116.00 212

0.247934 90.00 363
0.753425 165.00 219
0.577540 108.00 187
0.362214 301.00 831
0.063584 33.00 519

0.090090 50.00 555
0.214064 207.00 967
0.969762 449.00 463
0.061983 15.00 242
0.662322 559.00 844

0.449640 125.00 278
0.179039 41.00 229
0.944206 220.00 233
0.138329 48.00 347
0.292553 55.00 188

0.256822 160.00 623
0.693069 70.00 101
0.442623 54.00 122
0.450820 55.00 122
0.146254 123.00 841

0.191761 135.00 704
0.058333 7.00 120
0.842496 567.00 673
0.402135 113.00 281
0.504587 110.00 218

0.191011 34.00 178
0.080899 36.00 445
0.219048 46.00 210
0.847403 522.00 616
0.661538 172.00 260

0.043956 12.00 273
0.618750 99.00 160
0.961905 707.00 735
0.198276 23.00 116
0.183146 163.00 890

0.391150 221.00 565
0.780142 330.00 423
0.136364 18.00 132
0.034856 29.00 832
0.658954 655.00 994

0.337838 50.00 148
0.613139 84.00 137
0.200000 62.00 310
0.418981 181.00 432
0.427350 50.00 117

0.014175 11.00 776
0.276163 95.00 344
0.697947 238.00 341
0.840391 258.00 307
0.168388 163.00 968

0.447653 124.00 277
0.402174 74.00 184
0.111111 20.00 180
0.897698 351.00 391
0.144509 50.00 346

0.588235 60.00 102
0.296340 251.00 847
0.713262 199.00 279
0.388235 132.00 340
0.009862 5.00 507

0.585714 246.00 420
0.436455 261.00 598
0.429825 49.00 114
0.278846 29.00 104
0.273616 84.00 307

0.678063 238.00 351
0.446281 54.00 121
0.468750 60.00 128
0.105357 59.00 560
0.305750 218.00 713

0.539062 138.00 256
0.092486 16.00 173
0.486590 127.00 261
0.484127 61.00 126
0.398000 199.00 500

0.110220 55.00 499
0.728045 257.00 353
0.091837 18.00 196
0.921811 448.00 486
0.148387 23.00 155

0.243161 80.00 329
0.264151 70.00 265
0.766972 418.00 545
0.085020 21.00 247
0.644737 98.00 152

0.102410 17.00 166
0.126126 56.00 444
0.474359 74.00 156
0.640625 123.00 192
0.659341 300.00 455

0.537415 79.00 147
0.407407 44.00 108
0.295181 294.00 996
0.546835 216.00 395
0.213636 47.00 220

0.979434 381.00 389
0.313559 37.00 118
0.010101 2.00 198
0.638554 159.00 249
0.056075 6.00 107

0.075802 26.00 343
0.560976 92.00 164
0.894283 829.00 927
0.035556 24.00 675
0.433022 139.00 321

0.597938 116.00 194
0.270637 259.00 957
0.013986 2.00 143
0.846743 221.00 261
0.269710 65.00 241

0.326398 251.00 769
0.403481 255.00 632
0.590769 192.00 325
0.117021 33.00 282
0.566667 68.00 120

0.629771 165.00 262
0.533931 417.00 781
0.089431 11.00 123
0.115385 24.00 208
0.630015 424.00 673

0.165179 111.00 672
0.660870 76.00 115
0.067492 60.00 889
0.997275 732.00 734
0.109244 13.00 119

0.843750 513.00 608
0.381818 126.00 330
0.382393 278.00 727
0.066583 53.00 796
0.325635 141.00 433

0.203883 21.00 103
0.288288 32.00 111
0.895954 155.00 173
0.418462 136.00 325
0.196410 186.00 947

0.833333 130.00 156
0.006024 3.00 498
0.793372 407.00 513
0.247113 107.00 433
0.117371 25.00 213

0.566194 479.00 846
0.611111 154.00 252
0.170833 41.00 240
0.032967 6.00 182
0.618868 164.00 265

0.304029 83.00 273
0.538462 56.00 104
0.058824 8.00 136
0.148810 25.00 168
0.950649 366.00 385

0.561983 68.00 121
0.860027 639.00 743
0.061224 15.00 245
0.414791 129.00 311
0.100137 73.00 729

0.157895 21.00 133
0.229620 169.00 736
0.906780 214.00 236
0.039360 32.00 813
0.663677 148.00 223

0.219634 132.00 601
0.934307 128.00 137
0.142857 32.00 224
0.431655 120.00 278
0.276543 112.00 405

0.037457 33.00 881
0.297940 188.00 631
0.814815 132.00 162
0.735043 86.00 117
0.109726 44.00 401

0.597473 331.00 554
0.078947 36.00 456
0.931624 109.00 117
0.181818 26.00 143
0.215470 39.00 181

0.435518 206.00 473
0.460829 100.00 217
0.111111 17.00 153
0.683060 125.00 183
0.312644 136.00 435

0.163636 18.00 110
0.513060 275.00 536
0.585434 209.00 357
0.536842 102.00 190
0.192661 21.00 109

0.273333 82.00 300
0.770732 158.00 205
0.575472 61.00 106
0.240000 54.00 225
0.136223 44.00 323

0.241742 161.00 666
0.074627 25.00 335
0.254585 236.00 927
0.940000 141.00 150
0.492462 98.00 199

0.718507 462.00 643
0.163121 46.00 282
0.382716 124.00 324
0.058480 30.00 513
0.680556 98.00 144

0.294872 230.00 780
0.868966 126.00 145
0.219373 154.00 702
0.374429 82.00 219
0.245283 26.00 106

0.204469 183.00 895
0.073529 55.00 748
0.484127 61.00 126
0.471831 201.00 426
0.768116 477.00 621

0.520487 470.00 903
0.417219 63.00 151
0.717054 185.00 258
0.313008 77.00 246
0.029160 17.00 583

0.470790 411.00 873
0.353982 80.00 226
0.331162 305.00 921
0.815451 380.00 466
0.027778 24.00 864

0.957983 228.00 238
0.020882 18.00 862
0.395189 115.00 291
0.184211 56.00 304
0.446043 62.00 139

0.116129 18.00 155
0.526369 519.00 986
0.407155 239.00 587
0.142123 83.00 584
0.804878 330.00 410

0.072551 60.00 827
0.193548 36.00 186
0.291379 169.00 580
0.683230 220.00 322
0.758794 151.00 199

0.291667 35.00 120
0.593857 348.00 586
0.765101 228.00 298
0.137363 50.00 364
0.214689 76.00 354

0.045045 5.00 111
0.385965 44.00 114
0.601227 196.00 326
0.217228 58.00 267
0.750000 174.00 232

0.787234 111.00 141
0.135714 38.00 280
0.344828 90.00 261
0.097436 76.00 780
0.627981 395.00 629

0.276316 168.00 608
0.700375 187.00 267
0.621622 69.00 111
0.045802 6.00 131
0.356643 51.00 143

0.222973 99.00 444
0.393750 63.00 160
0.045455 8.00 176
0.898446 867.00 965
0.439597 131.00 298

0.050314 32.00 636
0.717431 391.00 545
0.445122 146.00 328
0.540000 297.00 550
0.246479 70.00 284

0.059459 11.00 185
0.917172 908.00 990
0.058824 7.00 119
0.675522 356.00 527
0.283465 36.00 127

0.090517 21.00 232
0.095166 63.00 662
0.660550 72.00 109
0.663366 134.00 202
0.494975 197.00 398

0.516704 232.00 449
0.324294 287.00 885
0.124150 73.00 588
0.124611 80.00 642
0.905172 105.00 116

0.136442 79.00 579
0.033113 10.00 302
0.421333 316.00 750
0.762238 218.00 286
0.646030 480.00 743

0.340000 34.00 100
0.730159 92.00 126
0.176591 86.00 487
0.543033 265.00 488
0.210826 74.00 351

0.958763 279.00 291
0.073684 14.00 190
0.323171 212.00 656
0.492212 158.00 321
0.155606 68.00 437

0.941489 177.00 188
0.156535 103.00 658
0.469512 154.00 328
0.152709 31.00 203
0.278481 44.00 158

0.292453 31.00 106
0.431507 63.00 146
0.198175 152.00 767
0.538462 84.00 156
0.546939 134.00 245

0.210035 180.00 857
0.041379 30.00 725
0.115000 115.00 1000
0.693277 165.00 238
0.941645 710.00 754

0.856618 233.00 272
0.568966 297.00 522
0.021898 3.00 137
0.185263 88.00 475
0.367123 134.00 365

0.238462 155.00 650
0.797647 339.00 425
0.306513 80.00 261
0.050515 49.00 970
0.605505 66.00 109

0.429787 101.00 235
0.417989 79.00 189
0.043678 19.00 435
0.506631 191.00 377
0.601810 133.00 221

0.120668 94.00 779
0.168862 141.00 835
0.575342 84.00 146
0.413265 81.00 196
0.720798 506.00 702

0.155063 49.00 316
0.252427 104.00 412
0.317597 148.00 466
0.722222 130.00 180
0.548780 90.00 164

0.543230 333.00 613
0.211538 22.00 104
0.326087 90.00 276
0.037594 15.00 399
0.876833 299.00 341

0.736434 190.00 258
0.076110 36.00 473
0.440758 186.00 422
0.462366 86.00 186
0.280405 83.00 296

0.206751 196.00 948
0.523490 156.00 298
0.798165 87.00 109
0.080097 33.00 412
0.388669 295.00 759

0.063910 17.00 266
0.123188 17.00 138
0.796875 102.00 128
0.188161 89.00 473
0.833333 110.00 132

0.186944 63.00 337
0.354128 193.00 545
0.636364 98.00 154
0.377358 40.00 106
0.443396 94.00 212

0.642857 468.00 728
0.083417 83.00 995
0.855670 498.00 582
0.411279 299.00 727
0.006443 5.00 776

0.529042 337.00 637
0.774674 416.00 537
0.377706 349.00 924
0.116667 21.00 180
0.200535 75.00 374

0.330201 246.00 745
0.345763 306.00 885
0.616352 490.00 795
0.403576 316.00 783
0.303079 187.00 617

0.039604 4.00 101
0.808511 190.00 235
0.162791 28.00 172
0.673913 341.00 506
0.317164 170.00 536

0.411321 109.00 265
0.124309 45.00 362
0.320080 161.00 503
0.824916 245.00 297
0.320487 158.00 493

0.282150 147.00 521
0.830986 295.00 355
0.008850 2.00 226
0.481481 52.00 108
0.402576 250.00 621

0.600000 99.00 165
0.026288 25.00 951
0.864646 428.00 495
0.153846 20.00 130
0.354545 273.00 770

0.524362 226.00 431
0.308725 46.00 149
0.301020 118.00 392
0.814394 215.00 264
0.056250 9.00 160

0.267606 76.00 284
0.087879 58.00 660
0.547445 75.00 137
0.885167 185.00 209
0.205882 56.00 272

0.360000 135.00 375
0.044879 39.00 869
0.881459 290.00 329
0.495509 331.00 668
0.216931 82.00 378

0.346774 172.00 496
0.660256 103.00 156
0.017606 10.00 568
0.892617 133.00 149
0.083056 50.00 602

0.463722 147.00 317
0.483871 75.00 155
0.352761 230.00 652
0.398773 65.00 163
0.296719 208.00 701

0.017505 8.00 457
0.409756 84.00 205
0.930233 400.00 430
0.141547 108.00 763
0.498044 382.00 767

0.106651 93.00 872
0.633663 192.00 303
0.228693 161.00 704
0.334126 281.00 841
0.698330 669.00 958

0.588832 464.00 788
0.204380 56.00 274
0.485380 83.00 171
0.380567 94.00 247
0.341880 120.00 351

0.214516 133.00 620
0.837838 217.00 259
0.095000 19.00 200
0.678832 93.00 137
0.179704 85.00 473

0.141768 93.00 656
0.250000 44.00 176
0.815900 195.00 239
0.458042 131.00 286
0.334437 202.00 604

0.384615 90.00 234
0.058104 19.00 327
0.235955 168.00 712
0.937008 357.00 381
0.383399 97.00 253

0.211144 72.00 341
0.208226 81.00 389
0.730424 569.00 779
0.265152 35.00 132
0.582418 106.00 182

0.524116 163.00 311
0.477419 222.00 465
0.153846 100.00 650
0.641873 233.00 363
0.201299 93.00 462

0.259475 89.00 343
0.043189 26.00 602
0.769120 533.00 693
0.006250 1.00 160
0.922945 539.00 584

0.160535 48.00 299
0.416667 120.00 288
0.645161 120.00 186
0.634956 574.00 904
0.142857 24.00 168

0.039683 10.00 252
0.082443 54.00 655
0.418146 212.00 507
0.807229 134.00 166
0.649805 167.00 257

0.189655 22.00 116
0.185714 117.00 630
0.877551 129.00 147
0.465195 274.00 589
0.284431 190.00 668

0.072404 53.00 732
0.514451 89.00 173
0.291045 39.00 134
0.428571 51.00 119
0.698795 348.00 498

0.615108 171.00 278
0.769231 120.00 156
0.088136 52.00 590
0.484536 329.00 679
0.046512 6.00 129

0.426471 58.00 136
0.060606 12.00 198
0.409137 403.00 985
0.916894 673.00 734
0.188940 41.00 217

0.486486 54.00 111
0.391534 74.00 189
0.373737 74.00 198
0.269373 146.00 542
0.479730 71.00 148

0.120536 27.00 224
0.285047 122.00 428
0.590747 166.00 281
0.962129 940.00 977
0.040733 20.00 491

0.445946 66.00 148
0.416667 45.00 108
0.806543 567.00 703
0.105263 34.00 323
0.226190 57.00 252

0.626959 200.00 319
0.083019 22.00 265
0.594262 145.00 244
0.566978 182.00 321
0.132231 16.00 121

0.826984 521.00 630
0.187075 55.00 294
0.538217 338.00 628
0.252066 122.00 484
0.196277 116.00 591

0.774011 137.00 177
0.460465 396.00 860
0.342342 76.00 222
0.270718 49.00 181
0.150579 117.00 777

0.470414 318.00 676
0.226772 144.00 635
0.237410 33.00 139
0.277952 266.00 957
0.786695 745.00 947

0.243478 140.00 575
0.465686 95.00 204
0.630631 140.00 222
0.531250 68.00 128
0.128378 19.00 148

0.865385 90.00 104
0.101322 23.00 227
0.975309 237.00 243
0.004329 1.00 231
0.046440 30.00 646

0.442144 363.00 821
0.105263 16.00 152
0.919753 149.00 162
0.244186 42.00 172
0.291925 47.00 161

0.801115 431.00 538
0.207885 58.00 279
0.852273 150.00 176
0.099757 41.00 411
0.039589 27.00 682

0.124088 17.00 137
0.337017 183.00 543
0.252280 83.00 329
0.429719 107.00 249
0.858974 335.00 390

0.653775 355.00 543
0.841743 734.00 872
0.031250 7.00 224
0.142169 118.00 830
0.330909 182.00 550

0.136499 92.00 674
0.494105 461.00 933
0.261364 184.00 704
0.552511 484.00 876
0.555684 479.00 862

0.786946 639.00 812
0.281124 70.00 249
0.325000 39.00 120
0.119782 66.00 551
0.485450 367.00 756

0.178571 90.00 504
0.483083 257.00 532
0.971698 103.00 106
0.163218 142.00 870
0.204846 186.00 908

0.179487 63.00 351
0.316770 51.00 161
0.488636 86.00 176
0.761628 393.00 516
0.252793 181.00 716

0.256818 113.00 440
0.834395 524.00 628
0.385176 317.00 823
0.158730 40.00 252
0.363636 80.00 220

0.389439 118.00 303
0.113445 27.00 238
0.862958 636.00 737
0.313187 57.00 182
0.324263 143.00 441

0.371069 118.00 318
0.502058 244.00 486
0.179856 25.00 139
0.123438 79.00 640
0.822898 460.00 559

0.616438 90.00 146
0.044444 14.00 315
0.215369 213.00 989
0.339806 35.00 103
0.781065 264.00 338

0.230769 33.00 143
0.808333 97.00 120
0.609901 308.00 505
0.208531 44.00 211
0.141892 105.00 740

0.378788 150.00 396
0.699566 645.00 922
0.760638 143.00 188
0.040816 18.00 441
0.117808 43.00 365

0.844806 675.00 799
0.212048 176.00 830
0.725275 198.00 273
0.030075 4.00 133
0.193396 82.00 424

0.045283 12.00 265
0.577670 119.00 206
0.707483 104.00 147
0.536269 207.00 386
0.133163 104.00 781

0.612221 521.00 851
0.361111 52.00 144
0.512931 238.00 464
0.147920 96.00 649
0.368932 38.00 103

0.456410 178.00 390
0.290598 34.00 117
0.523810 165.00 315
0.154860 94.00 607
0.576000 72.00 125

0.954733 232.00 243
0.409867 216.00 527
0.335196 60.00 179
0.060215 28.00 465
0.238764 85.00 356

0.170213 56.00 329
0.616667 74.00 120
0.003759 1.00 266
0.629562 345.00 548
0.584906 62.00 106

0.608696 70.00 115
0.507431 239.00 471
0.002160 1.00 463
0.225000 36.00 160
0.655556 177.00 270

0.307190 282.00 918
0.643204 265.00 412
0.746377 103.00 138
0.193103 28.00 145
0.107724 53.00 492

0.190647 53.00 278
0.404372 74.00 183
0.509615 53.00 104
0.034858 16.00 459
0.863158 820.00 950

0.877307 808.00 921
0.085714 15.00 175
0.360927 109.00 302
0.070632 19.00 269
0.607918 476.00 783

0.646226 137.00 212
0.145833 77.00 528
0.364341 141.00 387
0.678832 93.00 137
0.166667 29.00 174

0.311927 34.00 109
0.053628 17.00 317
0.131115 67.00 511
0.914773 483.00 528
0.593583 111.00 187

0.126819 122.00 962
0.661453 592.00 895
0.401266 317.00 790
0.063830 15.00 235
0.746032 188.00 252

0.623704 421.00 675
0.607407 82.00 135
0.117061 94.00 803
0.180000 36.00 200
0.472603 69.00 146

0.200000 34.00 170
0.227273 30.00 132
0.568306 104.00 183
0.364676 287.00 787
0.638646 585.00 916

0.004739 1.00 211
0.776923 101.00 130
0.518041 201.00 388
0.534483 372.00 696
0.167513 66.00 394

0.327731 39.00 119
0.442857 93.00 210
0.525903 335.00 637
0.227848 54.00 237
0.474359 296.00 624

0.705882 108.00 153
0.373786 154.00 412
0.058981 22.00 373
0.429158 209.00 487
0.434426 53.00 122

0.260563 37.00 142
0.235294 52.00 221
0.299145 70.00 234
0.562500 90.00 160
0.640367 349.00 545

0.404130 137.00 339
0.592654 355.00 599
0.421296 364.00 864
0.243243 27.00 111
0.339181 58.00 171

0.550617 223.00 405
0.129310 15.00 116
0.009009 1.00 111
0.346535 70.00 202
0.971154 404.00 416

0.434615 113.00 260
0.713303 311.00 436
0.349323 284.00 813
0.229814 74.00 322
0.271523 123.00 453

0.284333 147.00 517
0.785897 613.00 780
0.130548 100.00 766
0.547170 145.00 265
0.253333 171.00 675

0.363636 176.00 484
0.558758 504.00 902
0.017653 17.00 963
0.414484 269.00 649
0.645885 259.00 401

0.715596 312.00 436
0.239411 130.00 543
0.156863 56.00 357
0.574939 234.00 407
0.310881 60.00 193

0.383838 380.00 990
0.653167 629.00 963
0.603239 149.00 247
0.015660 7.00 447
0.345455 38.00 110

0.350769 342.00 975
0.186275 19.00 102
0.051546 15.00 291
0.982987 520.00 529
0.429032 266.00 620

0.471233 172.00 365
0.830334 323.00 389
0.028037 3.00 107
0.575472 61.00 106
0.095541 15.00 157

0.067821 47.00 693
0.887931 103.00 116
0.487805 80.00 164
0.438356 256.00 584
0.116923 38.00 325

0.873786 90.00 103
0.591727 329.00 556
0.174242 23.00 132
0.314286 77.00 245
0.048864 43.00 880

0.187750 141.00 751
0.778098 270.00 347
0.212202 80.00 377
0.533784 158.00 296
0.289855 60.00 207

0.705882 132.00 187
0.190000 19.00 100
0.100977 31.00 307
0.074713 13.00 174
0.925104 667.00 721

0.355042 169.00 476
0.451701 332.00 735
0.576299 355.00 616
0.467742 58.00 124
0.150560 148.00 983

0.717097 583.00 813
0.077419 12.00 155
0.260000 26.00 100
0.750000 87.00 116
0.197987 59.00 298

0.005319 1.00 188
0.818966 95.00 116
0.323944 276.00 852
0.219178 32.00 146
0.632022 225.00 356

0.054388 44.00 809
0.662447 157.00 237
0.631121 580.00 919
0.044053 20.00 454
0.605839 83.00 137

0.802439 329.00 410
0.243466 177.00 727
0.049587 6.00 121
0.827411 163.00 197
0.082321 61.00 741

0.081356 24.00 295
0.301786 169.00 560
0.130303 86.00 660
0.934307 128.00 137
0.554636 335.00 604

0.315068 46.00 146
0.078176 24.00 307
0.286713 41.00 143
0.399225 103.00 258
0.921569 282.00 306

0.463339 297.00 641
0.110672 28.00 253
0.779817 340.00 436
0.306122 45.00 147
0.338710 147.00 434

0.544643 61.00 112
0.358621 260.00 725
0.514388 143.00 278
0.517094 121.00 234
0.067227 8.00 119

0.162338 25.00 154
0.311787 82.00 263
0.656535 216.00 329
0.370297 187.00 505
0.497731 329.00 661

0.440083 213.00 484
0.184122 109.00 592
0.119441 94.00 787
0.839623 445.00 530
0.416327 306.00 735

0.078818 32.00 406
0.413428 234.00 566
0.852459 104.00 122
0.397946 310.00 779
0.256158 52.00 203

0.121951 50.00 410
0.286624 45.00 157
0.437500 126.00 288
0.736842 238.00 323
0.416058 57.00 137

0.657952 302.00 459
0.375635 370.00 985
0.416667 135.00 324
0.534749 277.00 518
0.013736 10.00 728

0.342561 198.00 578
0.040816 6.00 147
0.355769 222.00 624
0.664935 512.00 770
0.598007 360.00 602

0.807339 88.00 109
0.079470 12.00 151
0.589286 66.00 112
0.382979 252.00 658
0.142582 74.00 519

0.749164 224.00 299
0.706740 388.00 549
0.281250 90.00 320
0.091503 14.00 153
0.172589 136.00 788

0.390805 272.00 696
0.380645 177.00 465
0.615385 184.00 299
0.062745 16.00 255
0.550000 396.00 720

0.444444 80.00 180
0.316514 69.00 218
0.253870 164.00 646
0.103448 24.00 232
0.879121 240.00 273

0.281818 31.00 110
0.101695 12.00 118
0.326923 34.00 104
0.760284 536.00 705
0.523207 248.00 474

0.236776 94.00 397
0.305970 41.00 134
0.544423 288.00 529
0.617433 255.00 413
0.299862 218.00 727

0.146341 18.00 123
0.339367 225.00 663
0.302198 55.00 182
0.411483 86.00 209
0.803245 396.00 493

0.168076 159.00 946
0.026786 3.00 112
0.964912 110.00 114
0.023622 3.00 127
0.816479 218.00 267

0.378947 108.00 285
0.148148 20.00 135
0.826667 434.00 525
0.480565 136.00 283
0.171014 59.00 345

0.828767 121.00 146
0.896389 571.00 637
0.040984 35.00 854
0.104129 58.00 557
0.131257 118.00 899

0.347826 40.00 115
0.760300 203.00 267
0.374046 49.00 131
0.501408 178.00 355
0.009615 1.00 104

0.183284 125.00 682
0.832487 656.00 788
0.082609 19.00 230
0.092593 25.00 270
0.807615 403.00 499

0.103113 53.00 514
0.150442 17.00 113
0.826955 497.00 601
0.405556 365.00 900
0.511673 263.00 514

0.282098 156.00 553
0.312883 51.00 163
0.464567 118.00 254
0.865471 386.00 446
0.070470 42.00 596

0.159021 104.00 654
0.079019 58.00 734
0.632750 398.00 629
0.525641 123.00 234
0.601751 275.00 457

0.100000 11.00 110
0.048333 29.00 600
0.924528 147.00 159
0.650407 80.00 123
0.277228 112.00 404

0.173913 32.00 184
0.469925 125.00 266
0.250000 43.00 172
0.655776 562.00 857
0.451807 75.00 166

0.361502 77.00 213
0.136706 127.00 929
0.760479 381.00 501
0.275132 104.00 378
0.469027 53.00 113

0.262295 32.00 122
0.261905 44.00 168
0.970930 668.00 688
0.342466 75.00 219
0.166667 42.00 252

0.057011 37.00 649
0.932099 302.00 324
0.286674 256.00 893
0.353612 93.00 263
0.373239 159.00 426

0.208633 29.00 139
0.210948 158.00 749
0.552486 200.00 362
0.546599 217.00 397
0.484694 95.00 196

0.728507 161.00 221
0.004975 1.00 201
0.564541 363.00 643
0.526786 59.00 112
0.171642 23.00 134

0.209596 83.00 396
0.888514 263.00 296
0.262243 166.00 633
0.462069 67.00 145
0.177215 28.00 158

0.632446 499.00 789
0.532110 58.00 109
0.574627 77.00 134
0.215094 57.00 265
0.053619 40.00 746

0.382114 47.00 123
0.142857 83.00 581
0.051948 8.00 154
0.495726 58.00 117
0.933824 127.00 136

0.688000 86.00 125
0.711485 254.00 357
0.152047 26.00 171
0.307018 35.00 114
0.136364 30.00 220

0.666667 156.00 234
0.441536 253.00 573
0.040650 5.00 123
0.718062 163.00 227
0.131387 36.00 274

0.200000 26.00 130
0.265537 47.00 177
0.435294 74.00 170
0.371926 363.00 976
0.726428 547.00 753

0.370370 100.00 270
0.671154 349.00 520
0.668776 634.00 948
0.110714 31.00 280
0.178218 18.00 101

0.116776 71.00 608
0.375527 178.00 474
0.762821 476.00 624
0.262357 207.00 789
0.482143 189.00 392

0.687204 145.00 211
0.547009 128.00 234
0.164835 30.00 182
0.038298 9.00 235
0.561290 87.00 155

0.672872 253.00 376
0.158730 40.00 252
0.697479 415.00 595
0.350676 337.00 961
0.117155 28.00 239

0.343455 328.00 955
0.675400 464.00 687
0.218487 26.00 119
0.248902 170.00 683
0.517123 302.00 584

0.106383 20.00 188
0.653846 102.00 156
0.604790 101.00 167
0.089286 10.00 112
0.547368 104.00 190

0.593923 215.00 362
0.133094 37.00 278
0.715686 73.00 102
0.440323 273.00 620
0.120773 25.00 207

0.802454 654.00 815
0.012658 3.00 237
0.179104 24.00 134
0.638498 136.00 213
0.366972 120.00 327

0.034901 23.00 659
0.478173 471.00 985
0.614951 436.00 709
0.685714 456.00 665
0.185430 28.00 151

0.589958 423.00 717
0.808696 93.00 115
0.190193 128.00 673
0.030391 21.00 691
0.382239 99.00 259

0.065574 16.00 244
0.526224 301.00 572
0.509363 136.00 267
0.228856 92.00 402
0.675105 160.00 237

0.457490 113.00 247
0.389558 194.00 498
0.059801 36.00 602
0.315315 105.00 333
0.776923 202.00 260

0.103321 28.00 271
0.720657 307.00 426
0.035242 8.00 227
0.708831 594.00 838
0.432099 70.00 162

0.571885 537.00 939
0.693928 560.00 807
0.196165 133.00 678
0.287129 29.00 101
0.253687 86.00 339

0.063910 34.00 532
0.078014 11.00 141
0.307018 35.00 114
0.581897 135.00 232
0.966777 582.00 602

0.169231 33.00 195
0.495066 301.00 608
0.423529 72.00 170
0.452970 183.00 404
0.457792 141.00 308

0.254054 188.00 740
0.482456 220.00 456
0.208696 24.00 115
0.520154 271.00 521
0.537234 101.00 188

0.607843 155.00 255
0.420074 113.00 269
0.827440 585.00 707
0.011173 2.00 179
0.130390 127.00 974

0.220708 81.00 367
0.373599 300.00 803
0.454135 302.00 665
0.553366 337.00 609
0.398058 41.00 103

0.082540 26.00 315
0.638462 83.00 130
0.226804 44.00 194
0.482353 82.00 170
0.565749 185.00 327

0.573723 393.00 685
0.113636 65.00 572
0.196552 57.00 290
0.339450 37.00 109
0.777778 413.00 531

0.483607 59.00 122
0.226027 66.00 292
0.791541 262.00 331
0.471842 310.00 657
0.027523 3.00 109

0.225473 131.00 581
0.278884 140.00 502
0.124204 39.00 314
0.897297 332.00 370
0.471774 351.00 744

0.783505 456.00 582
0.348148 94.00 270
0.171206 44.00 257
0.550765 396.00 719
0.147022 116.00 789

0.503067 410.00 815
0.787462 515.00 654
0.238710 74.00 310
0.427481 56.00 131
0.040453 25.00 618

0.038153 19.00 498
0.203765 184.00 903
0.571429 152.00 266
0.513238 504.00 982
0.669421 81.00 121

0.071942 30.00 417
0.649770 141.00 217
0.182870 79.00 432
0.253394 168.00 663
0.839416 345.00 411

0.183007 28.00 153
0.333333 45.00 135
0.119403 112.00 938
0.896774 556.00 620
0.466561 293.00 628

0.084112 18.00 214
0.711864 84.00 118
0.183673 27.00 147
0.169598 135.00 796
0.854054 158.00 185

0.419593 227.00 541
0.527523 230.00 436
0.012195 2.00 164
0.528986 73.00 138
0.513196 175.00 341

0.788718 769.00 975
0.500000 56.00 112
0.252809 45.00 178
0.284298 172.00 605
0.176252 95.00 539

0.521870 346.00 663
0.556886 186.00 334
0.633929 142.00 224
0.162218 79.00 487
0.126667 19.00 150

0.171908 82.00 477
0.003650 1.00 274
0.980392 500.00 510
0.700704 199.00 284
0.142857 38.00 266

0.931373 95.00 102
0.112922 97.00 859
0.539877 88.00 163
0.258112 175.00 678
0.154667 58.00 375

0.247925 239.00 964
0.379167 91.00 240
0.379562 52.00 137
0.818880 746.00 911
0.173755 143.00 823

0.046272 18.00 389
0.497872 117.00 235
0.758242 276.00 364
0.085020 63.00 741
0.609898 419.00 687

0.227513 43.00 189
0.581683 235.00 404
0.755352 247.00 327
0.268817 50.00 186
0.161943 40.00 247

0.211765 36.00 170
0.238710 37.00 155
0.431111 97.00 225
0.501805 278.00 554
0.617403 447.00 724

0.931298 122.00 131
0.312500 55.00 176
0.078947 9.00 114
0.584980 148.00 253
0.095469 59.00 618

0.707775 264.00 373
0.283019 30.00 106
0.105802 62.00 586
0.550069 401.00 729
0.351579 167.00 475

0.238965 157.00 657
0.147783 30.00 203
0.156463 23.00 147
0.641860 138.00 215
0.813953 140.00 172

0.163121 69.00 423
0.347763 241.00 693
0.397541 97.00 244
0.134615 14.00 104
0.954993 679.00 711

0.639130 147.00 230
0.078212 56.00 716
0.168403 97.00 576
0.722222 130.00 180
0.390836 145.00 371

0.576923 60.00 104
0.355450 75.00 211
0.489655 284.00 580
0.330717 295.00 892
0.245342 79.00 322

0.864078 267.00 309
0.703911 252.00 358
0.127778 92.00 720
0.080392 41.00 510
0.223853 122.00 545

0.009091 1.00 110
0.709924 93.00 131
0.400000 54.00 135
0.709748 648.00 913
0.172222 31.00 180

0.688406 285.00 414
0.439728 259.00 589
0.065891 34.00 516
0.559006 90.00 161
0.247482 172.00 695

0.821101 179.00 218
0.030075 4.00 133
0.273927 83.00 303
0.689938 336.00 487
0.186567 25.00 134

0.439850 351.00 798
0.042017 5.00 119
0.746341 153.00 205
0.114286 20.00 175
0.653846 85.00 130

0.656934 90.00 137
0.211964 163.00 769
0.256410 30.00 117
0.652081 611.00 937
0.218978 30.00 137

0.002275 2.00 879
0.864948 839.00 970
0.524648 149.00 284
0.137131 65.00 474
0.470961 446.00 947

0.465347 94.00 202
0.070362 66.00 938
0.642857 90.00 140
0.802721 118.00 147
0.014414 8.00 555

0.120370 13.00 108
0.984424 948.00 963
0.033929 19.00 560
0.172131 21.00 122
0.693069 490.00 707

0.182764 123.00 673
0.454892 358.00 787
0.919679 229.00 249
0.087379 18.00 206
0.355499 139.00 391

0.871287 88.00 101
0.080645 55.00 682
0.149606 114.00 762
0.512852 419.00 817
0.385827 147.00 381

0.228507 101.00 442
0.412826 206.00 499
0.782895 119.00 152
0.160900 93.00 578
0.420000 63.00 150

0.148699 40.00 269
0.706371 255.00 361
0.739130 136.00 184
0.251282 147.00 585
0.152824 46.00 301

0.205742 43.00 209
0.599659 352.00 587
0.062645 27.00 431
0.438849 61.00 139
0.697297 129.00 185

0.049875 20.00 401
0.430536 313.00 727
0.292398 50.00 171
0.242718 25.00 103
0.983903 489.00 497

0.761658 147.00 193
0.269231 70.00 260
0.641791 86.00 134
0.152610 114.00 747
0.177570 19.00 107

0.894891 613.00 685
0.085366 14.00 164
0.676471 69.00 102
0.131034 38.00 290
0.210421 105.00 499

0.592657 339.00 572
0.046053 7.00 152
0.404082 99.00 245
0.216625 86.00 397
0.741477 522.00 704

0.830165 655.00 789
0.454452 444.00 977
0.269006 46.00 171
0.010471 2.00 191
0.433824 59.00 136

0.901709 211.00 234
0.459075 387.00 843
0.507642 465.00 916
0.104555 101.00 966
0.028274 19.00 672

0.226891 54.00 238
0.301794 185.00 613
0.075614 40.00 529
0.503650 69.00 137
0.890000 89.00 100

0.365759 188.00 514
0.570248 69.00 121
0.285714 38.00 133
0.255245 146.00 572
0.520000 195.00 375

0.123967 15.00 121
0.276151 132.00 478
0.554930 197.00 355
0.270103 131.00 485
0.774799 578.00 746

0.788922 527.00 668
0.059140 22.00 372
0.705321 517.00 733
0.046200 31.00 671
0.401869 43.00 107

0.310680 64.00 206
0.225118 190.00 844
0.480597 161.00 335
0.094293 38.00 403
0.888889 360.00 405

0.188889 34.00 180
0.397516 64.00 161
0.496013 311.00 627
0.100437 69.00 687
0.817039 585.00 716

0.397516 128.00 322
0.535088 183.00 342
0.325153 53.00 163
0.314488 89.00 283
0.429293 85.00 198

0.491018 246.00 501
0.353333 53.00 150
0.136082 66.00 485
0.445665 365.00 819
0.574661 127.00 221

0.187858 164.00 873
0.568627 435.00 765
0.064706 11.00 170
0.733766 226.00 308
0.446456 296.00 663

0.119444 86.00 720
0.750000 237.00 316
0.406098 333.00 820
0.346535 35.00 101
0.378378 70.00 185

0.286885 35.00 122
0.035714 6.00 168
0.670061 658.00 982
0.578947 132.00 228
0.429175 406.00 946

0.083333 10.00 120
0.924528 98.00 106
0.431646 341.00 790
0.269615 189.00 701
0.289121 194.00 671

0.974026 150.00 154
0.216667 26.00 120
0.261416 229.00 876
0.213415 35.00 164
0.336066 41.00 122

0.084629 49.00 579
0.143939 19.00 132
0.830855 447.00 538
0.151261 18.00 119
0.782705 706.00 902

0.176471 108.00 612
0.127721 88.00 689
0.731915 172.00 235
0.027125 15.00 553
0.936242 279.00 298

0.081081 30.00 370
0.186732 152.00 814
0.972973 108.00 111
0.733696 135.00 184
0.024752 5.00 202

0.378092 107.00 283
0.084862 37.00 436
0.240372 181.00 753
0.570000 342.00 600
0.729282 132.00 181

0.905928 703.00 776
0.122807 21.00 171
0.517190 346.00 669
0.344383 187.00 543
0.108949 28.00 257

0.860140 246.00 286
0.450617 73.00 162
0.195266 33.00 169
0.392424 259.00 660
0.106691 59.00 553

0.148489 113.00 761
0.424658 62.00 146
0.160142 135.00 843
0.304636 46.00 151
0.963563 238.00 247

0.713918 277.00 388
0.485577 101.00 208
0.076659 67.00 874
0.626437 327.00 522
0.095588 13.00 136

0.009804 1.00 102
0.559910 500.00 893
0.592058 492.00 831
0.077586 9.00 116
0.758007 639.00 843

0.568093 146.00 257
0.708487 384.00 542
0.344371 104.00 302
0.238162 171.00 718
0.141509 30.00 212

0.290598 238.00 819
0.853282 221.00 259
0.155894 123.00 789
0.229885 40.00 174
0.470588 72.00 153

0.659091 406.00 616
0.352000 44.00 125
0.305755 170.00 556
0.629032 78.00 124
0.048611 7.00 144

0.832370 144.00 173
0.131640 57.00 433
0.146199 25.00 171
0.702186 257.00 366
0.187500 21.00 112

0.707665 397.00 561
0.148776 79.00 531
0.809091 89.00 110
0.217544 62.00 285
0.118557 23.00 194

0.817360 452.00 553
0.169082 35.00 207
0.594161 407.00 685
0.223097 85.00 381
0.194444 49.00 252

0.879433 248.00 282
0.028571 3.00 105
0.391176 133.00 340
0.440789 67.00 152
0.258621 30.00 116

0.355932 42.00 118
0.761711 374.00 491
0.066298 12.00 181
0.220297 89.00 404
0.593533 514.00 866

0.843924 757.00 897
0.304828 221.00 725
0.552000 138.00 250
0.019737 15.00 760
0.279129 218.00 781

0.306306 34.00 111
0.049149 26.00 529
0.632047 213.00 337
0.850847 502.00 590
0.160584 44.00 274

0.066667 37.00 555
0.408859 240.00 587
0.443946 99.00 223
0.739454 298.00 403
0.341880 80.00 234

0.798587 226.00 283
0.252101 30.00 119
0.294828 171.00 580
0.039024 16.00 410
0.615385 80.00 130

0.748466 244.00 326
0.726667 109.00 150
0.020710 7.00 338
0.365169 65.00 178
0.141667 17.00 120

0.601942 186.00 309
0.281768 51.00 181
0.287197 83.00 289
0.259398 69.00 266
0.575251 172.00 299

0.584158 177.00 303
0.329159 184.00 559
0.261324 75.00 287
0.683616 242.00 354
0.143054 104.00 727

0.036364 6.00 165
0.990521 209.00 211
0.164384 36.00 219
0.166437 121.00 727
0.641100 443.00 691

0.050909 14.00 275
0.426230 52.00 122
0.675862 98.00 145
0.624000 78.00 125
0.222222 62.00 279

0.544118 74.00 136
0.415241 267.00 643
0.050000 10.00 200
0.037825 16.00 423
0.949309 206.00 217

0.112150 36.00 321
0.673469 429.00 637
0.053398 11.00 206
0.826923 172.00 208
0.334405 104.00 311

0.946667 710.00 750
0.111940 105.00 938
0.485411 183.00 377
0.435530 304.00 698
0.019713 11.00 558

0.078431 8.00 102
0.520936 423.00 812
0.746835 177.00 237
0.136364 24.00 176
0.513043 295.00 575

0.786611 188.00 239
0.264286 37.00 140
0.029973 11.00 367
0.490370 331.00 675
0.431416 195.00 452

0.598958 115.00 192
0.054775 39.00 712
0.145012 125.00 862
0.368932 38.00 103
0.830435 382.00 460

0.020979 3.00 143
0.142857 67.00 469
0.324435 158.00 487
0.987179 693.00 702
0.523490 78.00 149

0.560606 111.00 198
0.796703 145.00 182
0.013636 3.00 220
0.416667 120.00 288
0.216216 152.00 703

0.358209 168.00 469
0.920330 335.00 364
0.366906 102.00 278
0.229474 109.00 475
0.129111 106.00 821

0.572607 347.00 606
0.345098 88.00 255
0.951754 217.00 228
0.031088 6.00 193
0.100427 94.00 936

0.026217 7.00 267
0.061966 29.00 468
0.425837 89.00 209
0.681416 231.00 339
0.803435 421.00 524

0.015000 3.00 200
0.872832 151.00 173
0.632000 158.00 250
0.356410 139.00 390
0.126050 15.00 119

0.151694 103.00 679
0.109649 25.00 228
0.548780 90.00 164
0.671958 127.00 189
0.515480 333.00 646

0.289720 31.00 107
0.658163 129.00 196
0.347977 301.00 865
0.276316 63.00 228
0.428571 81.00 189

0.031088 6.00 193
0.184874 22.00 119
0.948113 201.00 212
0.325581 70.00 215
0.512088 233.00 455

0.017921 5.00 279
0.522876 80.00 153
0.183386 117.00 638
0.347003 110.00 317
0.931937 890.00 955

0.324675 50.00 154
0.277778 35.00 126
0.009569 2.00 209
0.413203 169.00 409
0.981203 261.00 266

0.293065 131.00 447
0.152096 127.00 835
0.965174 194.00 201
0.443299 258.00 582
0.145390 41.00 282

0.685096 285.00 416
0.145877 69.00 473
0.183206 24.00 131
0.346749 224.00 646
0.641026 100.00 156

0.131034 114.00 870
0.618421 282.00 456
0.403454 257.00 637
0.423077 88.00 208
0.421384 67.00 159

0.140152 37.00 264
0.334152 272.00 814
0.133333 36.00 270
0.605839 83.00 137
0.781513 93.00 119

0.571644 379.00 663
0.585938 75.00 128
0.051688 49.00 948
0.105590 17.00 161
0.683673 134.00 196

0.151111 68.00 450
0.547790 533.00 973
0.951515 471.00 495
0.285410 268.00 939
0.061688 19.00 308

0.100437 23.00 229
0.891304 246.00 276
0.850242 176.00 207
0.089021 30.00 337
0.071264 31.00 435

0.239808 200.00 834
0.980198 99.00 101
0.226950 32.00 141
0.516981 137.00 265
0.038462 7.00 182

0.861386 87.00 101
0.544669 189.00 347
0.067416 24.00 356
0.260870 162.00 621
0.262040 185.00 706

0.224199 63.00 281
0.312649 131.00 419
0.312217 69.00 221
0.159091 21.00 132
0.992806 138.00 139

0.825175 118.00 143
0.737813 560.00 759
0.372093 80.00 215
0.044715 33.00 738
0.020000 6.00 300

0.296296 88.00 297
0.467153 64.00 137
0.025773 25.00 970
0.785714 264.00 336
0.426829 70.00 164

0.928571 169.00 182
0.097466 50.00 513
0.070175 12.00 171
0.103746 36.00 347
0.806527 346.00 429

0.355487 230.00 647
0.209184 41.00 196
0.501761 285.00 568
0.714133 667.00 934
0.218605 94.00 430

0.828746 271.00 327
0.071429 18.00 252
0.209677 39.00 186
0.097484 62.00 636
0.800000 84.00 105

0.447307 382.00 854
0.683881 437.00 639
0.361702 68.00 188
0.037037 9.00 243
0.474138 55.00 116

0.578652 412.00 712
0.199630 108.00 541
0.207752 134.00 645
0.208333 55.00 264
0.803681 262.00 326

0.108571 19.00 175
0.031447 10.00 318
0.751323 142.00 189
0.561644 164.00 292
0.551471 75.00 136

0.300527 171.00 569
0.157480 40.00 254
0.172662 72.00 417
0.982222 221.00 225
0.388220 290.00 747

0.500000 181.00 362
0.287129 29.00 101
0.472727 52.00 110
0.125000 95.00 760
0.608696 126.00 207

0.343811 175.00 509
0.428571 45.00 105
0.113680 59.00 519
0.212121 105.00 495
0.898089 141.00 157

0.258013 161.00 624
0.150617 61.00 405
0.271739 50.00 184
0.747664 80.00 107
0.571429 244.00 427

0.087500 14.00 160
0.881809 858.00 973
0.680217 251.00 369
0.342857 36.00 105
0.013086 12.00 917

0.163617 152.00 929
0.065625 42.00 640
0.248031 63.00 254
0.851485 258.00 303
0.670886 106.00 158

0.191667 92.00 480
0.684783 126.00 184
0.519380 67.00 129
0.520945 485.00 931
0.087838 13.00 148

0.484252 246.00 508
0.571970 151.00 264
0.522422 233.00 446
0.162791 35.00 215
0.259596 257.00 990

0.537143 188.00 350
0.543860 62.00 114
0.742138 118.00 159
0.144186 31.00 215
0.032345 12.00 371

0.899492 886.00 985
0.437811 176.00 402
0.203364 133.00 654
0.312925 230.00 735
0.148315 66.00 445

0.345794 37.00 107
0.111524 30.00 269
0.752830 399.00 530
0.086364 19.00 220
0.710317 179.00 252

0.690945 351.00 508
0.069717 32.00 459
0.860511 438.00 509
0.142857 33.00 231
0.236301 69.00 292

0.210145 58.00 276
0.103368 89.00 861
0.079909 35.00 438
0.819005 181.00 221
0.787276 396.00 503

0.496241 66.00 133
0.597368 227.00 380
0.047120 9.00 191
0.009747 5.00 513
0.853403 326.00 382

0.256545 49.00 191
0.259675 208.00 801
0.219697 145.00 660
0.981308 105.00 107
0.286432 57.00 199

0.610169 108.00 177
0.265152 105.00 396
0.465438 101.00 217
0.133144 47.00 353
0.527814 408.00 773

0.727273 256.00 352
0.022298 13.00 583
0.470032 447.00 951
0.005714 1.00 175
0.774845 499.00 644

0.734831 327.00 445
0.319315 205.00 642
0.502024 124.00 247
0.021108 8.00 379
0.420168 200.00 476

0.498498 166.00 333
0.200295 136.00 679
0.027987 26.00 929
0.498592 177.00 355
0.776119 104.00 134

0.556845 240.00 431
0.589377 577.00 979
0.237288 84.00 354
0.592075 254.00 429
0.021583 3.00 139

0.331034 240.00 725
0.743307 472.00 635
0.592593 288.00 486
0.108225 25.00 231
0.224907 121.00 538

0.995822 715.00 718
0.249377 100.00 401
0.095808 16.00 167
0.383178 41.00 107
0.276596 91.00 329

0.162641 101.00 621
0.669202 176.00 263
0.609461 554.00 909
0.488789 109.00 223
0.069217 38.00 549

0.212500 34.00 160
0.842640 166.00 197
0.805195 124.00 154
0.001938 1.00 516
0.138889 20.00 144

0.304094 104.00 342
0.094688 41.00 433
0.549153 162.00 295
0.993865 324.00 326
0.058091 28.00 482

0.723757 131.00 181
0.750000 102.00 136
0.184405 175.00 949
0.155769 81.00 520
0.179074 89.00 497

0.589677 457.00 775
0.378378 56.00 148
0.250000 25.00 100
0.490654 210.00 428
0.288793 67.00 232

0.196347 43.00 219
0.718391 375.00 522
0.525862 122.00 232
0.502778 181.00 360
0.053763 25.00 465

0.860738 513.00 596
0.142509 117.00 821
0.005714 2.00 350
0.394495 215.00 545
0.597330 537.00 899

0.059140 11.00 186
0.427692 139.00 325
0.953917 828.00 868
0.197452 31.00 157
0.362745 37.00 102

0.221354 85.00 384
0.230769 36.00 156
0.193878 38.00 196
0.670051 132.00 197
0.680785 659.00 968

0.819048 86.00 105
0.474576 112.00 236
0.002681 1.00 373
0.229358 75.00 327
0.473054 79.00 167

0.264583 127.00 480
0.206667 31.00 150
0.912338 281.00 308
0.422222 95.00 225
0.193742 161.00 831

0.248853 217.00 872
0.191667 23.00 120
0.158257 69.00 436
0.647399 112.00 173
0.751553 242.00 322

0.052786 18.00 341
0.434409 202.00 465
0.603896 93.00 154
0.243151 71.00 292
0.665541 197.00 296

0.252427 52.00 206
0.059322 7.00 118
0.685039 174.00 254
0.811966 95.00 117
0.184211 42.00 228

0.520588 177.00 340
0.117994 80.00 678
0.456399 403.00 883
0.683243 632.00 925
0.219907 95.00 432

0.261905 55.00 210
0.084507 12.00 142
0.912298 905.00 992
0.431163 404.00 937
0.315113 98.00 311

0.580071 163.00 281
0.719409 341.00 474
0.064599 25.00 387
0.269598 141.00 523
0.362963 98.00 270

0.372449 292.00 784
0.441767 220.00 498
0.790650 389.00 492
0.018610 15.00 806
0.375494 190.00 506

0.704000 88.00 125
0.290541 86.00 296
0.081761 13.00 159
0.296636 97.00 327
0.627517 187.00 298

0.294333 161.00 547
0.591004 565.00 956
0.043860 5.00 114
0.081081 24.00 296
0.995050 201.00 202

0.132812 17.00 128
0.958937 397.00 414
0.618467 355.00 574
0.136476 55.00 403
0.151125 47.00 311

0.527132 136.00 258
0.357558 123.00 344
0.047348 25.00 528
0.437943 247.00 564
0.631222 279.00 442

0.388430 235.00 605
0.570000 114.00 200
0.665060 276.00 415
0.367521 258.00 702
0.007444 6.00 806

0.347561 57.00 164
0.378995 83.00 219
0.736842 84.00 114
0.467505 223.00 477
0.065934 36.00 546

0.020408 10.00 490
0.550279 197.00 358
0.911932 321.00 352
0.335570 50.00 149
0.180328 77.00 427

0.526596 99.00 188
0.449761 94.00 209
0.343750 176.00 512
0.084444 19.00 225
0.592213 578.00 976

0.005618 1.00 178
0.332776 199.00 598
0.797170 169.00 212
0.798450 103.00 129
0.065990 13.00 197

0.167076 68.00 407
0.329341 110.00 334
0.427848 169.00 395
0.743316 417.00 561
0.330275 36.00 109

0.413534 55.00 133
0.330882 45.00 136
0.463768 224.00 483
0.170782 83.00 486
0.625510 613.00 980

0.823219 312.00 379
0.001445 1.00 692
0.058511 11.00 188
0.353952 103.00 291
0.763265 187.00 245

0.036424 11.00 302
0.599388 196.00 327
0.920354 208.00 226
0.140704 28.00 199
0.300000 42.00 140

0.317047 292.00 921
0.021484 11.00 512
0.947619 199.00 210
0.573460 242.00 422
0.139800 98.00 701

0.050909 14.00 275
0.236915 172.00 726
0.996479 283.00 284
0.322709 162.00 502
0.394737 180.00 456

0.560748 60.00 107
0.837838 93.00 111
0.323529 33.00 102
0.155579 145.00 932
0.125828 19.00 151

0.663793 77.00 116
0.043478 11.00 253
0.078947 12.00 152
0.715470 518.00 724
0.500000 57.00 114

0.012371 6.00 485
0.653992 172.00 263
0.686186 457.00 666
0.450413 218.00 484
0.200000 26.00 130

0.122951 15.00 122
0.155914 58.00 372
0.977099 128.00 131
0.395349 170.00 430
0.350254 69.00 197

0.014085 2.00 142
0.296248 229.00 773
0.820776 719.00 876
0.346440 326.00 941
0.522670 415.00 794

0.059016 18.00 305
0.299065 32.00 107
0.473684 54.00 114
0.521614 181.00 347
0.641711 120.00 187

0.514205 181.00 352
0.384000 48.00 125
0.548611 158.00 288
0.389313 51.00 131
0.161572 148.00 916

0.507389 103.00 203
0.606593 276.00 455
0.256381 221.00 862
0.508861 201.00 395
0.125000 14.00 112

0.835461 589.00 705
0.023148 5.00 216
0.721893 244.00 338
0.322176 231.00 717
0.098592 21.00 213

0.176796 64.00 362
0.367521 43.00 117
0.549550 61.00 111
0.053435 14.00 262
0.859589 251.00 292

0.214815 29.00 135
0.896296 121.00 135
0.122363 29.00 237
0.695148 659.00 948
0.077491 21.00 271

0.090379 62.00 686
0.937931 136.00 145
0.650685 95.00 146
0.017857 7.00 392
0.307692 76.00 247

0.526706 355.00 674
0.148148 20.00 135
0.200873 46.00 229
0.235849 50.00 212
0.885057 231.00 261

0.544828 79.00 145
0.421429 59.00 140
0.613043 141.00 230
0.063584 22.00 346
0.360000 45.00 125

0.711538 74.00 104
0.385307 257.00 667
0.239351 236.00 986
0.469595 139.00 296
0.187970 25.00 133

0.152812 125.00 818
0.418182 115.00 275
0.441176 60.00 136
0.188341 126.00 669
0.803468 139.00 173

0.657143 230.00 350
0.238501 140.00 587
0.510638 192.00 376
0.398230 45.00 113
0.195876 133.00 679

0.131148 16.00 122
0.728395 118.00 162
0.094877 50.00 527
0.366782 106.00 289
0.679121 309.00 455

0.171875 77.00 448
0.063380 9.00 142
0.548023 97.00 177
0.407216 79.00 194
0.807692 84.00 104

0.123077 24.00 195
0.247706 27.00 109
0.980392 100.00 102
0.156006 100.00 641
0.491525 116.00 236

0.477178 230.00 482
0.941667 113.00 120
0.356322 124.00 348
0.074122 57.00 769
0.156863 16.00 102

0.346348 275.00 794
0.800000 400.00 500
0.052893 32.00 605
0.259207 183.00 706
0.542553 306.00 564

0.666667 70.00 105
0.458194 274.00 598
0.116848 43.00 368
0.237374 188.00 792
0.525862 61.00 116

0.166667 94.00 564
0.828571 87.00 105
0.683398 177.00 259
0.066667 10.00 150
0.248521 42.00 169

0.915663 836.00 913
0.268908 32.00 119
0.269231 91.00 338
0.317881 48.00 151
0.222791 174.00 781

0.225000 36.00 160
0.116564 19.00 163
0.486957 56.00 115
0.429764 309.00 719
0.737226 303.00 411

0.477612 96.00 201
0.125926 17.00 135
0.267123 39.00 146
0.528761 239.00 452
0.602230 162.00 269

0.640351 146.00 228
0.109656 67.00 611
0.718121 107.00 149
0.439252 47.00 107
0.090909 11.00 121

0.500000 113.00 226
0.392000 49.00 125
0.381737 255.00 668
0.556299 499.00 897
0.169643 95.00 560

0.392157 40.00 102
0.268473 218.00 812
0.923077 96.00 104
0.151020 74.00 490
0.266250 213.00 800

0.074733 63.00 843
0.287037 31.00 108
0.318182 252.00 792
0.403326 388.00 962
0.912867 901.00 987

0.484848 64.00 132
0.903930 207.00 229
0.029412 16.00 544
0.531120 128.00 241
0.050955 16.00 314

0.579327 241.00 416
0.801653 97.00 121
0.398714 124.00 311
0.006110 3.00 491
0.209302 27.00 129

0.669388 164.00 245
0.379009 130.00 343
0.013678 9.00 658
0.683168 138.00 202
0.257831 107.00 415

0.630394 336.00 533
0.251627 116.00 461
0.560748 120.00 214
0.053012 22.00 415
0.505263 96.00 190

0.510163 251.00 492
0.747768 335.00 448
0.027919 22.00 788
0.050926 11.00 216
0.662500 265.00 400

0.382114 47.00 123
0.176322 140.00 794
0.793427 169.00 213
0.177243 81.00 457
0.467801 385.00 823

0.015385 2.00 130
0.370158 258.00 697
0.212670 47.00 221
0.997596 830.00 832
0.403846 84.00 208

0.870370 141.00 162
0.065789 10.00 152
0.038523 24.00 623
0.620690 72.00 116
0.412844 45.00 109

0.583893 87.00 149
0.466851 338.00 724
0.014478 14.00 967
0.720930 124.00 172
0.210728 55.00 261

0.052632 8.00 152
0.286385 61.00 213
0.831250 133.00 160
0.822835 209.00 254
0.006274 5.00 797

0.276786 31.00 112
0.800766 209.00 261
0.333333 59.00 177
0.113240 65.00 574
0.480000 48.00 100

0.029412 4.00 136
0.240541 89.00 370
0.243959 212.00 869
0.878947 167.00 190
0.609272 460.00 755

0.392593 53.00 135
0.932394 331.00 355
0.254237 30.00 118
0.419558 133.00 317
0.004184 2.00 478

0.100522 77.00 766
0.420382 198.00 471
0.722603 211.00 292
0.355263 108.00 304
0.400000 58.00 145

0.626984 79.00 126
0.500000 215.00 430
0.457983 109.00 238
0.329545 87.00 264
0.086275 22.00 255

0.372340 210.00 564
0.074859 53.00 708
0.491525 58.00 118
0.436893 90.00 206
0.615385 72.00 117

0.407895 403.00 988
0.181989 97.00 533
0.256303 61.00 238
0.457338 268.00 586
0.694245 193.00 278

0.702069 509.00 725
0.011869 4.00 337
0.355685 122.00 343
0.284444 128.00 450
0.646817 315.00 487

0.273006 89.00 326
0.272000 34.00 125
0.984791 259.00 263
0.151671 59.00 389
0.313625 122.00 389

0.790476 83.00 105
0.707158 326.00 461
0.013092 13.00 993
0.278481 44.00 158
0.207547 22.00 106

0.029126 3.00 103
0.387309 177.00 457
0.685714 72.00 105
0.881818 97.00 110
0.014778 6.00 406

0.510638 96.00 188
0.340580 47.00 138
0.073529 10.00 136
0.290000 29.00 100
0.786667 413.00 525

0.686275 140.00 204
0.146154 57.00 390
0.300000 60.00 200
0.602914 331.00 549
0.264228 130.00 492

0.905983 318.00 351
0.116071 13.00 112
0.156951 35.00 223
0.476706 440.00 923
0.348910 112.00 321

0.066879 21.00 314
0.666667 118.00 177
0.401961 41.00 102
0.223796 79.00 353
0.634568 257.00 405

0.337017 61.00 181
0.719368 182.00 253
0.445151 280.00 629
0.309497 277.00 895
0.189602 186.00 981

0.777778 196.00 252
0.056604 6.00 106
0.359016 219.00 610
0.007614 3.00 394
0.795953 472.00 593

0.044776 18.00 402
0.958716 209.00 218
0.223112 195.00 874
0.150721 115.00 763
0.621429 87.00 140

0.250000 87.00 348
0.898345 380.00 423
0.240288 167.00 695
0.544304 86.00 158
0.072581 9.00 124

0.180556 39.00 216
0.644495 281.00 436
0.012821 12.00 936
0.235294 40.00 170
0.929730 172.00 185

0.870370 94.00 108
0.027027 5.00 185
0.607595 96.00 158
0.055718 19.00 341
0.437037 59.00 135

0.164557 26.00 158
0.423680 297.00 701
0.228916 38.00 166
0.618056 89.00 144
0.569460 496.00 871

0.874525 230.00 263
0.247706 27.00 109
0.406977 140.00 344
0.165354 42.00 254
0.305202 264.00 865

0.297297 132.00 444
0.338028 72.00 213
0.861386 87.00 101
0.152381 32.00 210
0.352941 42.00 119

0.087413 25.00 286
0.163842 29.00 177
0.202632 77.00 380
0.568627 58.00 102
0.982011 928.00 945

0.617211 208.00 337
0.273504 128.00 468
0.277778 30.00 108
0.337029 152.00 451
0.497110 86.00 173

0.380673 260.00 683
0.014134 4.00 283
0.506849 74.00 146
0.364407 86.00 236
0.732394 520.00 710

0.350282 62.00 177
0.109306 74.00 677
0.125937 84.00 667
0.676829 111.00 164
0.737079 656.00 890

0.054441 38.00 698
0.374101 52.00 139
0.723577 89.00 123
0.039095 19.00 486
0.815000 163.00 200

0.122924 74.00 602
0.089431 22.00 246
0.613139 84.00 137
0.867347 255.00 294
0.307918 210.00 682

0.229885 60.00 261
0.543103 63.00 116
0.896040 724.00 808
0.109195 38.00 348
0.227273 30.00 132

0.195531 35.00 179
0.426097 369.00 866
0.769676 665.00 864
0.131334 127.00 967
0.476190 130.00 273

0.766798 194.00 253
0.053425 39.00 730
0.190601 73.00 383
0.980456 301.00 307
0.006579 3.00 456

0.116667 56.00 480
0.400000 62.00 155
0.509585 319.00 626
0.710870 327.00 460
0.266423 146.00 548

0.193133 45.00 233
0.786223 331.00 421
0.697761 374.00 536
0.234146 48.00 205
0.087680 79.00 901

0.447452 281.00 628
0.785311 139.00 177
0.200000 27.00 135
0.457293 348.00 761
0.112440 47.00 418

0.914729 118.00 129
0.750000 159.00 212
0.133047 93.00 699
0.080569 17.00 211
0.122153 118.00 966

0.857741 615.00 717
0.480549 210.00 437
0.326165 91.00 279
0.020284 20.00 986
0.316901 45.00 142

0.298541 266.00 891
0.029126 3.00 103
0.684916 613.00 895
0.182104 116.00 637
0.802993 322.00 401

0.621730 309.00 497
0.540698 93.00 172
0.401869 258.00 642
0.011869 8.00 674
0.419087 101.00 241

0.234310 56.00 239
0.979339 237.00 242
0.252632 216.00 855
0.097656 50.00 512
0.435185 94.00 216

0.388158 59.00 152
0.689655 140.00 203
0.367150 76.00 207
0.391304 72.00 184
0.165746 30.00 181

0.158798 37.00 233
0.727273 152.00 209
0.323729 191.00 590
0.253968 32.00 126
0.539583 259.00 480

0.270968 42.00 155
0.447964 99.00 221
0.741794 339.00 457
0.122549 25.00 204
0.422043 157.00 372

0.549575 194.00 353
0.431373 88.00 204
0.951807 237.00 249
0.053659 11.00 205
0.015968 8.00 501

0.079498 19.00 239
0.404467 163.00 403
0.271654 69.00 254
0.475806 59.00 124
0.765101 114.00 149

0.078891 37.00 469
0.063927 56.00 876
0.230072 127.00 552
0.841270 424.00 504
0.784689 164.00 209

0.032500 13.00 400
0.564356 57.00 101
0.103819 87.00 838
0.656442 107.00 163
0.646766 260.00 402

0.481781 238.00 494
0.094053 68.00 723
0.500000 88.00 176
0.393484 157.00 399
0.528302 392.00 742

0.255269 109.00 427
0.557522 126.00 226
0.740602 197.00 266
0.236467 83.00 351
0.213115 26.00 122

0.336478 107.00 318
0.090090 10.00 111
0.993473 761.00 766
0.060703 57.00 939
0.524272 54.00 103

0.819149 231.00 282
0.380208 73.00 192
0.438438 292.00 666
0.199203 50.00 251
0.163968 162.00 988

0.527027 78.00 148
0.827869 505.00 610
0.310345 45.00 145
0.320388 33.00 103
0.009302 2.00 215

0.271493 60.00 221
0.502890 87.00 173
0.798122 510.00 639
0.406897 59.00 145
0.025641 8.00 312

0.320000 40.00 125
0.195489 26.00 133
0.391846 346.00 883
0.604128 322.00 533
0.491914 365.00 742

0.219048 23.00 105
0.735931 170.00 231
0.208163 51.00 245
0.359813 154.00 428
0.474453 65.00 137

0.574803 146.00 254
0.600503 239.00 398
0.381663 179.00 469
0.010194 10.00 981
0.430830 109.00 253

0.278431 71.00 255
0.829596 555.00 669
0.500000 409.00 818
0.076923 28.00 364
0.316279 136.00 430

0.176056 75.00 426
0.656904 157.00 239
0.114786 59.00 514
0.819512 168.00 205
0.229759 105.00 457

0.317308 33.00 104
0.865497 148.00 171
0.413223 50.00 121
0.398496 106.00 266
0.003916 3.00 766

0.693333 104.00 150
0.458128 93.00 203
0.243626 86.00 353
0.414376 196.00 473
0.187192 38.00 203

0.175115 38.00 217
0.042654 9.00 211
0.880640 605.00 687
0.745283 79.00 106
0.155340 16.00 103

0.412281 47.00 114
0.927536 384.00 414
0.560411 218.00 389
0.048544 5.00 103
0.046512 12.00 258

0.427230 91.00 213
0.626087 72.00 115
0.315789 36.00 114
0.045685 9.00 197
0.583051 172.00 295

0.652720 156.00 239
0.857143 90.00 105
0.019787 13.00 657
0.135484 21.00 155
0.333333 81.00 243

0.445033 336.00 755
0.625000 105.00 168
0.677966 80.00 118
0.054545 6.00 110
0.201031 39.00 194

0.284281 170.00 598
0.087356 38.00 435
0.630769 205.00 325
0.238148 216.00 907
0.758065 705.00 930

0.525120 439.00 836
0.417910 308.00 737
0.414474 63.00 152
0.019355 6.00 310
0.621399 453.00 729

0.926335 503.00 543
0.196078 30.00 153
0.389078 114.00 293
0.348432 100.00 287
0.142638 93.00 652

0.428999 287.00 669
0.001027 1.00 974
0.945652 261.00 276
0.018595 9.00 484
0.605769 63.00 104

0.467836 80.00 171
0.310000 31.00 100
0.162393 95.00 585
0.789116 116.00 147
0.271186 96.00 354

0.611285 585.00 957
0.216981 23.00 106
0.237410 66.00 278
0.504587 55.00 109
0.435897 102.00 234

0.815951 399.00 489
0.409966 362.00 883
0.304950 154.00 505
0.173333 52.00 300
0.297980 59.00 198

0.012739 2.00 157
0.441624 348.00 788
0.065217 33.00 506
0.532787 520.00 976
0.947627 579.00 611

0.645933 135.00 209
0.177778 24.00 135
0.426322 379.00 889
0.389527 305.00 783
0.354588 228.00 643

0.097015 26.00 268
0.412281 47.00 114
0.370690 43.00 116
0.299459 277.00 925
0.826237 718.00 869

0.061433 36.00 586
0.278970 65.00 233
0.420408 412.00 980
0.335863 177.00 527
0.905556 815.00 900

0.688119 139.00 202
0.024664 22.00 892
0.471338 148.00 314
0.737762 422.00 572
0.081301 30.00 369

0.342466 100.00 292
0.472590 250.00 529
0.863636 95.00 110
0.160804 32.00 199
0.160714 18.00 112

0.063636 21.00 330
0.925373 248.00 268
0.405442 298.00 735
0.291855 129.00 442
0.313830 59.00 188

0.970480 263.00 271
0.178947 136.00 760
0.211111 57.00 270
0.581098 455.00 783
0.058065 45.00 775

0.326165 182.00 558
0.512077 106.00 207
0.811715 194.00 239
0.030822 9.00 292
0.319444 46.00 144

0.612595 321.00 524
0.216117 59.00 273
0.341053 162.00 475
0.258503 38.00 147
0.570637 206.00 361

0.912000 114.00 125
0.187500 144.00 768
0.503759 469.00 931
0.342857 84.00 245
0.055952 47.00 840

0.302632 69.00 228
0.786486 582.00 740
0.098214 11.00 112
0.422414 49.00 116
0.395683 55.00 139

0.173554 21.00 121
0.099585 24.00 241
0.477477 212.00 444
0.775000 372.00 480
0.473310 399.00 843

0.828104 607.00 733
0.411111 74.00 180
0.567708 109.00 192
0.041558 16.00 385
0.148368 50.00 337

0.439791 84.00 191
0.162029 99.00 611
0.474419 102.00 215
0.811667 487.00 600
0.110656 54.00 488

0.025707 10.00 389
0.692547 223.00 322
0.520492 381.00 732
0.119565 22.00 184
0.639851 517.00 808

0.386447 211.00 546
0.657005 136.00 207
0.232143 117.00 504
0.025316 4.00 158
0.698087 511.00 732

0.101562 13.00 128
0.910959 133.00 146
0.041958 6.00 143
0.262857 46.00 175
0.686452 532.00 775

0.066815 60.00 898
0.552273 243.00 440
0.212500 34.00 160
0.451807 75.00 166
0.713287 102.00 143

0.095665 64.00 669
0.303150 231.00 762
0.432530 359.00 830
0.509589 186.00 365
0.657688 586.00 891

0.197080 27.00 137
0.494624 276.00 558
0.753117 302.00 401
0.501114 225.00 449
0.051471 14.00 272

0.069364 12.00 173
0.281623 236.00 838
0.632184 110.00 174
0.059375 57.00 960
0.959538 166.00 173

0.358566 270.00 753
0.107251 71.00 662
0.451866 230.00 509
0.588367 263.00 447
0.494196 298.00 603

0.784861 197.00 251
0.495238 468.00 945
0.583333 238.00 408
0.127273 77.00 605
0.010246 5.00 488

0.454545 70.00 154
0.150442 17.00 113
0.089385 48.00 537
0.324561 111.00 342
0.974271 568.00 583

0.722871 433.00 599
0.232902 126.00 541
0.642738 385.00 599
0.294278 216.00 734
0.106952 20.00 187

0.457143 64.00 140
0.805621 344.00 427
0.112245 22.00 196
0.103194 42.00 407
0.525424 62.00 118

0.510345 74.00 145
0.547009 64.00 117
0.033195 8.00 241
0.628763 376.00 598
0.283636 78.00 275

0.004405 1.00 227
0.301255 216.00 717
0.333333 149.00 447
0.741641 244.00 329
0.618321 81.00 131

0.135417 39.00 288
0.609524 64.00 105
0.603175 76.00 126
0.034314 7.00 204
0.613079 225.00 367

0.810219 333.00 411
0.580402 231.00 398
0.089005 17.00 191
0.142857 44.00 308
0.376000 47.00 125

0.431034 50.00 116
0.822581 102.00 124
0.393220 116.00 295
0.095578 67.00 701
0.256410 50.00 195

0.051724 21.00 406
0.687943 97.00 141
0.212240 163.00 768
0.564356 57.00 101
0.476793 113.00 237

0.291331 289.00 992
0.355932 147.00 413
0.603774 64.00 106
0.067532 26.00 385
0.683524 419.00 613

0.328571 46.00 140
0.275735 75.00 272
0.220859 216.00 978
0.202703 30.00 148
0.965686 788.00 816

0.050998 23.00 451
0.088028 50.00 568
0.851577 459.00 539
0.972973 360.00 370
0.035326 13.00 368

0.609442 142.00 233
0.095552 58.00 607
0.422259 258.00 611
0.330754 171.00 517
0.541667 377.00 696

0.437592 298.00 681
0.071749 16.00 223
0.685658 349.00 509
0.794776 213.00 268
0.012658 2.00 158

0.510204 125.00 245
0.706960 193.00 273
0.513043 59.00 115
0.045515 34.00 747
0.229581 208.00 906

0.860927 130.00 151
0.291196 129.00 443
0.110000 22.00 200
0.165854 34.00 205
0.565525 479.00 847

0.009091 2.00 220
0.234328 157.00 670
0.513402 249.00 485
0.914601 332.00 363
0.330986 47.00 142

0.292373 69.00 236
0.151515 35.00 231
0.566116 137.00 242
0.238245 76.00 319
0.748201 104.00 139

0.523810 143.00 273
0.308943 76.00 246
0.851541 608.00 714
0.008696 1.00 115
0.303030 90.00 297

0.075472 8.00 106
0.997050 338.00 339
0.013228 5.00 378
0.685015 448.00 654
0.229249 58.00 253

0.236534 101.00 427
0.905245 535.00 591
0.097561 16.00 164
0.405556 146.00 360
0.356021 68.00 191

0.866667 559.00 645
0.146802 101.00 688
0.255507 58.00 227
0.528000 66.00 125
0.204278 191.00 935

0.762677 376.00 493
0.203187 51.00 251
0.274194 34.00 124
0.183942 126.00 685
0.570833 137.00 240

0.931601 681.00 731
0.278378 103.00 370
0.036386 29.00 797
0.485782 205.00 422
0.268263 224.00 835

0.752201 598.00 795
0.303887 86.00 283
0.630000 126.00 200
0.099338 15.00 151
0.212828 73.00 343

0.025518 16.00 627
0.475410 116.00 244
0.103147 59.00 572
0.530797 293.00 552
0.862928 277.00 321

0.614754 150.00 244
0.015038 6.00 399
0.115385 27.00 234
0.898053 784.00 873
0.358145 332.00 927

0.836129 648.00 775
0.276786 93.00 336
0.002762 1.00 362
0.535599 331.00 618
0.349686 278.00 795

0.604200 374.00 619
0.613772 205.00 334
0.337349 56.00 166
0.145631 15.00 103
0.296540 180.00 607

0.052254 51.00 976
0.062762 15.00 239
0.891403 394.00 442
0.947368 126.00 133
0.047078 29.00 616

0.922794 251.00 272
0.712987 549.00 770
0.104294 17.00 163
0.170040 42.00 247
0.091160 33.00 362

0.609319 510.00 837
0.295082 90.00 305
0.020915 16.00 765
0.223127 137.00 614
0.849057 90.00 106

0.897574 666.00 742
0.414286 58.00 140
0.015267 2.00 131
0.488889 418.00 855
0.176871 26.00 147

0.037149 37.00 996
0.595745 224.00 376
0.133333 16.00 120
0.515847 472.00 915
0.721845 532.00 737

0.206107 27.00 131
0.550388 71.00 129
0.130548 50.00 383
0.977223 901.00 922
0.133987 41.00 306

0.403571 113.00 280
0.918919 102.00 111
0.005277 2.00 379
0.191293 145.00 758
0.490385 51.00 104

0.255255 170.00 666
0.026490 4.00 151
0.949640 132.00 139
0.416382 244.00 586
0.353808 144.00 407

0.904153 283.00 313
0.128857 71.00 551
0.242647 132.00 544
0.395349 51.00 129
0.330508 39.00 118

0.427518 174.00 407
0.089796 22.00 245
0.466019 48.00 103
0.761468 83.00 109
0.264706 27.00 102

0.516802 446.00 863
0.828125 106.00 128
0.579439 62.00 107
0.051351 38.00 740
0.020513 4.00 195

0.201802 112.00 555
0.469828 218.00 464
0.250000 136.00 544
0.143333 86.00 600
0.934211 568.00 608

0.233831 47.00 201
0.632353 172.00 272
0.165062 120.00 727
0.183333 44.00 240
0.788136 186.00 236

0.626087 72.00 115
0.162717 103.00 633
0.365922 262.00 716
0.016304 6.00 368
0.833333 220.00 264

0.904762 152.00 168
0.514286 90.00 175
0.227513 43.00 189
0.006110 3.00 491
0.345794 111.00 321

0.649165 272.00 419
0.183801 118.00 642
0.289809 91.00 314
0.557303 248.00 445
0.318952 207.00 649

0.266010 54.00 203
0.232143 26.00 112
0.287402 73.00 254
0.645161 140.00 217
0.573770 140.00 244

0.348910 112.00 321
0.997912 478.00 479
0.239700 64.00 267
0.030973 7.00 226
0.385714 54.00 140

0.010000 1.00 100
0.538835 111.00 206
0.385093 186.00 483
0.917749 212.00 231
0.149100 116.00 778

0.809756 166.00 205
0.057377 28.00 488
0.349504 317.00 907
0.400810 99.00 247
0.388158 118.00 304

0.292683 72.00 246
0.114650 18.00 157
0.633413 527.00 832
0.291971 80.00 274
0.668246 141.00 211

0.350467 75.00 214
0.281690 140.00 497
0.590062 285.00 483
0.735043 172.00 234
0.037795 24.00 635

0.295082 54.00 183
0.466882 289.00 619
0.220159 83.00 377
0.439130 101.00 230
0.572816 59.00 103

0.862360 307.00 356
0.339130 39.00 115
0.421801 89.00 211
0.152563 128.00 839
0.226804 44.00 194

0.540000 81.00 150
0.705628 163.00 231
0.177966 21.00 118
0.090713 42.00 463
0.480000 204.00 425

0.456790 111.00 243
0.327791 138.00 421
0.411765 49.00 119
0.529052 346.00 654
0.273585 145.00 530

0.225225 175.00 777
0.158273 22.00 139
0.100457 44.00 438
0.813406 449.00 552
0.705882 120.00 170

0.232628 77.00 331
0.946830 463.00 489
0.039920 20.00 501
0.760226 539.00 709
0.016807 2.00 119

0.028278 11.00 389
0.086735 17.00 196
0.764151 405.00 530
0.781022 428.00 548
0.338762 104.00 307

0.906832 584.00 644
0.378882 61.00 161
0.591111 133.00 225
0.039474 27.00 684
0.084746 10.00 118

0.242291 55.00 227
0.149701 75.00 501
0.453263 257.00 567
0.950311 153.00 161
0.205198 150.00 731

0.020548 3.00 146
0.500000 63.00 126
0.175966 41.00 233
0.840000 525.00 625
0.460000 69.00 150

0.805714 282.00 350
0.024742 12.00 485
0.798521 432.00 541
0.218597 134.00 613
0.154982 84.00 542

0.124239 102.00 821
0.589774 496.00 841
0.448571 314.00 700
0.599265 326.00 544
0.237931 138.00 580

0.806630 146.00 181
0.013793 4.00 290
0.019093 8.00 419
0.430407 402.00 934
0.730159 92.00 126

0.866667 91.00 105
0.801196 536.00 669
0.081250 13.00 160
0.085106 16.00 188
0.170686 92.00 539

0.023346 6.00 257
0.467662 94.00 201
0.731023 443.00 606
0.536082 156.00 291
0.241026 47.00 195

0.063492 16.00 252
0.684685 152.00 222
0.904762 247.00 273
0.333333 116.00 348
0.011494 2.00 174

0.185185 25.00 135
0.511811 390.00 762
0.625995 236.00 377
0.674330 352.00 522
0.004237 1.00 236

0.105335 77.00 731
0.047325 23.00 486
0.767986 427.00 556
0.561111 404.00 720
0.517442 178.00 344

0.050619 45.00 889
0.524138 152.00 290
0.205128 40.00 195
0.580420 415.00 715
0.639309 296.00 463

0.464407 411.00 885
0.186608 170.00 911
0.257862 41.00 159
0.502326 432.00 860
0.589327 254.00 431

0.226300 74.00 327
0.086154 28.00 325
0.589661 365.00 619
0.837349 139.00 166
0.258621 30.00 116

0.201117 72.00 358
0.206250 33.00 160
0.885350 278.00 314
0.260000 91.00 350
0.447368 68.00 152

0.702703 78.00 111
0.597254 522.00 874
0.010000 6.00 600
0.278861 186.00 667
0.414587 216.00 521

0.216216 24.00 111
0.433062 372.00 859
0.384091 169.00 440
0.043902 9.00 205
0.920792 93.00 101

0.017544 5.00 285
0.486486 54.00 111
0.611364 269.00 440
0.879310 255.00 290
0.006667 1.00 150

0.060241 15.00 249
0.122449 24.00 196
0.479769 83.00 173
0.346591 122.00 352
0.988235 168.00 170

0.024096 4.00 166
0.045045 15.00 333
0.882530 293.00 332
0.382114 47.00 123
0.661765 90.00 136

0.254374 189.00 743
0.556634 172.00 309
0.714801 198.00 277
0.428094 128.00 299
0.047414 11.00 232

0.496063 63.00 127
0.092391 17.00 184
0.170683 85.00 498
0.911392 288.00 316
0.331476 119.00 359

0.310023 133.00 429
0.548822 163.00 297
0.033113 20.00 604
0.932886 556.00 596
0.174286 122.00 700

0.150943 16.00 106
0.641092 493.00 769
0.342466 50.00 146
0.109149 68.00 623
0.759124 104.00 137

0.161034 81.00 503
0.178879 166.00 928
0.654804 184.00 281
0.247140 216.00 874
0.756522 174.00 230

0.410557 280.00 682
0.250000 111.00 444
0.968912 187.00 193
0.162437 32.00 197
0.206623 156.00 755

0.219672 201.00 915
0.389313 51.00 131
0.431694 79.00 183
0.766304 282.00 368
0.188377 94.00 499

0.162791 21.00 129
0.525199 198.00 377
0.040541 9.00 222
0.579585 335.00 578
0.689970 454.00 658

0.941103 751.00 798
0.705742 295.00 418
0.239658 168.00 701
0.019417 2.00 103
0.096189 53.00 551

0.084932 31.00 365
0.638796 191.00 299
0.020833 5.00 240
0.873297 641.00 734
0.382943 229.00 598

0.394683 193.00 489
0.570492 174.00 305
0.854508 834.00 976
0.008403 4.00 476
0.170854 34.00 199

0.203947 31.00 152
0.376054 223.00 593
0.144560 97.00 671
0.558824 57.00 102
0.722467 164.00 227

0.299572 210.00 701
0.579295 263.00 454
0.274905 218.00 793
0.818182 153.00 187
0.028017 13.00 464

0.490446 77.00 157
0.695073 522.00 751
0.158228 25.00 158
0.083871 13.00 155
0.566038 60.00 106

0.776699 80.00 103
0.133603 33.00 247
0.045317 15.00 331
0.678867 575.00 847
0.364238 55.00 151

0.361564 111.00 307
0.793103 92.00 116
0.182286 177.00 971
0.629630 68.00 108
0.028947 11.00 380

0.278383 179.00 643
0.992248 256.00 258
0.136882 36.00 263
0.538988 394.00 731
0.059259 8.00 135

0.134172 64.00 477
0.186047 128.00 688
0.949153 112.00 118
0.212121 98.00 462
0.522222 282.00 540

0.660305 173.00 262
0.166365 92.00 553
0.168142 19.00 113
0.179104 48.00 268
0.824324 183.00 222

0.677885 141.00 208
0.380024 312.00 821
0.107477 46.00 428
0.332569 145.00 436
0.504274 177.00 351

0.543689 56.00 103
0.491525 87.00 177
0.821138 202.00 246
0.112150 12.00 107
0.034783 24.00 690

0.306569 168.00 548
0.834615 217.00 260
0.121951 20.00 164
0.591584 239.00 404
0.150000 69.00 460

0.360324 267.00 741
0.161325 151.00 936
0.203196 89.00 438
0.596154 248.00 416
0.679325 322.00 474

0.751323 426.00 567
0.027304 8.00 293
0.369176 206.00 558
0.352941 48.00 136
0.501171 214.00 427

0.288630 99.00 343
0.250000 65.00 260
0.736641 193.00 262
0.343023 59.00 172
0.380090 84.00 221

0.307692 116.00 377
0.628009 287.00 457
0.305556 44.00 144
0.133939 118.00 881
0.624413 133.00 213

0.135983 65.00 478
0.218009 46.00 211
0.423792 228.00 538
0.296736 100.00 337
0.927007 127.00 137

0.098958 19.00 192
0.548495 164.00 299
0.293860 67.00 228
0.902913 93.00 103
0.158562 75.00 473

0.780952 246.00 315
0.831650 247.00 297
0.277311 66.00 238
0.074866 14.00 187
0.032206 20.00 621

0.594315 230.00 387
0.415730 74.00 178
0.653680 151.00 231
0.081197 19.00 234
0.256881 28.00 109

0.034483 5.00 145
0.542029 187.00 345
0.747899 89.00 119
0.174757 18.00 103
0.504587 55.00 109

0.887376 717.00 808
0.333333 84.00 252
0.116822 100.00 856
0.104762 44.00 420
0.557587 305.00 547

0.176010 135.00 767
0.695652 80.00 115
0.347826 144.00 414
0.612069 71.00 116
0.161572 37.00 229

0.714286 150.00 210
0.228538 197.00 862
0.227273 25.00 110
0.738889 266.00 360
0.094178 55.00 584

0.731034 106.00 145
0.636475 520.00 817
0.487805 60.00 123
0.074830 11.00 147
0.070476 37.00 525

0.266332 159.00 597
0.751766 745.00 991
0.636253 523.00 822
0.234323 71.00 303
0.112994 60.00 531

0.237895 226.00 950
0.085271 33.00 387
0.922043 686.00 744
0.690594 558.00 808
0.063830 42.00 658

0.378917 133.00 351
0.461538 66.00 143
0.761062 86.00 113
0.051760 25.00 483
0.347222 275.00 792

0.744565 274.00 368
0.061497 23.00 374
0.210000 42.00 200
0.973846 633.00 650
0.009901 3.00 303

0.160315 122.00 761
0.167630 58.00 346
0.061742 56.00 907
0.806452 350.00 434
0.803922 369.00 459

0.449541 98.00 218
0.251256 200.00 796
0.399225 103.00 258
0.510373 123.00 241
0.392593 106.00 270

0.173458 149.00 859
0.861111 93.00 108
0.451807 75.00 166
0.468531 134.00 286
0.044872 7.00 156

0.392193 211.00 538
0.527972 151.00 286
0.526316 70.00 133
0.111111 83.00 747
0.446970 59.00 132

0.044843 10.00 223
0.793893 104.00 131
0.138614 14.00 101
0.289813 202.00 697
0.734440 354.00 482

0.431010 303.00 703
0.675079 214.00 317
0.228426 45.00 197
0.445378 53.00 119
0.217158 162.00 746

0.449086 172.00 383
0.444109 147.00 331
0.605505 66.00 109
0.373418 59.00 158
0.127451 26.00 204

0.141791 19.00 134
0.762069 221.00 290
0.449640 125.00 278
0.069364 48.00 692
0.578947 88.00 152

0.060086 14.00 233
0.192513 36.00 187
0.729927 100.00 137
0.036585 6.00 164
0.972973 108.00 111

0.034568 14.00 405
0.782114 481.00 615
0.622699 203.00 326
0.261905 33.00 126
0.294964 82.00 278

0.080369 61.00 759
0.726368 146.00 201
0.552347 153.00 277
0.128205 15.00 117
0.511111 69.00 135

0.441489 332.00 752
0.142857 60.00 420
0.193548 30.00 155
0.555385 361.00 650
0.668246 141.00 211

0.642202 420.00 654
0.814103 127.00 156
0.151575 77.00 508
0.293333 44.00 150
0.100686 44.00 437

0.961783 151.00 157
0.209524 22.00 105
0.126984 32.00 252
0.537815 128.00 238
0.157658 105.00 666

0.643564 130.00 202
0.343915 65.00 189
0.189573 40.00 211
0.053763 10.00 186
0.769826 398.00 517

0.285539 233.00 816
0.854015 117.00 137
0.455479 266.00 584
0.309402 181.00 585
0.097222 14.00 144

0.578082 211.00 365
0.877778 158.00 180
0.123529 42.00 340
0.006369 2.00 314
0.413793 108.00 261

0.129213 23.00 178
0.828638 353.00 426
0.303030 70.00 231
0.603239 298.00 494
0.136508 43.00 315

0.726257 130.00 179
0.282869 71.00 251
0.372043 173.00 465
0.234000 117.00 500
0.383991 331.00 862

0.321429 81.00 252
0.870130 201.00 231
0.270270 70.00 259
0.428571 69.00 161
0.111111 61.00 549

0.928389 363.00 391
0.085784 70.00 816
0.651786 146.00 224
0.119942 83.00 692
0.213592 22.00 103

0.895954 465.00 519
0.631510 485.00 768
0.203704 22.00 108
0.145511 94.00 646
0.123153 50.00 406

0.386486 143.00 370
0.679144 127.00 187
0.569249 485.00 852
0.174658 51.00 292
0.190000 152.00 800

0.527748 485.00 919
0.358071 193.00 539
0.253388 187.00 738
0.183508 158.00 861
0.676923 220.00 325

0.309140 115.00 372
0.743682 206.00 277
0.539749 129.00 239
0.310484 77.00 248
0.094444 34.00 360

0.472834 322.00 681
0.540698 186.00 344
0.016064 4.00 249
0.614130 113.00 184
0.352941 48.00 136

0.354651 61.00 172
0.853081 180.00 211
0.687192 558.00 812
0.062687 21.00 335
0.043893 23.00 524

0.255814 44.00 172
0.531792 184.00 346
0.513514 76.00 148
0.440367 48.00 109
0.260054 97.00 373

0.388889 63.00 162
0.586922 368.00 627
0.822148 245.00 298
0.004172 3.00 719
0.200000 28.00 140

0.259036 43.00 166
0.556863 142.00 255
0.203046 80.00 394
0.255319 36.00 141
0.728814 86.00 118

0.175992 173.00 983
0.736132 491.00 667
0.277846 227.00 817
0.802632 427.00 532
0.005789 4.00 691

0.645963 624.00 966
0.160584 22.00 137
0.702771 279.00 397
0.158371 35.00 221
0.327103 70.00 214

0.452261 180.00 398
0.216561 34.00 157
0.770335 161.00 209
0.257143 27.00 105
0.298932 84.00 281

0.775510 342.00 441
0.302832 278.00 918
0.360656 44.00 122
0.218814 107.00 489
0.342920 155.00 452

0.161074 24.00 149
0.452632 86.00 190
0.976471 166.00 170
0.228758 35.00 153
0.184848 61.00 330

0.780161 291.00 373
0.009390 2.00 213
0.391667 94.00 240
0.178849 115.00 643
0.641414 127.00 198

0.561576 114.00 203
0.645714 339.00 525
0.014623 13.00 889
0.755639 201.00 266
0.025873 20.00 773

0.492424 65.00 132
0.191515 158.00 825
0.470690 273.00 580
0.198953 76.00 382
0.650000 143.00 220

0.676190 142.00 210
0.284413 281.00 988
0.206831 109.00 527
0.767105 583.00 760
0.063927 14.00 219

0.592058 164.00 277
0.266667 28.00 105
0.255319 156.00 611
0.479042 240.00 501
0.410673 177.00 431

0.251592 158.00 628
0.406897 59.00 145
0.684564 102.00 149
0.574737 273.00 475
0.080972 20.00 247

0.059184 29.00 490
0.517355 313.00 605
0.796610 188.00 236
0.026596 5.00 188
0.601307 92.00 153

0.364964 100.00 274
0.521193 332.00 637
0.292035 33.00 113
0.082840 28.00 338
0.739617 463.00 626

0.019345 13.00 672
0.162393 19.00 117
0.396947 52.00 131
0.575949 91.00 158
0.842365 684.00 812

0.061947 7.00 113
0.987013 152.00 154
0.137143 72.00 525
0.242331 79.00 326
0.572954 161.00 281

0.530675 346.00 652
0.762238 109.00 143
0.128713 13.00 101
0.477658 310.00 649
0.093082 74.00 795

0.040650 5.00 123
0.837607 98.00 117
0.211538 110.00 520
0.107143 27.00 252
0.800948 169.00 211

0.564897 383.00 678
0.198020 40.00 202
0.108280 17.00 157
0.482759 56.00 116
0.652401 625.00 958

0.799287 673.00 842
0.230769 33.00 143
0.113703 78.00 686
0.575758 95.00 165
0.286885 35.00 122

0.112903 98.00 868
0.118919 22.00 185
0.541353 288.00 532
0.387931 90.00 232
0.834646 106.00 127

0.196780 110.00 559
0.308311 115.00 373
0.606557 148.00 244
0.510288 248.00 486
0.376068 44.00 117

0.454271 452.00 995
0.113475 16.00 141
0.831933 99.00 119
0.429975 175.00 407
0.164474 100.00 608

0.244596 215.00 879
0.118644 14.00 118
0.602151 224.00 372
0.625000 115.00 184
0.413876 173.00 418

0.294118 130.00 442
0.187291 112.00 598
0.199498 159.00 797
0.812236 385.00 474
0.508772 116.00 228

0.330233 142.00 430
0.213836 34.00 159
0.866352 551.00 636
0.399399 133.00 333
0.189274 120.00 634

0.086957 20.00 230
0.401198 201.00 501
0.264317 60.00 227
0.311346 118.00 379
0.939142 679.00 723

0.042735 5.00 117
0.921659 400.00 434
0.320000 40.00 125
0.121339 58.00 478
0.598174 131.00 219

0.501171 428.00 854
0.614203 320.00 521
0.724390 297.00 410
0.086093 13.00 151
0.078189 38.00 486

0.960733 367.00 382
0.094017 11.00 117
0.131222 116.00 884
0.424658 62.00 146
0.390071 55.00 141

0.799376 769.00 962
0.349030 126.00 361
0.140325 95.00 677
0.678733 150.00 221
0.029514 17.00 576

0.116329 109.00 937
0.304965 43.00 141
0.333333 66.00 198
0.838710 104.00 124
0.406897 59.00 145

0.250346 181.00 723
0.214502 71.00 331
0.975039 625.00 641
0.148472 34.00 229
0.411528 307.00 746

0.319218 98.00 307
0.531765 226.00 425
0.100000 52.00 520
0.616142 313.00 508
0.434579 93.00 214

0.192953 115.00 596
0.175393 67.00 382
0.540179 121.00 224
0.435185 47.00 108
0.661521 600.00 907

0.773585 82.00 106
0.250000 69.00 276
0.007576 2.00 264
0.142857 18.00 126
0.833922 236.00 283

0.380846 171.00 449
0.002153 2.00 929
0.618230 468.00 757
0.333333 58.00 174
0.666286 583.00 875

0.148148 108.00 729
0.146727 65.00 443
0.349237 183.00 524
0.622517 94.00 151
0.731183 204.00 279

0.017143 3.00 175
0.568966 99.00 174
0.919643 103.00 112
0.058824 6.00 102
0.442857 62.00 140

0.608696 224.00 368
0.796233 465.00 584
0.127615 61.00 478
0.378981 119.00 314
0.091787 19.00 207

0.329341 55.00 167
0.283476 199.00 702
0.390244 80.00 205
0.793765 331.00 417
0.204494 91.00 445

0.506329 80.00 158
0.088000 55.00 625
0.576642 395.00 685
0.464883 278.00 598
0.359712 50.00 139

0.610000 61.00 100
0.470276 443.00 942
0.128655 44.00 342
0.498925 232.00 465
0.291480 65.00 223

0.499190 308.00 617
0.520325 448.00 861
0.255208 49.00 192
0.657459 238.00 362
0.067692 22.00 325

0.152648 49.00 321
0.154150 39.00 253
0.286774 232.00 809
0.742138 472.00 636
0.663830 156.00 235

0.278361 265.00 952
0.315789 54.00 171
0.346154 36.00 104
0.635430 495.00 779
0.422049 379.00 898

0.034826 14.00 402
0.662500 159.00 240
0.954248 146.00 153
0.329268 81.00 246
0.019048 2.00 105

0.545455 84.00 154
0.153182 142.00 927
0.517949 101.00 195
0.031111 7.00 225
0.757282 234.00 309

0.737436 719.00 975
0.161290 20.00 124
0.153538 115.00 749
0.518868 55.00 106
0.424474 222.00 523

0.470297 95.00 202
0.244041 215.00 881
0.485149 49.00 101
0.746032 94.00 126
0.054054 20.00 370

0.920635 116.00 126
0.823322 233.00 283
0.070336 23.00 327
0.010000 1.00 100
0.175676 39.00 222

0.122744 68.00 554
0.232143 52.00 224
0.739216 377.00 510
0.003963 3.00 757
0.903010 270.00 299

0.577640 93.00 161
0.314136 60.00 191
0.693694 77.00 111
0.370651 245.00 661
0.044983 13.00 289

0.926966 165.00 178
0.146341 114.00 779
0.115486 44.00 381
0.402299 210.00 522
0.405488 133.00 328

0.570093 183.00 321
0.689474 131.00 190
0.036566 23.00 629
0.590476 62.00 105
0.109677 34.00 310

0.316794 83.00 262
0.164706 42.00 255
0.509182 305.00 599
0.725664 82.00 113
0.274924 91.00 331

0.208092 36.00 173
0.148438 57.00 384
0.225997 153.00 677
0.898649 133.00 148
0.520833 75.00 144

0.511278 68.00 133
0.382166 120.00 314
0.240000 24.00 100
0.034667 13.00 375
0.824658 301.00 365

0.330435 76.00 230
0.654335 566.00 865
0.329621 148.00 449
0.368476 353.00 958
0.319048 67.00 210

0.668919 297.00 444
0.254364 102.00 401
0.415385 81.00 195
0.167797 99.00 590
0.494519 406.00 821

0.495652 57.00 115
0.184834 39.00 211
0.488889 132.00 270
0.561358 215.00 383
0.275000 231.00 840

0.504926 205.00 406
0.109827 19.00 173
0.260000 78.00 300
0.839695 220.00 262
0.283850 174.00 613

0.323276 150.00 464
0.570236 410.00 719
0.445783 111.00 249
0.508511 239.00 470
0.155026 91.00 587

0.449909 247.00 549
0.469194 99.00 211
0.718563 240.00 334
0.287736 61.00 212
0.072917 35.00 480

0.628319 71.00 113
0.174312 19.00 109
0.969595 287.00 296
0.177215 42.00 237
0.050193 13.00 259

0.413462 43.00 104
0.613208 65.00 106
0.006579 1.00 152
0.130298 83.00 637
0.836893 431.00 515

0.375439 107.00 285
0.788217 495.00 628
0.439791 84.00 191
0.096070 66.00 687
0.297710 78.00 262

0.612069 71.00 116
0.261111 47.00 180
0.371585 68.00 183
0.018568 14.00 754
0.733032 162.00 221

0.394667 148.00 375
0.437117 285.00 652
0.797546 130.00 163
0.291845 68.00 233
0.078049 16.00 205

0.018947 9.00 475
0.391921 359.00 916
0.182243 117.00 642
0.740365 730.00 986
0.666667 94.00 141

0.016393 2.00 122
0.767830 506.00 659
0.370130 57.00 154
0.495077 352.00 711
0.350877 180.00 513

0.520000 65.00 125
0.867647 177.00 204
0.212371 103.00 485
0.311558 124.00 398
0.091503 28.00 306

0.828201 511.00 617
0.184211 49.00 266
0.003231 2.00 619
0.125984 16.00 127
0.856681 795.00 928

0.756510 581.00 768
0.305400 164.00 537
0.230303 76.00 330
0.300000 30.00 100
0.406030 404.00 995

0.666667 124.00 186
0.471264 123.00 261
0.450867 78.00 173
0.162162 18.00 111
0.251244 101.00 402

0.108626 34.00 313
0.366234 141.00 385
0.753099 729.00 968
0.401442 167.00 416
0.368895 287.00 778

0.487395 58.00 119
0.093385 24.00 257
0.149079 89.00 597
0.311065 149.00 479
0.953846 434.00 455

0.324201 142.00 438
0.026549 6.00 226
0.634921 120.00 189
0.708238 619.00 874
0.305970 82.00 268

0.986207 143.00 145
0.070240 38.00 541
0.439535 189.00 430
0.414702 299.00 721
0.091873 26.00 283

0.442724 286.00 646
0.530120 176.00 332
0.015152 12.00 792
0.888060 238.00 268
0.121951 15.00 123

0.730000 73.00 100
0.025641 9.00 351
0.225694 65.00 288
0.053061 26.00 490
0.961977 253.00 263

0.229192 190.00 829
0.806723 96.00 119
0.497976 123.00 247
0.184211 21.00 114
0.277457 48.00 173

0.225000 126.00 560
0.251232 51.00 203
0.586558 288.00 491
0.729560 116.00 159
0.207547 22.00 106

0.761194 102.00 134
0.577586 67.00 116
0.267148 148.00 554
0.231322 161.00 696
0.164609 40.00 243

0.217213 106.00 488
0.522546 197.00 377
0.491876 333.00 677
0.166446 126.00 757
0.599424 208.00 347

0.664773 117.00 176
0.336232 116.00 345
0.095238 16.00 168
0.592727 326.00 550
0.313433 63.00 201

0.675541 406.00 601
0.316056 250.00 791
0.920063 587.00 638
0.012422 2.00 161
0.078014 11.00 141

0.333333 331.00 993
0.425968 187.00 439
0.962662 593.00 616
0.193277 92.00 476
0.084034 10.00 119

0.531250 85.00 160
0.197354 179.00 907
0.368421 42.00 114
0.806191 599.00 743
0.100719 28.00 278

0.638298 90.00 141
0.824281 516.00 626
0.419059 365.00 871
0.106481 23.00 216
0.015625 2.00 128

0.355450 75.00 211
0.930435 321.00 345
0.002736 2.00 731
0.679204 307.00 452
0.030075 4.00 133

0.028662 9.00 314
0.859272 519.00 604
0.931956 767.00 823
0.102190 84.00 822
0.077455 56.00 723

0.016166 7.00 433
0.727273 88.00 121
0.262683 233.00 887
0.035714 5.00 140
0.958848 233.00 243

0.257261 62.00 241
0.058625 52.00 887
0.897331 437.00 487
0.387931 45.00 116
0.398810 67.00 168

0.256944 74.00 288
0.981982 109.00 111
0.555556 65.00 117
0.089744 35.00 390
0.113892 91.00 799

0.214953 23.00 107
0.830882 113.00 136
0.105960 16.00 151
0.515086 239.00 464
0.329218 80.00 243

0.873950 104.00 119
0.293103 51.00 174
0.179104 24.00 134
0.380531 129.00 339
0.268519 29.00 108

0.523193 485.00 927
0.350140 125.00 357
0.862969 529.00 613
0.101512 47.00 463
0.163265 24.00 147

0.323319 226.00 699
0.509494 161.00 316
0.415038 276.00 665
0.670868 479.00 714
0.082102 50.00 609

0.085511 36.00 421
0.906286 793.00 875
0.361111 39.00 108
0.348214 39.00 112
0.293976 122.00 415

0.078947 30.00 380
0.264706 63.00 238
0.961538 100.00 104
0.604478 243.00 402
0.085714 33.00 385

0.174387 64.00 367
0.762712 90.00 118
0.953307 245.00 257
0.053571 6.00 112
0.057377 7.00 122

0.444444 120.00 270
0.582633 208.00 357
0.136364 27.00 198
0.255892 76.00 297
0.578261 133.00 230

0.099448 18.00 181
0.123167 42.00 341
0.534653 54.00 101
0.980066 295.00 301
0.264286 185.00 700

0.617647 105.00 170
0.205240 141.00 687
0.792109 522.00 659
0.009709 1.00 103
0.371795 58.00 156

0.255539 173.00 677
0.205980 124.00 602
0.014388 2.00 139
0.724900 361.00 498
0.796512 137.00 172

0.541045 145.00 268
0.817308 85.00 104
0.308824 42.00 136
0.026132 15.00 574
0.304487 95.00 312

0.297030 30.00 101
0.263048 126.00 479
0.421875 54.00 128
0.540481 247.00 457
0.472669 147.00 311

0.064286 9.00 140
0.483384 160.00 331
0.235849 50.00 212
0.502762 91.00 181
0.713208 189.00 265

0.908333 109.00 120
0.025751 6.00 233
0.127315 55.00 432
0.821561 442.00 538
0.121429 17.00 140

0.601093 110.00 183
0.595041 504.00 847
0.699793 676.00 966
0.060241 15.00 249
0.044848 37.00 825

0.273256 47.00 172
0.191748 79.00 412
0.301508 240.00 796
0.622093 214.00 344
0.610959 223.00 365

0.505814 87.00 172
0.247401 119.00 481
0.070000 7.00 100
0.915167 356.00 389
0.258427 92.00 356

0.623529 159.00 255
0.492260 159.00 323
0.768939 203.00 264
0.084270 15.00 178
0.032520 8.00 246

0.179710 124.00 690
0.101205 42.00 415
0.547009 64.00 117
0.288760 149.00 516
0.886792 94.00 106

0.330078 169.00 512
0.656085 124.00 189
0.897297 332.00 370
0.005931 5.00 843
0.108720 96.00 883

0.910714 102.00 112
0.160377 17.00 106
0.216981 46.00 212
0.329412 56.00 170
0.377515 319.00 845

0.657696 611.00 929
0.068966 10.00 145
0.444444 52.00 117
0.627586 91.00 145
0.204152 59.00 289

0.781955 416.00 532
0.637931 74.00 116
0.284672 156.00 548
0.208054 31.00 149
0.084848 56.00 660

0.181818 138.00 759
0.812121 134.00 165
0.768606 568.00 739
0.185567 54.00 291
0.048872 26.00 532

0.284635 226.00 794
0.389222 65.00 167
0.194099 125.00 644
0.873926 305.00 349
0.254902 39.00 153

0.709732 423.00 596
0.288136 51.00 177
0.690476 87.00 126
0.132642 128.00 965
0.184211 21.00 114

0.117241 17.00 145
0.235023 51.00 217
0.538306 267.00 496
0.960265 435.00 453
0.143126 76.00 531

0.163399 25.00 153
0.111842 17.00 152
0.268722 61.00 227
0.566116 137.00 242
0.887097 275.00 310

0.639764 325.00 508
0.464151 246.00 530
0.039604 12.00 303
0.092199 13.00 141
0.766265 318.00 415

0.694937 549.00 790
0.153285 21.00 137
0.475138 86.00 181
0.123239 35.00 284
0.553043 318.00 575

0.518349 113.00 218
0.187283 162.00 865
0.240786 98.00 407
0.131229 79.00 602
0.923362 747.00 809

0.468045 249.00 532
0.943396 200.00 212
0.495798 118.00 238
0.052555 36.00 685
0.040698 14.00 344

0.129834 94.00 724
0.396694 48.00 121
0.969512 159.00 164
0.466368 104.00 223
0.037572 13.00 346

0.285000 57.00 200
0.060403 9.00 149
0.800595 269.00 336
0.376975 167.00 443
0.476879 165.00 346

0.009901 1.00 101
0.682759 99.00 145
0.333333 91.00 273
0.484848 64.00 132
0.494118 126.00 255

0.427083 82.00 192
0.892857 425.00 476
0.474026 292.00 616
0.135755 71.00 523
0.069672 17.00 244

0.220859 72.00 326
0.767164 514.00 670
0.338164 70.00 207
0.103371 46.00 445
0.572093 123.00 215

0.562738 148.00 263
0.785340 450.00 573
0.543284 364.00 670
0.015050 9.00 598
0.094340 10.00 106

0.672897 72.00 107
0.943878 185.00 196
0.017456 14.00 802
0.206019 178.00 864
0.161905 17.00 105

0.580882 79.00 136
0.471698 150.00 318
0.032258 4.00 124
0.039683 5.00 126
0.871186 257.00 295

0.423704 286.00 675
0.940171 110.00 117
0.053608 52.00 970
0.173601 121.00 697
0.411248 234.00 569

0.049587 6.00 121
0.228311 50.00 219
0.602804 516.00 856
0.206186 140.00 679
0.913043 126.00 138

0.877778 316.00 360
0.012821 4.00 312
0.070922 10.00 141
0.773700 253.00 327
0.260215 121.00 465

0.716749 291.00 406
0.017647 6.00 340
0.255814 33.00 129
0.720137 211.00 293
0.294574 38.00 129

0.209906 178.00 848
0.116516 103.00 884
0.701613 87.00 124
0.329975 131.00 397
0.640449 114.00 178

0.162896 36.00 221
0.197747 158.00 799
0.909091 210.00 231
0.581921 103.00 177
0.147877 101.00 683

0.254545 140.00 550
0.117302 40.00 341
0.884298 428.00 484
0.153670 67.00 436
0.589800 266.00 451

0.043741 29.00 663
0.914432 716.00 783
0.848348 565.00 666
0.057895 11.00 190
0.138122 75.00 543

0.023077 3.00 130
0.192460 97.00 504
0.146875 141.00 960
0.780600 338.00 433
0.857482 361.00 421

0.032129 8.00 249
0.689286 193.00 280
0.818653 316.00 386
0.234483 34.00 145
0.225653 95.00 421

0.751174 320.00 426
0.108216 54.00 499
0.214612 47.00 219
0.087379 9.00 103
0.841727 468.00 556

0.299279 249.00 832
0.845783 351.00 415
0.757143 106.00 140
0.091716 31.00 338
0.009836 6.00 610

0.364322 145.00 398
0.671642 180.00 268
0.037371 29.00 776
0.266760 191.00 716
0.659367 271.00 411

0.400735 109.00 272
0.229592 90.00 392
0.118343 20.00 169
0.317808 232.00 730
0.933628 211.00 226

0.364929 231.00 633
0.459459 51.00 111
0.329032 51.00 155
0.293233 39.00 133
0.549708 94.00 171

0.954023 415.00 435
0.109920 82.00 746
0.266055 58.00 218
0.310212 161.00 519
0.358974 84.00 234

0.167568 62.00 370
0.427852 255.00 596
0.123827 66.00 533
0.293103 85.00 290
0.984962 131.00 133

0.097506 43.00 441
0.507812 195.00 384
0.296296 160.00 540
0.362745 37.00 102
0.740541 137.00 185

0.570621 101.00 177
0.083665 21.00 251
0.717742 178.00 248
0.397849 185.00 465
0.228571 24.00 105

0.628692 149.00 237
0.164894 31.00 188
0.336798 162.00 481
0.341709 68.00 199
0.529600 331.00 625

0.149160 142.00 952
0.287841 116.00 403
0.305785 37.00 121
0.438462 114.00 260
0.816514 801.00 981

0.152497 113.00 741
0.436800 273.00 625
0.172113 79.00 459
0.681672 212.00 311
0.555147 151.00 272

0.858537 176.00 205
0.288256 81.00 281
0.556886 372.00 668
0.180785 175.00 968
0.116466 29.00 249

0.933210 503.00 539
0.123288 18.00 146
0.709251 161.00 227
0.040323 5.00 124
0.197479 47.00 238

0.839005 641.00 764
0.484472 78.00 161
0.571138 281.00 492
0.072727 12.00 165
0.034368 31.00 902

0.524306 151.00 288
0.393162 138.00 351
0.268657 36.00 134
0.368735 309.00 838
0.448819 57.00 127

0.133721 23.00 172
0.231481 25.00 108
0.683258 453.00 663
0.318284 141.00 443
0.634703 139.00 219

0.315789 36.00 114
0.256098 42.00 164
0.860583 679.00 789
0.117853 101.00 857
0.446328 79.00 177

0.980000 294.00 300
0.009901 2.00 202
0.486111 70.00 144
0.238342 184.00 772
0.283088 77.00 272

0.191063 124.00 649
0.357143 40.00 112
0.104348 12.00 115
0.828729 150.00 181
0.518797 69.00 133

0.148148 16.00 108
0.124561 71.00 570
0.376126 167.00 444
0.502994 84.00 167
0.857143 108.00 126

0.203252 25.00 123
0.515539 282.00 547
0.238710 37.00 155
0.306452 152.00 496
0.730769 76.00 104

0.672464 232.00 345
0.006329 1.00 158
0.490323 76.00 155
0.504323 175.00 347
0.325000 104.00 320

0.800600 534.00 667
0.177340 36.00 203
0.586331 326.00 556
0.322368 98.00 304
0.111413 41.00 368

0.394737 60.00 152
0.968354 153.00 158
0.309091 204.00 660
0.155807 110.00 706
0.172352 96.00 557

0.150685 44.00 292
0.900709 127.00 141
0.319372 61.00 191
0.613074 347.00 566
0.015152 6.00 396

0.051724 9.00 174
0.493421 75.00 152
0.379487 296.00 780
0.580645 72.00 124
0.493099 393.00 797

0.692308 423.00 611
0.281081 52.00 185
0.005714 1.00 175
0.997788 902.00 904
0.022358 11.00 492

0.713675 167.00 234
0.550000 319.00 580
0.133249 105.00 788
0.263804 43.00 163
0.335987 211.00 628

0.104762 11.00 105
0.962121 254.00 264
0.097187 38.00 391
0.672269 160.00 238
0.157303 42.00 267

0.785425 194.00 247
0.045872 5.00 109
0.660714 74.00 112
0.274262 65.00 237
0.238220 91.00 382

0.101392 51.00 503
0.948515 479.00 505
0.439797 347.00 789
0.472222 136.00 288
0.038835 8.00 206

0.153846 134.00 871
0.394161 324.00 822
0.297468 47.00 158
0.261863 149.00 569
0.895238 94.00 105

0.105820 20.00 189
0.228571 24.00 105
0.870000 261.00 300
0.396161 227.00 573
0.395062 352.00 891

0.004367 1.00 229
0.306604 130.00 424
0.584699 107.00 183
0.377049 46.00 122
0.723577 89.00 123

0.072072 8.00 111
0.316562 302.00 954
0.283333 136.00 480
0.998230 564.00 565
0.329920 290.00 879

0.610022 280.00 459
0.305638 103.00 337
0.091270 46.00 504
0.780952 492.00 630
0.211514 169.00 799

0.823864 145.00 176
0.325112 145.00 446
0.120321 90.00 748
0.572682 457.00 798
0.160714 27.00 168

0.372197 83.00 223
0.608696 140.00 230
0.022059 6.00 272
0.038462 6.00 156
0.955307 171.00 179

0.219178 48.00 219
0.180180 20.00 111
0.442724 286.00 646
0.692432 430.00 621
0.461690 235.00 509

0.014616 12.00 821
0.906250 145.00 160
0.471074 57.00 121
0.018868 2.00 106
0.579634 444.00 766

0.220036 123.00 559
0.510638 264.00 517
0.128099 93.00 726
0.397101 137.00 345
0.745387 202.00 271

0.514793 87.00 169
0.507246 420.00 828
0.592593 80.00 135
0.296651 186.00 627
0.086957 36.00 414

0.722772 73.00 101
0.147795 124.00 839
0.225806 28.00 124
0.101562 13.00 128
0.798343 289.00 362

0.641892 95.00 148
0.157895 48.00 304
0.089918 33.00 367
0.456647 79.00 173
0.654309 653.00 998

0.937824 362.00 386
0.067039 12.00 179
0.062500 28.00 448
0.880985 644.00 731
0.048649 9.00 185

0.412587 118.00 286
0.368149 356.00 967
0.311258 47.00 151
0.578199 244.00 422
0.331288 270.00 815

0.114583 33.00 288
0.365497 125.00 342
0.563415 231.00 410
0.907051 849.00 936
0.049689 8.00 161

0.147541 36.00 244
0.304878 275.00 902
0.454545 65.00 143
0.163142 54.00 331
0.929766 278.00 299

0.053571 6.00 112
0.753289 687.00 912
0.700758 185.00 264
0.397661 136.00 342
0.095506 17.00 178

0.329694 151.00 458
0.662708 279.00 421
0.182898 77.00 421
0.746269 250.00 335
0.076923 33.00 429

0.836364 184.00 220
0.222222 26.00 117
0.303258 121.00 399
0.050903 31.00 609
0.588235 60.00 102

0.452074 316.00 699
0.192015 101.00 526
0.333333 59.00 177
0.896552 650.00 725
0.123932 29.00 234

0.209549 79.00 377
0.380368 62.00 163
0.837638 227.00 271
0.522936 114.00 218
0.049296 7.00 142

0.812261 424.00 522
0.102750 71.00 691
0.226821 137.00 604
0.773083 494.00 639
0.084806 24.00 283

0.295207 271.00 918
0.308411 33.00 107
0.707207 314.00 444
0.664122 174.00 262
0.024590 6.00 244

0.361809 144.00 398
0.498911 458.00 918
0.646617 86.00 133
0.377717 139.00 368
0.118619 79.00 666

0.146341 18.00 123
0.423529 72.00 170
0.131818 29.00 220
0.711286 271.00 381
0.585859 232.00 396

0.352332 204.00 579
0.318436 57.00 179
0.645963 104.00 161
0.604878 124.00 205
0.081633 28.00 343

0.157895 18.00 114
0.544686 451.00 828
0.311069 163.00 524
0.184211 21.00 114
0.802281 211.00 263

0.388509 284.00 731
0.194888 61.00 313
0.509804 182.00 357
0.588652 83.00 141
0.317708 61.00 192

0.043912 22.00 501
0.233491 99.00 424
0.755365 176.00 233
0.754762 317.00 420
0.214286 117.00 546

0.738636 260.00 352
0.022581 21.00 930
0.288754 95.00 329
0.484252 123.00 254
0.467836 80.00 171

0.619048 65.00 105
0.556675 221.00 397
0.441805 372.00 842
0.068493 10.00 146
0.316614 101.00 319

0.396465 157.00 396
0.548780 180.00 328
0.025751 6.00 233
0.837607 98.00 117
0.191860 33.00 172

0.022099 8.00 362
0.685950 83.00 121
0.823529 406.00 493
0.409730 379.00 925
0.055556 13.00 234

0.086957 30.00 345
0.238267 66.00 277
0.622601 292.00 469
0.468330 244.00 521
0.582677 222.00 381

0.602649 91.00 151
0.036885 18.00 488
0.174825 75.00 429
0.536797 124.00 231
0.647959 127.00 196

0.595588 81.00 136
0.176829 29.00 164
0.563636 93.00 165
0.506757 75.00 148
0.157534 69.00 438

0.606368 419.00 691
0.803815 295.00 367
0.024345 13.00 534
0.095771 77.00 804
0.470852 105.00 223

0.730659 255.00 349
0.660000 264.00 400
0.232906 109.00 468
0.227666 79.00 347
0.151111 34.00 225

0.177570 19.00 107
0.082645 10.00 121
0.707965 80.00 113
0.630174 472.00 749
0.398473 261.00 655

0.075515 33.00 437
0.800000 128.00 160
0.456212 224.00 491
0.402930 110.00 273
0.264463 128.00 484

0.153153 17.00 111
0.030303 7.00 231
0.014493 4.00 276
0.883117 204.00 231
0.918054 717.00 781

0.222857 39.00 175
0.339483 92.00 271
0.039604 4.00 101
0.619718 528.00 852
0.779221 120.00 154

0.772118 576.00 746
0.370370 40.00 108
0.117801 45.00 382
0.182390 58.00 318
0.560185 121.00 216

0.043165 6.00 139
0.801653 97.00 121
0.073955 23.00 311
0.589512 326.00 553
0.494118 84.00 170

0.536785 197.00 367
0.285714 46.00 161
0.414062 53.00 128
0.187500 69.00 368
0.572917 385.00 672

0.215548 61.00 283
0.187713 165.00 879
0.893902 733.00 820
0.090615 28.00 309
0.612308 199.00 325

0.728916 121.00 166
0.072993 10.00 137
0.861702 162.00 188
0.201613 25.00 124
0.130137 38.00 292

0.274600 120.00 437
0.441065 116.00 263
0.660000 66.00 100
0.290909 32.00 110
0.333333 77.00 231

0.481905 253.00 525
0.060556 37.00 611
0.372263 102.00 274
0.134752 19.00 141
0.949153 672.00 708

0.568938 359.00 631
0.552061 509.00 922
0.518732 180.00 347
0.235772 29.00 123
0.118110 15.00 127

0.061765 21.00 340
0.238372 41.00 172
0.495327 53.00 107
0.705584 139.00 197
0.493088 107.00 217

0.372093 48.00 129
0.103960 63.00 606
0.060440 11.00 182
0.614407 435.00 708
0.852518 711.00 834

0.743772 627.00 843
0.446541 142.00 318
0.055866 20.00 358
0.577904 204.00 353
0.177508 161.00 907

0.101660 49.00 482
0.938865 215.00 229
0.223547 150.00 671
0.508772 261.00 513
0.227612 61.00 268

0.217949 34.00 156
0.600683 176.00 293
0.842308 219.00 260
0.037685 28.00 743
0.303704 41.00 135

0.333333 41.00 123
0.149020 76.00 510
0.793037 410.00 517
0.691176 141.00 204
0.039216 4.00 102

0.051852 7.00 135
0.438356 192.00 438
0.295894 245.00 828
0.460606 76.00 165
0.750760 247.00 329

0.607306 133.00 219
0.239669 87.00 363
0.389262 58.00 149
0.705674 199.00 282
0.060274 22.00 365

0.043779 38.00 868
0.761953 749.00 983
0.638418 113.00 177
0.364261 212.00 582
0.192488 41.00 213

0.321678 46.00 143
0.238261 137.00 575
0.420896 141.00 335
0.054545 21.00 385
0.966667 145.00 150

0.394068 372.00 944
0.422680 123.00 291
0.402191 257.00 639
0.055901 9.00 161
0.723992 341.00 471

0.246377 34.00 138
0.877834 697.00 794
0.014493 2.00 138
0.268041 78.00 291
0.596010 239.00 401

0.904167 434.00 480
0.669456 160.00 239
0.033898 6.00 177
0.155844 36.00 231
0.233696 43.00 184

0.675325 104.00 154
0.134884 29.00 215
0.268293 165.00 615
0.888535 279.00 314
0.029703 3.00 101

0.075601 44.00 582
0.041408 20.00 483
0.818308 590.00 721
0.265000 53.00 200
0.797513 449.00 563

0.500000 59.00 118
0.206135 168.00 815
0.166667 21.00 126
0.894180 169.00 189
0.231343 31.00 134

0.976744 294.00 301
0.103175 13.00 126
0.725410 177.00 244
0.084084 28.00 333
0.107463 36.00 335

0.606272 174.00 287
0.145161 27.00 186
0.255639 34.00 133
0.879630 665.00 756
0.111111 32.00 288

0.031579 6.00 190
0.421569 43.00 102
0.443796 304.00 685
0.544000 136.00 250
0.553571 217.00 392

0.346457 264.00 762
0.074510 19.00 255
0.599469 226.00 377
0.837150 658.00 786
0.144860 31.00 214

0.780105 149.00 191
0.726316 138.00 190
0.336538 175.00 520
0.093333 49.00 525
0.067164 9.00 134

0.357664 49.00 137
0.206897 30.00 145
0.774194 312.00 403
0.072089 39.00 541
0.588358 283.00 481

0.673282 441.00 655
0.126280 111.00 879
0.356110 271.00 761
0.486928 149.00 306
0.360000 36.00 100

0.314286 88.00 280
0.207709 194.00 934
0.131004 30.00 229
0.664122 87.00 131
0.682540 129.00 189

0.544240 326.00 599
0.311258 47.00 151
0.039113 30.00 767
0.718254 181.00 252
0.388430 47.00 121

0.282230 243.00 861
0.684211 468.00 684
0.404580 53.00 131
0.465494 344.00 739
0.164502 38.00 231

0.696517 140.00 201
0.360161 179.00 497
0.166667 22.00 132
0.717557 94.00 131
0.057592 11.00 191

0.277946 92.00 331
0.536932 189.00 352
0.169014 36.00 213
0.364621 202.00 554
0.652589 479.00 734

