0.583226 452.00 775
0.018617 7.00 376
0.060219 33.00 548
0.520833 325.00 624
0.617424 163.00 264

0.650943 69.00 106
0.100213 47.00 469
0.637255 65.00 102
0.025641 3.00 117
0.381546 306.00 802

0.068323 33.00 483
0.369261 185.00 501
0.330275 72.00 218
0.294118 35.00 119
0.733624 336.00 458

0.465969 178.00 382
0.007752 1.00 129
0.276817 80.00 289
0.067114 20.00 298
0.982759 342.00 348

0.676329 280.00 414
0.101284 71.00 701
0.017544 2.00 114
0.258883 51.00 197
0.751278 441.00 587

0.033613 24.00 714
0.843478 97.00 115
0.004032 2.00 496
0.864865 320.00 370
0.052158 29.00 556

0.146835 58.00 395
0.059048 31.00 525
0.326531 48.00 147
0.841772 133.00 158
0.426471 87.00 204

0.059289 15.00 253
0.478079 229.00 479
0.001825 1.00 548
0.472222 68.00 144
0.787946 353.00 448

0.547619 92.00 168
0.119205 18.00 151
0.483193 115.00 238
0.174757 54.00 309
0.476190 60.00 126

0.236014 135.00 572
0.340271 327.00 961
0.490706 132.00 269
0.399267 327.00 819
0.333333 60.00 180

0.001618 1.00 618
0.099026 61.00 616
0.149284 73.00 489
0.904040 179.00 198
0.646930 590.00 912

0.901639 220.00 244
0.112835 80.00 709
0.475362 164.00 345
0.292576 134.00 458
0.018868 7.00 371

0.593301 124.00 209
0.460905 112.00 243
0.168766 67.00 397
0.155738 19.00 122
0.422613 385.00 911

0.443128 187.00 422
0.429348 158.00 368
0.521739 300.00 575
0.250000 54.00 216
0.154867 35.00 226

0.057143 6.00 105
0.811644 237.00 292
0.402985 108.00 268
0.157143 22.00 140
0.367041 98.00 267

0.189055 38.00 201
0.764175 593.00 776
0.177694 94.00 529
0.625000 95.00 152
0.041420 21.00 507

0.423168 179.00 423
0.334755 157.00 469
0.153392 104.00 678
0.296512 51.00 172
0.591195 188.00 318

0.644068 152.00 236
0.044304 21.00 474
0.490260 302.00 616
0.185941 82.00 441
0.434125 201.00 463

0.509804 78.00 153
0.240000 30.00 125
0.142857 35.00 245
0.019048 2.00 105
0.890196 454.00 510

0.391509 166.00 424
0.023734 15.00 632
0.234450 49.00 209
0.709476 569.00 802
0.438017 53.00 121

0.155364 126.00 811
0.033981 21.00 618
0.977556 392.00 401
0.272059 74.00 272
0.358416 181.00 505

0.369231 72.00 195
0.122605 32.00 261
0.401575 204.00 508
0.600414 290.00 483
0.306667 46.00 150

0.628623 347.00 552
0.280220 51.00 182
0.001420 1.00 704
0.201469 192.00 953
0.692308 99.00 143

0.448430 100.00 223
0.089727 69.00 769
0.825688 90.00 109
0.230599 104.00 451
0.205285 202.00 984

0.439060 299.00 681
0.985106 463.00 470
0.244838 83.00 339
0.068452 46.00 672
0.058824 6.00 102

0.892562 324.00 363
0.327922 101.00 308
0.016282 12.00 737
0.374126 107.00 286
0.188148 127.00 675

0.693694 77.00 111
0.017668 15.00 849
0.385013 298.00 774
0.554585 381.00 687
0.153252 139.00 907

0.461538 126.00 273
0.583333 357.00 612
0.020979 3.00 143
0.505867 388.00 767
0.230061 75.00 326

0.731765 311.00 425
0.163711 120.00 733
0.578947 198.00 342
0.202128 171.00 846
0.125796 79.00 628

0.194805 30.00 154
0.920000 437.00 475
0.474926 161.00 339
0.071066 14.00 197
0.135496 71.00 524

0.096000 12.00 125
0.181208 27.00 149
0.585586 130.00 222
0.090909 11.00 121
0.849558 96.00 113

0.409091 144.00 352
0.036620 13.00 355
0.182952 88.00 481
0.172414 40.00 232
0.996226 264.00 265

0.477273 189.00 396
0.485782 205.00 422
0.442308 46.00 104
0.190972 55.00 288
0.202970 41.00 202

0.879668 212.00 241
0.089520 82.00 916
0.518519 140.00 270
0.234568 38.00 162
0.072115 15.00 208

0.324444 73.00 225
0.600000 120.00 200
0.079365 20.00 252
0.012987 7.00 539
0.781447 497.00 636

0.122727 27.00 220
0.114889 98.00 853
0.489655 71.00 145
0.668845 614.00 918
0.407643 128.00 314

0.077922 12.00 154
0.854839 106.00 124
0.337143 59.00 175
0.145299 17.00 117
0.386861 53.00 137

0.094737 27.00 285
0.528384 121.00 229
0.177198 129.00 728
0.774775 86.00 111
0.219512 27.00 123

0.276471 47.00 170
0.634259 137.00 216
0.262295 32.00 122
0.337079 330.00 979
0.283186 64.00 226

0.074336 42.00 565
0.720000 72.00 100
0.052750 47.00 891
0.015734 9.00 572
0.935897 584.00 624

0.475728 49.00 103
0.342029 118.00 345
0.243935 181.00 742
0.107050 41.00 383
0.631022 537.00 851

0.045455 7.00 154
0.132867 38.00 286
0.932039 288.00 309
0.283388 87.00 307
0.407407 77.00 189

0.254717 27.00 106
0.371681 252.00 678
0.001647 1.00 607
0.836111 301.00 360
0.338374 179.00 529

0.283912 90.00 317
0.183790 161.00 876
0.725000 116.00 160
0.503106 81.00 161
0.102273 54.00 528

0.057522 13.00 226
0.961538 200.00 208
0.268219 265.00 988
0.116592 26.00 223
0.399522 167.00 418

0.601732 139.00 231
0.741935 92.00 124
0.331445 117.00 353
0.118280 33.00 279
0.005405 1.00 185

0.628959 278.00 442
0.372093 64.00 172
0.026399 25.00 947
0.444751 322.00 724
0.325056 144.00 443

0.561644 123.00 219
0.270386 63.00 233
0.167832 48.00 286
0.476708 307.00 644
0.322160 173.00 537

0.302277 292.00 966
0.802555 691.00 861
0.088180 47.00 533
0.507270 314.00 619
0.098039 20.00 204

0.576087 106.00 184
0.335404 108.00 322
0.306265 132.00 431
0.253298 96.00 379
0.329032 51.00 155

0.298507 40.00 134
0.380368 62.00 163
0.811966 95.00 117
0.010355 7.00 676
0.298182 82.00 275

0.175365 84.00 479
0.692972 562.00 811
0.458716 150.00 327
0.389222 65.00 167
0.081784 22.00 269

0.136957 63.00 460
0.367059 156.00 425
0.712042 136.00 191
0.293839 62.00 211
0.289037 87.00 301

0.161348 91.00 564
0.288462 30.00 104
0.657201 324.00 493
0.515873 130.00 252
0.173611 25.00 144

0.567961 117.00 206
0.092131 48.00 521
0.855319 201.00 235
0.121575 71.00 584
0.162162 18.00 111

0.496063 63.00 127
0.472023 329.00 697
0.046045 39.00 847
0.177419 22.00 124
0.609524 64.00 105

0.125275 114.00 910
0.500000 323.00 646
0.875000 224.00 256
0.021119 20.00 947
0.280079 142.00 507

0.176955 86.00 486
0.685185 74.00 108
0.181507 53.00 292
0.634409 118.00 186
0.117647 20.00 170

0.367568 68.00 185
0.687259 178.00 259
0.015552 10.00 643
0.332940 282.00 847
0.397028 187.00 471

0.006061 1.00 165
0.132686 41.00 309
0.963542 185.00 192
0.020173 7.00 347
0.673469 99.00 147

0.163636 18.00 110
0.086283 39.00 452
0.280347 97.00 346
0.841390 557.00 662
0.435185 47.00 108

0.132867 19.00 143
0.035562 25.00 703
0.396610 351.00 885
0.594074 401.00 675
0.641026 100.00 156

0.343354 217.00 632
0.031111 14.00 450
0.038835 4.00 103
0.979762 823.00 840
0.407320 345.00 847

0.194030 78.00 402
0.539823 61.00 113
0.222222 66.00 297
0.730061 119.00 163
0.117188 15.00 128

0.753086 183.00 243
0.175084 52.00 297
0.019417 4.00 206
0.080357 27.00 336
0.777778 175.00 225

0.500000 188.00 376
0.092135 41.00 445
0.479705 390.00 813
0.075949 60.00 790
0.651992 622.00 954

0.369251 281.00 761
0.755245 216.00 286
0.316176 43.00 136
0.295943 124.00 419
0.067568 10.00 148

0.453488 78.00 172
0.213675 25.00 117
0.088235 21.00 238
0.187097 174.00 930
0.859091 189.00 220

0.193548 72.00 372
0.061856 12.00 194
0.756477 146.00 193
0.068293 14.00 205
0.717949 140.00 195

0.146172 63.00 431
0.168157 94.00 559
0.301508 60.00 199
0.750000 120.00 160
0.439528 149.00 339

0.442455 173.00 391
0.266667 28.00 105
0.227171 102.00 449
0.057554 16.00 278
0.803922 287.00 357

0.295400 122.00 413
0.188525 138.00 732
0.720230 502.00 697
0.373016 47.00 126
0.224852 76.00 338

0.338384 67.00 198
0.034700 22.00 634
0.517185 316.00 611
0.516981 137.00 265
0.394366 56.00 142

0.202916 167.00 823
0.172199 83.00 482
0.335294 57.00 170
0.229814 37.00 161
0.859838 319.00 371

0.560886 152.00 271
0.189189 49.00 259
0.080916 53.00 655
0.467980 285.00 609
0.500000 256.00 512

0.276527 86.00 311
0.773438 99.00 128
0.030612 12.00 392
0.596610 176.00 295
0.125874 36.00 286

0.230769 147.00 637
0.216430 137.00 633
0.288760 149.00 516
0.480485 357.00 743
0.583445 437.00 749

0.190570 97.00 509
0.064378 45.00 699
0.187500 21.00 112
0.850877 194.00 228
0.509749 183.00 359

0.104762 22.00 210
0.335227 59.00 176
0.435417 209.00 480
0.827119 244.00 295
0.091954 16.00 174

0.611111 66.00 108
0.295652 34.00 115
0.355102 174.00 490
0.227468 53.00 233
0.307692 84.00 273

0.587601 436.00 742
0.481314 425.00 883
0.081197 19.00 234
0.556237 272.00 489
0.091873 78.00 849

0.046729 10.00 214
0.710938 182.00 256
0.155556 28.00 180
0.506757 375.00 740
0.377294 329.00 872

0.784810 124.00 158
0.100000 13.00 130
0.058824 16.00 272
0.555000 111.00 200
0.293578 32.00 109

0.192593 52.00 270
0.442105 84.00 190
0.535065 412.00 770
0.625000 600.00 960
0.009901 1.00 101

0.046154 6.00 130
0.113821 14.00 123
0.819383 372.00 454
0.469231 61.00 130
0.355372 43.00 121

0.108844 16.00 147
0.056452 7.00 124
0.626062 442.00 706
0.599793 580.00 967
0.410714 391.00 952

0.062731 34.00 542
0.434483 63.00 145
0.464912 53.00 114
0.707692 276.00 390
0.134565 51.00 379

0.141791 19.00 134
0.197674 34.00 172
0.603896 186.00 308
0.801619 198.00 247
0.050616 37.00 731

0.491961 153.00 311
0.239502 154.00 643
0.416961 118.00 283
0.331658 66.00 199
0.324022 58.00 179

0.642458 230.00 358
0.441640 140.00 317
0.512000 64.00 125
0.126761 18.00 142
0.072893 32.00 439

0.495826 297.00 599
0.801149 697.00 870
0.196352 183.00 932
0.050000 11.00 220
0.257384 122.00 474

0.586486 434.00 740
0.723150 606.00 838
0.435644 88.00 202
0.015748 6.00 381
0.038660 15.00 388

0.029240 10.00 342
0.100000 41.00 410
0.008368 6.00 717
0.721774 358.00 496
0.942721 395.00 419

0.034942 21.00 601
0.530478 322.00 607
0.031662 12.00 379
0.904335 605.00 669
0.299595 74.00 247

0.298913 55.00 184
0.227630 145.00 637
0.360000 99.00 275
0.629213 168.00 267
0.284536 138.00 485

0.027650 6.00 217
0.315789 54.00 171
0.600000 81.00 135
0.231405 28.00 121
0.624161 93.00 149

0.153587 137.00 892
0.432357 310.00 717
0.208543 166.00 796
0.245586 153.00 623
0.759524 319.00 420

0.572193 535.00 935
0.289421 145.00 501
0.059009 56.00 949
0.016760 3.00 179
0.860000 86.00 100

0.125683 23.00 183
0.478261 88.00 184
0.263473 44.00 167
0.233333 28.00 120
0.698020 141.00 202

0.168421 32.00 190
0.597222 86.00 144
0.201511 160.00 794
0.544254 412.00 757
0.289256 70.00 242

0.401709 47.00 117
0.898765 728.00 810
0.088889 12.00 135
0.050000 8.00 160
0.352049 232.00 659

0.244755 70.00 286
0.953975 228.00 239
0.307868 270.00 877
0.129103 59.00 457
0.163399 25.00 153

0.657407 71.00 108
0.230769 90.00 390
0.566667 340.00 600
0.201377 117.00 581
0.139130 16.00 115

0.070175 12.00 171
0.842825 370.00 439
0.051370 15.00 292
0.172881 102.00 590
0.660448 354.00 536

0.367521 43.00 117
0.136054 20.00 147
0.446281 54.00 121
0.172414 20.00 116
0.681592 137.00 201

0.033333 10.00 300
0.237037 32.00 135
0.097561 28.00 287
0.605263 69.00 114
0.826291 352.00 426

0.399504 161.00 403
0.852535 740.00 868
0.055944 24.00 429
0.420543 217.00 516
0.075472 8.00 106

0.978142 179.00 183
0.428571 51.00 119
0.147260 86.00 584
0.140468 42.00 299
0.109929 31.00 282

0.312102 147.00 471
0.962963 130.00 135
0.277778 105.00 378
0.221843 65.00 293
0.025000 5.00 200

0.040431 15.00 371
0.312349 129.00 413
0.265849 130.00 489
0.904110 132.00 146
0.284264 56.00 197

0.783193 466.00 595
0.142091 53.00 373
0.083721 36.00 430
0.535627 218.00 407
0.255102 150.00 588

0.433962 115.00 265
0.837714 733.00 875
0.374194 58.00 155
0.101351 15.00 148
0.050000 34.00 680

0.814465 259.00 318
0.169903 105.00 618
0.017857 3.00 168
0.418519 226.00 540
0.375839 56.00 149

0.051195 15.00 293
0.375000 96.00 256
0.773109 92.00 119
0.169405 165.00 974
0.432653 106.00 245

0.328820 170.00 517
0.562637 256.00 455
0.513514 76.00 148
0.359504 174.00 484
0.035971 5.00 139

0.296296 48.00 162
0.464646 92.00 198
0.670330 183.00 273
0.170455 30.00 176
0.197628 100.00 506

0.212815 186.00 874
0.141058 56.00 397
0.558376 110.00 197
0.341969 66.00 193
0.542212 456.00 841

0.491071 55.00 112
0.052632 15.00 285
0.162602 80.00 492
0.610442 152.00 249
0.480000 84.00 175

0.380282 54.00 142
0.307692 76.00 247
0.406423 367.00 903
0.064449 31.00 481
0.644737 147.00 228

0.271028 29.00 107
0.422897 181.00 428
0.178571 50.00 280
0.916399 285.00 311
0.010417 2.00 192

0.494834 431.00 871
0.335196 120.00 358
0.909639 302.00 332
0.022472 12.00 534
0.033898 4.00 118

0.543689 112.00 206
0.073846 48.00 650
0.577703 342.00 592
0.456647 79.00 173
0.142857 22.00 154

0.021991 19.00 864
0.995215 208.00 209
0.228967 215.00 939
0.032000 8.00 250
0.520833 150.00 288

0.038462 13.00 338
0.073333 11.00 150
0.373602 167.00 447
0.665455 183.00 275
0.648148 420.00 648

0.462687 93.00 201
0.918317 371.00 404
0.080645 10.00 124
0.213740 56.00 262
0.119205 18.00 151

0.512195 105.00 205
0.361345 43.00 119
0.393701 150.00 381
0.512821 140.00 273
0.014981 4.00 267

0.235294 24.00 102
0.471963 202.00 428
0.236842 36.00 152
0.554198 363.00 655
0.311284 80.00 257

0.017204 8.00 465
0.647303 156.00 241
0.026005 22.00 846
0.475992 228.00 479
0.632479 444.00 702

0.183544 29.00 158
0.288136 34.00 118
0.188267 138.00 733
0.805383 778.00 966
0.340741 46.00 135

0.404255 57.00 141
0.554878 91.00 164
0.187135 128.00 684
0.232759 27.00 116
0.423892 220.00 519

0.424528 180.00 424
0.962085 203.00 211
0.001052 1.00 951
0.188249 157.00 834
0.228571 40.00 175

0.655367 116.00 177
0.038462 7.00 182
0.767549 667.00 869
0.198444 51.00 257
0.137681 38.00 276

0.583744 237.00 406
0.759563 278.00 366
0.237288 56.00 236
0.199700 133.00 666
0.016990 7.00 412

0.609649 139.00 228
0.312102 98.00 314
0.116643 82.00 703
0.426154 277.00 650
0.338768 187.00 552

0.660167 474.00 718
0.161188 152.00 943
0.355263 54.00 152
0.497275 365.00 734
0.127807 74.00 579

0.207921 21.00 101
0.363636 56.00 154
0.595890 87.00 146
0.028391 9.00 317
0.609467 309.00 507

0.989189 183.00 185
0.472222 51.00 108
0.073620 12.00 163
0.157585 107.00 679
0.111588 26.00 233

0.333333 52.00 156
0.109091 30.00 275
0.732301 331.00 452
0.279793 108.00 386
0.347826 72.00 207

0.627753 285.00 454
0.082840 28.00 338
0.230349 211.00 916
0.348730 151.00 433
0.512438 103.00 201

0.481522 443.00 920
0.472892 314.00 664
0.044172 36.00 815
0.084211 24.00 285
0.717080 550.00 767

0.161491 52.00 322
0.101351 15.00 148
0.358974 98.00 273
0.231527 94.00 406
0.946578 567.00 599

0.427686 207.00 484
0.399361 125.00 313
0.491031 219.00 446
0.004329 1.00 231
0.480620 124.00 258

0.226562 174.00 768
0.559659 394.00 704
0.077586 9.00 116
0.790952 507.00 641
0.143969 74.00 514

0.006536 3.00 459
0.091778 48.00 523
0.955128 149.00 156
0.593625 149.00 251
0.150820 46.00 305

0.024845 12.00 483
0.244772 199.00 813
0.761651 572.00 751
0.720708 529.00 734
0.048780 8.00 164

0.079545 14.00 176
0.321608 64.00 199
0.887601 766.00 863
0.404762 51.00 126
0.107383 16.00 149

0.459770 200.00 435
0.048387 6.00 124
0.248963 60.00 241
0.854031 784.00 918
0.187879 186.00 990

0.579710 80.00 138
0.831683 84.00 101
0.134454 16.00 119
0.248721 243.00 977
0.008850 1.00 113

0.003727 3.00 805
0.672515 115.00 171
0.511628 220.00 430
0.135593 96.00 708
0.483871 60.00 124

0.386667 116.00 300
0.375746 189.00 503
0.082927 17.00 205
0.502982 253.00 503
0.452055 165.00 365

0.453704 49.00 108
0.354930 252.00 710
0.182724 55.00 301
0.583333 91.00 156
0.230769 78.00 338

0.163793 19.00 116
0.604688 387.00 640
0.247012 124.00 502
0.210158 120.00 571
0.575758 209.00 363

0.120536 27.00 224
0.285519 209.00 732
0.593750 133.00 224
0.264957 31.00 117
0.544554 55.00 101

0.661710 178.00 269
0.685083 372.00 543
0.077419 12.00 155
0.371287 75.00 202
0.002506 1.00 399

0.267191 136.00 509
0.233514 216.00 925
0.628571 66.00 105
0.508230 247.00 486
0.162664 149.00 916

0.158281 151.00 954
0.851485 86.00 101
0.612791 527.00 860
0.058020 17.00 293
0.121212 16.00 132

0.623853 68.00 109
0.373832 40.00 107
0.004608 1.00 217
0.385621 59.00 153
0.416816 233.00 559

0.497942 121.00 243
0.081433 50.00 614
0.129353 104.00 804
0.229885 40.00 174
0.858217 799.00 931

0.206250 33.00 160
0.606171 334.00 551
0.107692 21.00 195
0.265152 70.00 264
0.611465 96.00 157

0.835341 208.00 249
0.305842 89.00 291
0.459135 382.00 832
0.162791 112.00 688
0.036613 32.00 874

0.714479 528.00 739
0.065749 43.00 654
0.615385 80.00 130
0.352381 111.00 315
0.047009 11.00 234

0.174757 54.00 309
0.347826 104.00 299
0.743243 495.00 666
0.296912 250.00 842
0.235294 60.00 255

0.132312 95.00 718
0.038251 7.00 183
0.653846 323.00 494
0.138514 41.00 296
0.837333 314.00 375

0.032328 30.00 928
0.430000 43.00 100
0.439024 108.00 246
0.788104 212.00 269
0.111111 68.00 612

0.383266 284.00 741
0.221212 73.00 330
0.689320 71.00 103
0.046512 10.00 215
0.465438 101.00 217

0.275949 109.00 395
0.661157 160.00 242
0.335541 152.00 453
0.201538 131.00 650
0.323770 79.00 244

0.218085 82.00 376
0.109756 63.00 574
0.912913 304.00 333
0.095652 11.00 115
0.464912 106.00 228

0.367442 79.00 215
0.063492 16.00 252
0.014354 3.00 209
0.592814 198.00 334
0.765595 405.00 529

0.279070 132.00 473
0.434505 136.00 313
0.331140 151.00 456
0.319079 194.00 608
0.434524 73.00 168

0.065823 26.00 395
0.031847 5.00 157
0.823113 349.00 424
0.177340 36.00 203
0.704852 523.00 742

0.358491 57.00 159
0.239796 235.00 980
0.574359 112.00 195
0.127358 54.00 424
0.500000 50.00 100

0.346154 90.00 260
0.648438 83.00 128
0.456140 78.00 171
0.012346 5.00 405
0.330000 33.00 100

0.143836 21.00 146
0.636872 114.00 179
0.250000 26.00 104
0.450617 146.00 324
0.319767 220.00 688

0.135417 52.00 384
0.177982 97.00 545
0.440957 295.00 669
0.373900 255.00 682
0.670000 67.00 100

0.493976 82.00 166
0.496552 144.00 290
0.088235 48.00 544
0.133333 50.00 375
0.587879 97.00 165

0.880640 605.00 687
0.362832 41.00 113
0.112840 58.00 514
0.131944 76.00 576
0.309028 178.00 576

0.507747 426.00 839
0.089059 35.00 393
0.456989 85.00 186
0.268571 94.00 350
0.478022 174.00 364

0.235714 33.00 140
0.067669 9.00 133
0.242718 125.00 515
0.980892 154.00 157
0.275591 70.00 254

0.339286 171.00 504
0.088988 80.00 899
0.222222 32.00 144
0.281046 43.00 153
0.864469 236.00 273

0.420601 196.00 466
0.889803 541.00 608
0.125000 14.00 112
0.280992 34.00 121
0.084282 37.00 439

0.115702 14.00 121
0.288210 66.00 229
0.863222 284.00 329
0.133758 21.00 157
0.400000 50.00 125

0.468750 60.00 128
0.141667 34.00 240
0.602496 338.00 561
0.103226 32.00 310
0.486486 54.00 111

0.165289 20.00 121
0.005195 2.00 385
0.001647 1.00 607
0.704000 88.00 125
0.918264 910.00 991

0.249682 196.00 785
0.473498 134.00 283
0.023077 3.00 130
0.323529 66.00 204
0.728571 255.00 350

0.735931 170.00 231
0.303030 50.00 165
0.113314 80.00 706
0.046875 6.00 128
0.596413 133.00 223

0.577670 119.00 206
0.333333 103.00 309
0.034884 6.00 172
0.445415 102.00 229
0.406504 150.00 369

0.219895 42.00 191
0.111386 45.00 404
0.549383 89.00 162
0.038168 5.00 131
0.883929 99.00 112

0.327586 57.00 174
0.286111 206.00 720
0.133266 131.00 983
0.767568 142.00 185
0.282258 105.00 372

0.858075 526.00 613
0.207547 44.00 212
0.105023 23.00 219
0.004016 1.00 249
0.627986 184.00 293

0.103139 23.00 223
0.042918 10.00 233
0.870690 303.00 348
0.664723 456.00 686
0.118590 37.00 312

0.041363 17.00 411
0.350649 54.00 154
0.533166 426.00 799
0.194774 82.00 421
0.681243 592.00 869

0.117647 22.00 187
0.213376 201.00 942
0.297826 137.00 460
0.798701 369.00 462
0.376040 226.00 601

0.444444 108.00 243
0.080612 79.00 980
0.896552 156.00 174
0.061404 7.00 114
0.320442 58.00 181

0.029703 3.00 101
0.198618 115.00 579
0.993399 301.00 303
0.110942 73.00 658
0.474684 150.00 316

0.783333 94.00 120
0.610169 360.00 590
0.348387 54.00 155
0.026316 12.00 456
0.036939 14.00 379

0.026406 23.00 871
0.081461 29.00 356
0.621429 174.00 280
0.792453 84.00 106
0.275184 112.00 407

0.604839 75.00 124
0.249139 217.00 871
0.829493 180.00 217
0.008333 1.00 120
0.115385 12.00 104

0.330435 38.00 115
0.547170 87.00 159
0.431452 107.00 248
0.135135 45.00 333
0.358101 347.00 969

0.431877 168.00 389
0.536620 381.00 710
0.314421 133.00 423
0.477322 221.00 463
0.035714 4.00 112

0.201550 26.00 129
0.051613 8.00 155
0.403930 185.00 458
0.895455 197.00 220
0.245509 41.00 167

0.914216 373.00 408
0.150794 57.00 378
0.350993 53.00 151
0.249211 79.00 317
0.137255 14.00 102

0.219048 23.00 105
0.184397 26.00 141
0.719486 336.00 467
0.186170 70.00 376
0.488235 332.00 680

0.129338 82.00 634
0.832258 129.00 155
0.384058 106.00 276
0.200000 22.00 110
0.253333 57.00 225

0.139303 28.00 201
0.858065 133.00 155
0.336000 42.00 125
0.180095 152.00 844
0.284615 37.00 130

0.631068 65.00 103
0.399188 295.00 739
0.128975 73.00 566
0.204380 28.00 137
0.434726 333.00 766

0.671733 221.00 329
0.213166 68.00 319
0.129288 49.00 379
0.455838 449.00 985
0.331620 129.00 389

0.054274 40.00 737
0.365474 235.00 643
0.415648 170.00 409
0.506518 272.00 537
0.458484 127.00 277

0.054371 51.00 938
0.049310 25.00 507
0.410811 76.00 185
0.837748 253.00 302
0.451883 108.00 239

0.212766 130.00 611
0.892617 532.00 596
0.107616 65.00 604
0.045455 23.00 506
0.540984 99.00 183

0.005459 5.00 916
0.031833 29.00 911
0.785714 88.00 112
0.533118 330.00 619
0.445714 234.00 525

0.138686 19.00 137
0.598383 222.00 371
0.153465 31.00 202
0.897143 157.00 175
0.010471 8.00 764

0.180190 171.00 949
0.781095 157.00 201
0.585106 110.00 188
0.141304 26.00 184
0.109677 17.00 155

0.412752 123.00 298
0.571429 108.00 189
0.646667 291.00 450
0.100796 38.00 377
0.069597 38.00 546

0.175532 99.00 564
0.402672 211.00 524
0.359636 237.00 659
0.024857 13.00 523
0.836735 410.00 490

0.060440 22.00 364
0.453571 254.00 560
0.866795 449.00 518
0.191358 31.00 162
0.228070 26.00 114

0.775100 193.00 249
0.082353 14.00 170
0.219048 46.00 210
0.128773 64.00 497
0.592089 479.00 809

0.500000 65.00 130
0.687500 176.00 256
0.138614 14.00 101
0.344444 124.00 360
0.125714 22.00 175

0.025126 5.00 199
0.675732 323.00 478
0.675768 198.00 293
0.387879 64.00 165
0.039216 4.00 102

0.009615 1.00 104
0.359504 87.00 242
0.140575 44.00 313
0.911894 207.00 227
0.376147 41.00 109

0.439883 150.00 341
0.364964 300.00 822
0.297297 33.00 111
0.521341 171.00 328
0.171149 70.00 409

0.118033 36.00 305
0.501389 361.00 720
0.780142 110.00 141
0.073529 10.00 136
0.318996 89.00 279

0.250936 201.00 801
0.437882 215.00 491
0.225989 160.00 708
0.827273 182.00 220
0.062257 16.00 257

0.800000 92.00 115
0.092257 56.00 607
0.517241 165.00 319
0.096026 29.00 302
0.295337 114.00 386

0.497238 90.00 181
0.495979 185.00 373
0.476744 82.00 172
0.302885 63.00 208
0.019048 2.00 105

0.188034 22.00 117
0.532189 248.00 466
0.185714 52.00 280
0.573944 163.00 284
0.315301 204.00 647

0.173570 88.00 507
0.350365 48.00 137
0.704057 295.00 419
0.558185 283.00 507
0.015038 2.00 133

0.442623 81.00 183
0.008130 2.00 246
0.289948 225.00 776
0.664122 87.00 131
0.395489 263.00 665

0.833333 110.00 132
0.308068 126.00 409
0.216949 128.00 590
0.065672 22.00 335
0.374627 251.00 670

0.165138 18.00 109
0.388235 99.00 255
0.190818 133.00 697
0.740385 693.00 936
0.310757 78.00 251

0.943350 383.00 406
0.185841 42.00 226
0.486388 268.00 551
0.070423 10.00 142
0.114823 55.00 479

0.459064 157.00 342
0.166667 49.00 294
0.086505 50.00 578
0.211134 201.00 952
0.878307 166.00 189

0.142857 26.00 182
0.361546 346.00 957
0.274301 206.00 751
0.358423 100.00 279
0.661677 442.00 668

0.156425 28.00 179
0.319635 70.00 219
0.778125 498.00 640
0.100000 11.00 110
0.440529 300.00 681

0.016616 11.00 662
0.488550 64.00 131
0.196850 25.00 127
0.710024 595.00 838
0.394382 351.00 890

0.007143 5.00 700
0.970149 130.00 134
0.324786 114.00 351
0.419643 94.00 224
0.078464 47.00 599

0.150685 44.00 292
0.153846 20.00 130
0.625130 602.00 963
0.523490 156.00 298
0.346774 86.00 248

0.979710 338.00 345
0.435540 125.00 287
0.181720 169.00 930
0.167568 31.00 185
0.038817 21.00 541

0.324022 58.00 179
0.404762 289.00 714
0.080622 57.00 707
0.537939 475.00 883
0.454106 94.00 207

0.263158 70.00 266
0.261261 29.00 111
0.956012 652.00 682
0.314961 80.00 254
0.001065 1.00 939

0.107576 71.00 660
0.539715 265.00 491
0.866051 750.00 866
0.182635 61.00 334
0.101796 17.00 167

0.189103 59.00 312
0.791667 228.00 288
0.284663 232.00 815
0.425993 118.00 277
0.107345 19.00 177

0.251969 64.00 254
0.121495 39.00 321
0.319672 195.00 610
0.309278 60.00 194
0.792308 103.00 130

0.784661 266.00 339
0.510000 51.00 100
0.444444 220.00 495
0.032787 4.00 122
0.023772 15.00 631

0.474886 104.00 219
0.050459 33.00 654
0.837349 278.00 332
0.415686 106.00 255
0.021384 17.00 795

0.583333 105.00 180
0.145540 62.00 426
0.450704 96.00 213
0.482558 332.00 688
0.139665 25.00 179

0.269720 106.00 393
0.326823 251.00 768
0.476190 70.00 147
0.627803 140.00 223
0.102506 90.00 878

0.045977 16.00 348
0.168000 21.00 125
0.255556 46.00 180
0.711475 217.00 305
0.616541 410.00 665

0.625239 327.00 523
0.424419 73.00 172
0.632353 172.00 272
0.045845 16.00 349
0.069565 8.00 115

0.468085 110.00 235
0.134235 129.00 961
0.261682 56.00 214
0.676393 255.00 377
0.260708 140.00 537

0.378378 42.00 111
0.006757 2.00 296
0.089888 16.00 178
0.691099 132.00 191
0.636861 349.00 548

0.250000 129.00 516
0.671533 92.00 137
0.664474 303.00 456
0.203160 90.00 443
0.012821 5.00 390

0.902622 241.00 267
0.013937 8.00 574
0.165138 72.00 436
0.519897 405.00 779
0.196602 162.00 824

0.455000 273.00 600
0.262238 225.00 858
0.298056 138.00 463
0.777096 380.00 489
0.007246 1.00 138

0.792952 180.00 227
0.020672 16.00 774
0.183074 106.00 579
0.675439 77.00 114
0.122137 48.00 393

0.706161 149.00 211
0.310345 36.00 116
0.284722 41.00 144
0.266402 134.00 503
0.234875 66.00 281

0.469185 236.00 503
0.702128 99.00 141
0.184211 28.00 152
0.014706 6.00 408
0.433058 262.00 605

0.305439 73.00 239
0.580952 61.00 105
0.462898 131.00 283
0.367925 78.00 212
0.081967 10.00 122

0.051948 8.00 154
0.824441 479.00 581
0.088435 13.00 147
0.789727 492.00 623
0.046693 36.00 771

0.460993 65.00 141
0.080460 28.00 348
0.394495 86.00 218
0.434978 97.00 223
0.433249 344.00 794

0.435852 248.00 569
0.482587 97.00 201
0.023192 17.00 733
0.838652 473.00 564
0.018692 4.00 214

0.381743 92.00 241
0.591579 562.00 950
0.248954 119.00 478
0.066038 14.00 212
0.509804 104.00 204

0.279661 33.00 118
0.435685 105.00 241
0.027919 11.00 394
0.208092 36.00 173
0.849123 484.00 570

0.318627 65.00 204
0.482609 333.00 690
0.104202 62.00 595
0.622517 94.00 151
0.271242 83.00 306

0.232000 29.00 125
0.398977 156.00 391
0.258065 32.00 124
0.860294 351.00 408
0.048443 14.00 289

0.613169 149.00 243
0.004202 1.00 238
0.522124 177.00 339
0.462882 106.00 229
0.191111 43.00 225

0.086039 53.00 616
0.439024 54.00 123
0.167910 45.00 268
0.309973 115.00 371
0.796562 556.00 698

0.510883 399.00 781
0.095238 10.00 105
0.415888 89.00 214
0.754386 731.00 969
0.027576 19.00 689

0.442130 382.00 864
0.293785 156.00 531
0.100877 23.00 228
0.196581 23.00 117
0.765896 265.00 346

0.104945 104.00 991
0.947692 616.00 650
0.312500 305.00 976
0.202586 47.00 232
0.229868 157.00 683

0.541033 178.00 329
0.413333 62.00 150
0.070064 11.00 157
0.677083 130.00 192
0.105263 12.00 114

0.972789 143.00 147
0.153846 18.00 117
0.222222 40.00 180
0.107632 55.00 511
0.341198 188.00 551

0.613079 225.00 367
0.092652 29.00 313
0.683081 541.00 792
0.129464 29.00 224
0.281124 70.00 249

0.668790 105.00 157
0.128467 88.00 685
0.581197 68.00 117
0.229474 218.00 950
0.192308 30.00 156

0.470085 55.00 117
0.035211 5.00 142
0.295681 89.00 301
0.981651 107.00 109
0.023810 3.00 126

0.265823 63.00 237
0.349206 44.00 126
0.070671 40.00 566
0.198511 80.00 403
0.916667 99.00 108

0.551053 340.00 617
0.003521 1.00 284
0.440945 56.00 127
0.514286 108.00 210
0.284848 47.00 165

0.042969 22.00 512
0.341871 307.00 898
0.691761 487.00 704
0.624557 529.00 847
0.098592 14.00 142

0.968750 155.00 160
0.218750 154.00 704
0.221538 216.00 975
0.001629 1.00 614
0.387805 318.00 820

0.728045 257.00 353
0.345112 293.00 849
0.008000 1.00 125
0.522936 57.00 109
0.198718 62.00 312

0.192661 21.00 109
0.917910 123.00 134
0.359375 253.00 704
0.310769 101.00 325
0.021429 3.00 140

0.240372 181.00 753
0.226688 141.00 622
0.253846 66.00 260
0.220907 112.00 507
0.856098 351.00 410

0.350427 41.00 117
0.619318 545.00 880
0.009112 8.00 878
0.596026 90.00 151
0.225434 195.00 865

0.907407 196.00 216
0.054173 37.00 683
0.421965 73.00 173
0.143258 51.00 356
0.270195 194.00 718

0.360000 99.00 275
0.253275 58.00 229
0.445946 99.00 222
0.660042 631.00 956
0.079208 64.00 808

0.830258 225.00 271
0.519337 282.00 543
0.130612 32.00 245
0.225728 186.00 824
0.096197 43.00 447

0.548387 85.00 155
0.108631 73.00 672
0.435714 61.00 140
0.608434 101.00 166
0.099723 36.00 361

0.933086 251.00 269
0.017094 4.00 234
0.020305 4.00 197
0.407524 130.00 319
0.422018 46.00 109

0.112605 67.00 595
0.271523 41.00 151
0.347670 97.00 279
0.712121 141.00 198
0.359684 91.00 253

0.169935 26.00 153
0.283482 127.00 448
0.915152 151.00 165
0.059197 28.00 473
0.370274 284.00 767

0.067532 26.00 385
0.064516 18.00 279
0.980769 153.00 156
0.682192 249.00 365
0.009346 3.00 321

0.576000 72.00 125
0.740964 123.00 166
0.053156 32.00 602
0.226950 32.00 141
0.205066 170.00 829

0.358491 38.00 106
0.255639 34.00 133
0.191682 106.00 553
0.787680 601.00 763
0.210280 90.00 428

0.210526 56.00 266
0.893491 151.00 169
0.007712 3.00 389
0.170569 102.00 598
0.516129 64.00 124

0.277778 45.00 162
0.312500 60.00 192
0.916350 241.00 263
0.232704 148.00 636
0.065341 23.00 352

0.383333 69.00 180
0.263087 196.00 745
0.504516 391.00 775
0.300000 36.00 120
0.349379 225.00 644

0.613772 205.00 334
0.700000 371.00 530
0.089655 26.00 290
0.303318 128.00 422
0.090323 42.00 465

0.034211 13.00 380
0.599379 386.00 644
0.584615 76.00 130
0.402247 179.00 445
0.175676 26.00 148

0.152672 20.00 131
0.783715 308.00 393
0.468966 408.00 870
0.096774 12.00 124
0.297710 39.00 131

0.166134 52.00 313
0.218121 130.00 596
0.635845 557.00 876
0.320988 52.00 162
0.458186 389.00 849

0.319347 137.00 429
0.140187 15.00 107
0.119266 13.00 109
0.392523 42.00 107
0.833691 777.00 932

0.311475 57.00 183
0.545190 187.00 343
0.667210 409.00 613
0.189409 186.00 982
0.085404 55.00 644

0.871254 785.00 901
0.331683 67.00 202
0.323232 96.00 297
0.238007 129.00 542
0.033058 4.00 121

0.080357 9.00 112
0.975474 875.00 897
0.038217 36.00 942
0.390919 353.00 903
0.315126 75.00 238

0.318966 37.00 116
0.198214 111.00 560
0.431373 110.00 255
0.394161 108.00 274
0.461294 435.00 943

0.724551 242.00 334
0.007968 2.00 251
0.626506 156.00 249
0.274704 139.00 506
0.168521 106.00 629

0.956522 132.00 138
0.117197 92.00 785
0.431670 199.00 461
0.226512 176.00 777
0.066265 33.00 498

0.546875 105.00 192
0.303406 98.00 323
0.215385 140.00 650
0.594475 538.00 905
0.138060 37.00 268

0.889908 97.00 109
0.262791 113.00 430
0.231132 98.00 424
0.372506 336.00 902
0.044686 37.00 828

0.431193 47.00 109
0.227848 72.00 316
0.420131 192.00 457
0.444646 245.00 551
0.270213 127.00 470

0.457831 114.00 249
0.038217 6.00 157
0.477833 97.00 203
0.087167 36.00 413
0.733333 77.00 105

0.838649 447.00 533
0.502890 87.00 173
0.048000 24.00 500
0.123786 51.00 412
0.285714 114.00 399

0.272859 188.00 689
0.529644 134.00 253
0.646925 284.00 439
0.228928 220.00 961
0.123810 13.00 105

0.694444 275.00 396
0.532934 178.00 334
0.095455 21.00 220
0.222222 36.00 162
0.258503 228.00 882

0.951977 337.00 354
0.006061 1.00 165
0.184685 41.00 222
0.370833 178.00 480
0.283093 216.00 763

0.164029 114.00 695
0.314121 218.00 694
0.514085 73.00 142
0.486381 250.00 514
0.326316 62.00 190

0.099707 34.00 341
0.870833 209.00 240
0.568000 142.00 250
0.017544 2.00 114
0.249066 200.00 803

0.159785 89.00 557
0.858847 432.00 503
0.058394 8.00 137
0.674443 636.00 943
0.051282 6.00 117

0.154795 113.00 730
0.656051 206.00 314
0.017391 4.00 230
0.751592 118.00 157
0.224756 69.00 307

0.145455 16.00 110
0.310127 49.00 158
0.214452 92.00 429
0.776786 87.00 112
0.356125 250.00 702

0.230769 54.00 234
0.078125 60.00 768
0.649502 391.00 602
0.256198 31.00 121
0.581081 129.00 222

0.520885 212.00 407
0.122642 13.00 106
0.398048 367.00 922
0.447942 185.00 413
0.315574 77.00 244

0.185792 34.00 183
0.379581 145.00 382
0.460000 46.00 100
0.326733 132.00 404
0.442946 427.00 964

0.159664 19.00 119
0.620585 615.00 991
0.560458 343.00 612
0.023622 3.00 127
0.434426 318.00 732

0.171696 165.00 961
0.512605 488.00 952
0.674740 390.00 578
0.287912 131.00 455
0.151832 58.00 382

0.768595 93.00 121
0.870432 262.00 301
0.003802 3.00 789
0.030151 6.00 199
0.130493 98.00 751

0.552408 195.00 353
0.038194 11.00 288
0.512500 492.00 960
0.016327 8.00 490
0.679446 638.00 939

0.161355 81.00 502
0.123664 81.00 655
0.150000 24.00 160
0.626556 151.00 241
0.736501 341.00 463

0.088725 48.00 541
0.454545 195.00 429
0.520000 390.00 750
0.150000 42.00 280
0.586207 85.00 145

0.460870 53.00 115
0.088542 51.00 576
0.102362 13.00 127
0.571186 337.00 590
0.576182 329.00 571

0.144000 90.00 625
0.154331 98.00 635
0.213675 75.00 351
0.840206 326.00 388
0.447236 89.00 199

0.390511 321.00 822
0.005682 2.00 352
0.595588 81.00 136
0.479663 342.00 713
0.330900 136.00 411

0.284512 169.00 594
0.336983 277.00 822
0.457143 176.00 385
0.240385 25.00 104
0.486239 53.00 109

0.013245 4.00 302
0.829787 117.00 141
0.184000 23.00 125
0.466667 77.00 165
0.315589 83.00 263

0.351724 102.00 290
0.080569 34.00 422
0.179688 23.00 128
0.506591 269.00 531
0.680000 68.00 100

0.145695 22.00 151
0.092437 11.00 119
0.545961 392.00 718
0.791304 182.00 230
0.229965 66.00 287

0.361635 115.00 318
0.366029 153.00 418
0.855204 378.00 442
0.114035 13.00 114
0.104762 11.00 105

0.806122 158.00 196
0.023227 19.00 818
0.051282 8.00 156
0.851562 109.00 128
0.064516 8.00 124

0.355263 135.00 380
0.201373 88.00 437
0.268657 54.00 201
0.431818 95.00 220
0.541538 176.00 325

0.617594 344.00 557
0.225610 37.00 164
0.136966 93.00 679
0.157534 23.00 146
0.661812 409.00 618

0.387978 284.00 732
0.503356 225.00 447
0.209964 118.00 562
0.304290 227.00 746
0.395498 246.00 622

0.235772 29.00 123
0.123916 100.00 807
0.503876 130.00 258
0.317241 46.00 145
0.619318 109.00 176

0.089494 46.00 514
0.180095 76.00 422
0.967857 813.00 840
0.551205 183.00 332
0.007519 1.00 133

0.125000 16.00 128
0.407407 44.00 108
0.939394 186.00 198
0.187500 30.00 160
0.145455 16.00 110

0.334270 119.00 356
0.257235 80.00 311
0.799353 494.00 618
0.159951 131.00 819
0.250000 164.00 656

0.289377 79.00 273
0.834294 579.00 694
0.368627 94.00 255
0.061033 13.00 213
0.247525 50.00 202

0.700576 365.00 521
0.094595 14.00 148
0.681648 182.00 267
0.085258 48.00 563
0.233010 24.00 103

0.134503 23.00 171
0.935780 102.00 109
0.504587 220.00 436
0.056604 6.00 106
0.161435 144.00 892

0.566524 132.00 233
0.840841 280.00 333
0.071895 11.00 153
0.209756 43.00 205
0.112540 70.00 622

0.105263 12.00 114
0.290831 203.00 698
0.811475 99.00 122
0.419512 86.00 205
0.174737 83.00 475

0.070423 10.00 142
0.747774 504.00 674
0.339408 149.00 439
0.292994 46.00 157
0.351562 45.00 128

0.515385 67.00 130
0.155738 19.00 122
0.870000 174.00 200
0.058824 7.00 119
0.203883 21.00 103

0.184162 100.00 543
0.627431 613.00 977
0.554286 97.00 175
0.308707 117.00 379
0.126492 106.00 838

0.046322 17.00 367
0.982456 168.00 171
0.222944 206.00 924
0.523810 176.00 336
0.026316 3.00 114

0.646552 75.00 116
0.653061 96.00 147
0.108635 39.00 359
0.272464 94.00 345
0.124481 30.00 241

0.174505 141.00 808
0.478873 68.00 142
0.610278 285.00 467
0.134387 34.00 253
0.400000 50.00 125

0.473485 125.00 264
0.068796 28.00 407
0.431507 63.00 146
0.604859 473.00 782
0.227941 31.00 136

0.568493 83.00 146
0.550515 267.00 485
0.245161 76.00 310
0.411602 149.00 362
0.025956 19.00 732

0.287356 125.00 435
0.162698 41.00 252
0.225490 23.00 102
0.947723 562.00 593
0.179739 55.00 306

0.291667 154.00 528
0.032051 5.00 156
0.539086 531.00 985
0.467153 192.00 411
0.474308 360.00 759

0.119581 80.00 669
0.016173 6.00 371
0.741667 267.00 360
0.904412 492.00 544
0.020725 4.00 193

0.565574 69.00 122
0.376404 134.00 356
0.634021 246.00 388
0.023256 3.00 129
0.200000 72.00 360

0.415612 197.00 474
0.191964 43.00 224
0.340580 47.00 138
0.027211 16.00 588
0.819095 163.00 199

0.820755 87.00 106
0.198885 107.00 538
0.644706 548.00 850
0.048913 9.00 184
0.086957 28.00 322

0.403846 273.00 676
0.457944 98.00 214
0.407563 97.00 238
0.225383 206.00 914
0.307692 72.00 234

0.721519 285.00 395
0.062500 23.00 368
0.536859 335.00 624
0.289474 110.00 380
0.192308 20.00 104

0.049180 15.00 305
0.800344 465.00 581
0.041322 15.00 363
0.799290 450.00 563
0.109489 90.00 822

0.143184 125.00 873
0.354167 51.00 144
0.106152 88.00 829
0.691145 640.00 926
0.504032 125.00 248

0.832924 339.00 407
0.061364 27.00 440
0.488000 183.00 375
0.137124 41.00 299
0.280702 112.00 399

0.185654 44.00 237
0.040936 7.00 171
0.233696 86.00 368
0.425234 182.00 428
0.914994 775.00 847

0.088000 11.00 125
0.016807 2.00 119
0.375439 107.00 285
0.887295 433.00 488
0.432971 239.00 552

0.816121 324.00 397
0.107198 70.00 653
0.068598 45.00 656
0.629412 107.00 170
0.177215 56.00 316

0.946309 141.00 149
0.578875 422.00 729
0.141292 129.00 913
0.118182 52.00 440
0.010204 2.00 196

0.257606 127.00 493
0.185792 34.00 183
0.009615 5.00 520
0.832192 243.00 292
0.518018 345.00 666

0.251613 39.00 155
0.596405 365.00 612
0.277929 102.00 367
0.282222 127.00 450
0.391089 237.00 606

0.069959 17.00 243
0.116822 25.00 214
0.774936 303.00 391
0.438217 344.00 785
0.397163 168.00 423

0.031056 5.00 161
0.200389 103.00 514
0.200000 60.00 300
0.413174 69.00 167
0.954545 147.00 154

0.517787 131.00 253
0.371611 233.00 627
0.102102 34.00 333
0.464396 150.00 323
0.343391 239.00 696

0.313889 226.00 720
0.237852 93.00 391
0.487427 252.00 517
0.047059 16.00 340
0.715711 287.00 401

0.262681 145.00 552
0.896104 138.00 154
0.139535 30.00 215
0.445946 363.00 814
0.056604 6.00 106

0.669355 83.00 124
0.084507 24.00 284
0.215827 30.00 139
0.412037 89.00 216
0.419214 96.00 229

0.846024 500.00 591
0.120301 112.00 931
0.095023 21.00 221
0.341880 40.00 117
0.396648 71.00 179

0.343367 308.00 897
0.113703 39.00 343
0.710909 391.00 550
0.425182 233.00 548
0.207668 65.00 313

0.204651 44.00 215
0.033708 6.00 178
0.183716 88.00 479
0.839650 288.00 343
0.543417 388.00 714

0.504046 436.00 865
0.387387 43.00 111
0.189586 142.00 749
0.655172 323.00 493
0.064815 28.00 432

0.186047 24.00 129
0.174757 18.00 103
0.346457 88.00 254
0.974359 380.00 390
0.120000 81.00 675

0.308908 215.00 696
0.405337 319.00 787
0.616253 273.00 443
0.055901 9.00 161
0.414365 75.00 181

0.638254 307.00 481
0.369261 185.00 501
0.074803 19.00 254
0.367742 171.00 465
0.346241 152.00 439

0.326203 61.00 187
0.218750 28.00 128
0.209091 23.00 110
0.862385 752.00 872
0.187919 28.00 149

0.149837 46.00 307
0.663636 73.00 110
0.460317 174.00 378
0.424528 45.00 106
0.098425 25.00 254

0.142292 72.00 506
0.368421 133.00 361
0.773529 263.00 340
0.166667 52.00 312
0.349673 321.00 918

0.464151 123.00 265
0.183962 39.00 212
0.789474 165.00 209
0.125523 30.00 239
0.236749 67.00 283

0.917431 100.00 109
0.094718 52.00 549
0.673802 661.00 981
0.072848 11.00 151
0.034826 7.00 201

0.029412 4.00 136
0.754045 233.00 309
0.511416 112.00 219
0.495017 149.00 301
0.010152 2.00 197

0.692480 617.00 891
0.582645 282.00 484
0.314700 152.00 483
0.196850 25.00 127
0.013233 7.00 529

0.478261 132.00 276
0.061958 50.00 807
0.930233 120.00 129
0.075342 44.00 584
0.254902 247.00 969

0.085938 22.00 256
0.129032 44.00 341
0.431239 254.00 589
0.532374 74.00 139
0.621864 347.00 558

0.228571 24.00 105
0.156250 35.00 224
0.317597 74.00 233
0.458182 126.00 275
0.643860 367.00 570

0.287298 285.00 992
0.122172 27.00 221
0.278075 52.00 187
0.342960 190.00 554
0.768176 560.00 729

0.057778 26.00 450
0.778035 673.00 865
0.350211 166.00 474
0.561798 100.00 178
0.051020 40.00 784

0.443069 358.00 808
0.471429 198.00 420
0.029520 8.00 271
0.586207 68.00 116
0.265504 137.00 516

0.217082 61.00 281
0.246377 187.00 759
0.945946 350.00 370
0.290323 45.00 155
0.103158 49.00 475

0.440741 357.00 810
0.395833 95.00 240
0.238683 116.00 486
0.129781 95.00 732
0.597484 95.00 159

0.082818 67.00 809
0.383117 59.00 154
0.812500 117.00 144
0.385714 108.00 280
0.135000 27.00 200

0.890909 392.00 440
0.142285 142.00 998
0.369718 105.00 284
0.387268 292.00 754
0.010582 2.00 189

0.269048 113.00 420
0.286432 57.00 199
0.971983 451.00 464
0.009091 1.00 110
0.266409 69.00 259

0.093567 16.00 171
0.074389 70.00 941
0.420601 98.00 233
0.852713 110.00 129
0.362832 41.00 113

0.396296 107.00 270
0.007353 4.00 544
0.097046 23.00 237
0.613793 89.00 145
0.683333 82.00 120

0.122951 15.00 122
0.108108 28.00 259
0.239521 40.00 167
0.800781 205.00 256
0.532197 281.00 528

0.016317 7.00 429
0.612006 418.00 683
0.140461 67.00 477
0.168750 27.00 160
0.862069 150.00 174

0.939024 539.00 574
0.080882 11.00 136
0.129518 43.00 332
0.331633 130.00 392
0.314815 34.00 108

0.414201 140.00 338
0.260000 26.00 100
0.580420 498.00 858
0.244800 153.00 625
0.303116 107.00 353

0.014614 14.00 958
0.348668 144.00 413
0.380952 48.00 126
0.833013 434.00 521
0.226460 190.00 839

0.205438 68.00 331
0.529801 80.00 151
0.045620 25.00 548
0.640138 185.00 289
0.377395 197.00 522

0.123077 32.00 260
0.792188 507.00 640
0.204819 34.00 166
0.273543 61.00 223
0.404255 57.00 141

0.617647 252.00 408
0.034091 15.00 440
0.238307 107.00 449
0.205634 146.00 710
0.704082 207.00 294

0.711656 116.00 163
0.378182 104.00 275
0.216578 81.00 374
0.365517 53.00 145
0.128099 31.00 242

0.266595 249.00 934
0.018182 2.00 110
0.793362 741.00 934
0.547887 389.00 710
0.172589 34.00 197

0.682836 183.00 268
0.002169 1.00 461
0.031250 15.00 480
0.500000 71.00 142
0.583333 77.00 132

0.277372 114.00 411
0.029630 4.00 135
0.366906 51.00 139
0.594444 321.00 540
0.527950 170.00 322

0.339286 57.00 168
0.329787 62.00 188
0.503704 68.00 135
0.390000 39.00 100
0.235294 52.00 221

0.129870 40.00 308
0.585366 120.00 205
0.282246 186.00 659
0.715385 465.00 650
0.082707 11.00 133

0.491525 232.00 472
0.540000 81.00 150
0.148966 108.00 725
0.417508 124.00 297
0.201439 84.00 417

0.595890 174.00 292
0.038095 4.00 105
0.300546 55.00 183
0.850993 257.00 302
0.012048 2.00 166

0.605809 146.00 241
0.164179 22.00 134
0.628922 461.00 733
0.389340 336.00 863
0.007752 1.00 129

0.633533 529.00 835
0.181818 92.00 506
0.322078 124.00 385
0.443218 281.00 634
0.218750 105.00 480

0.045113 6.00 133
0.807018 92.00 114
0.368750 59.00 160
0.364312 98.00 269
0.212500 68.00 320

0.357879 243.00 679
0.220238 74.00 336
0.301170 206.00 684
0.087087 87.00 999
0.835714 117.00 140

0.448276 247.00 551
0.231214 40.00 173
0.023952 8.00 334
0.935990 775.00 828
0.162409 89.00 548

0.164885 108.00 655
0.205825 106.00 515
0.926694 670.00 723
0.022928 13.00 567
0.482014 67.00 139

0.320388 33.00 103
0.587209 101.00 172
0.687861 238.00 346
0.198052 61.00 308
0.004386 1.00 228

0.057851 21.00 363
0.359281 60.00 167
0.872340 164.00 188
0.226519 41.00 181
0.285164 148.00 519

0.507937 448.00 882
0.288288 64.00 222
0.510000 51.00 100
0.156463 23.00 147
0.333333 35.00 105

0.846154 132.00 156
0.355072 49.00 138
0.006494 1.00 154
0.401042 154.00 384
0.187817 37.00 197

0.240678 142.00 590
0.783898 185.00 236
0.103947 79.00 760
0.257143 45.00 175
0.414474 63.00 152

0.244604 102.00 417
0.034783 4.00 115
0.143805 65.00 452
0.654267 299.00 457
0.722591 435.00 602

0.225434 39.00 173
0.941176 96.00 102
0.460396 93.00 202
0.144279 29.00 201
0.019900 16.00 804

0.529674 357.00 674
0.307190 47.00 153
0.722408 216.00 299
0.134752 19.00 141
0.105719 61.00 577

0.201780 68.00 337
0.060181 60.00 997
0.784615 204.00 260
0.078125 15.00 192
0.678227 352.00 519

0.937759 226.00 241
0.333333 41.00 123
0.355355 355.00 999
0.098408 68.00 691
0.077393 76.00 982

0.507463 68.00 134
0.061069 16.00 262
0.674279 561.00 832
0.446809 105.00 235
0.113274 64.00 565

0.752475 76.00 101
0.184524 31.00 168
0.571429 332.00 581
0.276256 242.00 876
0.017641 16.00 907

0.028902 5.00 173
0.071356 70.00 981
0.043103 5.00 116
0.677543 353.00 521
0.980231 595.00 607

0.493852 241.00 488
0.148588 100.00 673
0.262027 256.00 977
0.470852 105.00 223
0.422998 412.00 974

0.050980 13.00 255
0.465296 362.00 778
0.660819 113.00 171
0.119577 113.00 945
0.503850 458.00 909

0.724771 79.00 109
0.032258 4.00 124
0.611111 66.00 108
0.220907 112.00 507
0.203554 126.00 619

0.440397 399.00 906
0.761610 246.00 323
0.403743 151.00 374
0.105263 22.00 209
0.086614 11.00 127

0.325444 165.00 507
0.170807 55.00 322
0.030120 5.00 166
0.958861 303.00 316
0.319429 291.00 911

0.047319 15.00 317
0.504090 493.00 978
0.587013 226.00 385
0.034722 5.00 144
0.628131 326.00 519

0.221264 77.00 348
0.245902 30.00 122
0.966507 202.00 209
0.162162 18.00 111
0.205882 21.00 102

0.808000 101.00 125
0.301587 76.00 252
0.035503 6.00 169
0.020000 4.00 200
0.640693 148.00 231

0.092683 19.00 205
0.161366 137.00 849
0.243590 133.00 546
0.746951 245.00 328
0.556962 88.00 158

0.315985 85.00 269
0.433566 62.00 143
0.105769 11.00 104
0.096708 47.00 486
0.847737 206.00 243

0.084906 9.00 106
0.576271 102.00 177
0.515209 271.00 526
0.115873 73.00 630
0.511628 88.00 172

0.683333 82.00 120
0.164122 43.00 262
0.344660 71.00 206
0.114504 15.00 131
0.491667 59.00 120

0.816129 253.00 310
0.120301 16.00 133
0.244444 55.00 225
0.491228 56.00 114
0.127660 102.00 799

0.164586 145.00 881
0.390688 193.00 494
0.300578 52.00 173
0.325581 42.00 129
0.620438 255.00 411

0.794355 197.00 248
0.023932 14.00 585
0.273026 83.00 304
0.448237 394.00 879
0.262048 87.00 332

0.151111 34.00 225
0.120603 72.00 597
0.875598 183.00 209
0.168675 42.00 249
0.483436 394.00 815

0.295597 47.00 159
0.256198 93.00 363
0.387755 152.00 392
0.492537 99.00 201
0.367089 145.00 395

0.270270 70.00 259
0.086777 42.00 484
0.376440 294.00 781
0.069717 32.00 459
0.995643 457.00 459

0.114504 15.00 131
0.098720 54.00 547
0.269231 70.00 260
0.669811 71.00 106
0.646825 163.00 252

0.255269 109.00 427
0.401961 41.00 102
0.764557 302.00 395
0.275591 105.00 381
0.102804 11.00 107

0.138462 18.00 130
0.123288 90.00 730
0.221662 88.00 397
0.914508 353.00 386
0.404517 197.00 487

0.125310 101.00 806
0.195537 184.00 941
0.783069 148.00 189
0.332349 225.00 677
0.366071 41.00 112

0.514249 397.00 772
0.724265 591.00 816
0.256158 208.00 812
0.195418 145.00 742
0.110644 79.00 714

0.913556 465.00 509
0.664032 168.00 253
0.108696 20.00 184
0.082278 26.00 316
0.033613 4.00 119

0.409449 52.00 127
0.189691 92.00 485
0.142191 61.00 429
0.757862 241.00 318
0.297125 93.00 313

0.086651 37.00 427
0.194521 71.00 365
0.016393 2.00 122
0.677596 248.00 366
0.824561 94.00 114

0.582317 382.00 656
0.401053 381.00 950
0.086849 35.00 403
0.314815 68.00 216
0.416107 62.00 149

0.403670 132.00 327
0.478000 478.00 1000
0.173975 123.00 707
0.363454 181.00 498
0.378378 56.00 148

0.308725 46.00 149
0.477833 97.00 203
0.609195 106.00 174
0.254848 92.00 361
0.155440 30.00 193

0.299611 77.00 257
0.089888 32.00 356
0.447134 351.00 785
0.773134 259.00 335
0.190083 23.00 121

0.566667 68.00 120
0.087282 35.00 401
0.047337 8.00 169
0.311828 87.00 279
0.792929 157.00 198

0.112462 37.00 329
0.720207 278.00 386
0.234146 96.00 410
0.053254 9.00 169
0.677165 172.00 254

0.033784 5.00 148
0.134752 19.00 141
0.823718 514.00 624
0.053097 6.00 113
0.751825 721.00 959

0.153247 59.00 385
0.112853 36.00 319
0.478723 135.00 282
0.992958 141.00 142
0.061005 51.00 836

0.417112 78.00 187
0.203463 47.00 231
0.101266 16.00 158
0.879781 161.00 183
0.205882 28.00 136

0.673611 97.00 144
0.096591 34.00 352
0.638842 375.00 587
0.062893 20.00 318
0.328125 63.00 192

0.211382 78.00 369
0.466981 99.00 212
0.473282 124.00 262
0.612766 288.00 470
0.032759 19.00 580

0.446809 63.00 141
0.425743 43.00 101
0.179762 151.00 840
0.575419 103.00 179
0.164634 27.00 164

0.843236 667.00 791
0.359477 55.00 153
0.026455 5.00 189
0.467320 143.00 306
0.106383 25.00 235

0.201117 36.00 179
0.654545 72.00 110
0.568966 99.00 174
0.047198 16.00 339
0.333333 35.00 105

0.282511 63.00 223
0.766990 158.00 206
0.097760 96.00 982
0.420290 58.00 138
0.229333 86.00 375

0.433824 118.00 272
0.057428 46.00 801
0.660690 479.00 725
0.429719 107.00 249
0.217993 63.00 289

0.459677 285.00 620
0.358904 131.00 365
0.227053 47.00 207
0.137457 40.00 291
0.618321 162.00 262

0.256410 40.00 156
0.738170 702.00 951
0.585666 523.00 893
0.083333 13.00 156
0.137731 119.00 864

0.648148 70.00 108
0.096070 22.00 229
0.627962 265.00 422
0.035714 6.00 168
0.393140 149.00 379

0.747368 142.00 190
0.335938 43.00 128
0.014184 2.00 141
0.178771 32.00 179
0.518828 124.00 239

0.030534 4.00 131
0.039666 38.00 958
0.171263 118.00 689
0.976247 411.00 421
0.582830 482.00 827

0.216080 43.00 199
0.357895 136.00 380
0.437637 200.00 457
0.326531 48.00 147
0.463458 260.00 561

0.574519 478.00 832
0.081416 46.00 565
0.746269 150.00 201
0.077869 19.00 244
0.317181 72.00 227

0.060423 20.00 331
0.798013 482.00 604
0.291139 69.00 237
0.512270 334.00 652
0.135678 27.00 199

0.116719 37.00 317
0.395652 91.00 230
0.962105 457.00 475
0.318436 285.00 895
0.005731 2.00 349

0.790490 532.00 673
0.249712 217.00 869
0.579787 109.00 188
0.108108 12.00 111
0.077482 32.00 413

0.362500 116.00 320
0.607930 138.00 227
0.334250 243.00 727
0.136364 15.00 110
0.356436 108.00 303

0.403226 50.00 124
0.544218 80.00 147
0.045161 14.00 310
0.079295 18.00 227
0.728814 301.00 413

0.067114 10.00 149
0.192488 41.00 213
0.191111 43.00 225
0.692420 475.00 686
0.653061 96.00 147

0.758170 232.00 306
0.233577 32.00 137
0.253579 124.00 489
0.423567 133.00 314
0.125000 26.00 208

0.027719 13.00 469
0.282103 279.00 989
0.266667 56.00 210
0.906296 619.00 683
0.316354 118.00 373

0.098361 30.00 305
0.382857 67.00 175
0.017568 13.00 740
0.509259 55.00 108
0.790850 121.00 153

0.500000 106.00 212
0.173410 30.00 173
0.776163 267.00 344
0.052632 21.00 399
0.294479 48.00 163

0.241611 36.00 149
0.099441 89.00 895
0.240506 57.00 237
0.400000 110.00 275
0.819048 86.00 105

0.423358 58.00 137
0.916667 121.00 132
0.104336 77.00 738
0.236515 57.00 241
0.117886 29.00 246

0.603604 67.00 111
0.014493 5.00 345
0.397313 207.00 521
0.069182 11.00 159
0.712195 292.00 410

0.333333 53.00 159
0.071233 26.00 365
0.372807 85.00 228
0.054795 20.00 365
0.972973 360.00 370

0.345324 48.00 139
0.053892 18.00 334
0.250580 108.00 431
0.474903 123.00 259
0.673016 212.00 315

0.071823 13.00 181
0.470120 236.00 502
0.737968 276.00 374
0.274962 179.00 651
0.243902 120.00 492

0.263415 108.00 410
0.111959 44.00 393
0.783158 372.00 475
0.527115 486.00 922
0.117073 24.00 205

0.030220 11.00 364
0.479374 337.00 703
0.405797 56.00 138
0.513361 365.00 711
0.371212 98.00 264

0.090909 10.00 110
0.859238 293.00 341
0.007246 1.00 138
0.357488 74.00 207
0.492754 102.00 207

0.036765 5.00 136
0.387234 91.00 235
0.260000 39.00 150
0.874780 496.00 567
0.241935 30.00 124

0.167260 141.00 843
0.622129 298.00 479
0.237209 102.00 430
0.369159 79.00 214
0.405702 185.00 456

0.574074 62.00 108
0.188119 19.00 101
0.316832 32.00 101
0.439640 244.00 555
0.274576 81.00 295

0.626609 146.00 233
0.392857 44.00 112
0.293276 205.00 699
0.367612 311.00 846
0.121076 27.00 223

0.671111 151.00 225
0.114504 15.00 131
0.120000 15.00 125
0.120000 12.00 100
0.769874 184.00 239

0.313725 32.00 102
0.276094 82.00 297
0.026549 3.00 113
0.737589 208.00 282
0.455285 112.00 246

0.407494 174.00 427
0.248247 177.00 713
0.127004 103.00 811
0.097493 35.00 359
0.917570 423.00 461

0.188482 36.00 191
0.418848 80.00 191
0.729084 183.00 251
0.258824 44.00 170
0.209635 161.00 768

0.167315 43.00 257
0.527692 343.00 650
0.905405 134.00 148
0.051613 8.00 155
0.149020 38.00 255

0.683071 347.00 508
0.275000 55.00 200
0.446203 282.00 632
0.107143 18.00 168
0.293144 248.00 846

0.561644 123.00 219
0.378031 265.00 701
0.289916 69.00 238
0.477352 274.00 574
0.090909 45.00 495

0.062983 57.00 905
0.262948 66.00 251
0.306620 176.00 574
0.264671 221.00 835
0.902635 788.00 873

0.694215 168.00 242
0.434959 107.00 246
0.438878 219.00 499
0.220000 110.00 500
0.010471 6.00 573

0.331984 82.00 247
0.882353 390.00 442
0.010811 4.00 370
0.221154 23.00 104
0.358824 61.00 170

0.836601 256.00 306
0.726496 170.00 234
0.137725 46.00 334
0.071942 10.00 139
0.032787 4.00 122

0.235772 29.00 123
0.209402 49.00 234
0.321586 73.00 227
0.440696 405.00 919
0.594340 252.00 424

0.311579 296.00 950
0.490909 81.00 165
0.642202 70.00 109
0.296407 99.00 334
0.062500 26.00 416

0.446970 177.00 396
0.381579 58.00 152
0.506410 79.00 156
0.220408 108.00 490
0.243478 84.00 345

0.440191 184.00 418
0.100000 87.00 870
0.247664 53.00 214
0.564904 470.00 832
0.447130 148.00 331

0.176692 47.00 266
0.060127 19.00 316
0.533784 79.00 148
0.651351 241.00 370
0.381679 50.00 131

0.534483 93.00 174
0.250000 171.00 684
0.326360 156.00 478
0.369369 41.00 111
0.319515 316.00 989

0.025316 4.00 158
0.315638 220.00 697
0.591479 236.00 399
0.158940 48.00 302
0.707527 658.00 930

0.658926 454.00 689
0.587452 309.00 526
0.190840 25.00 131
0.180258 42.00 233
0.187500 33.00 176

0.235602 90.00 382
0.678873 241.00 355
0.553846 108.00 195
0.266281 184.00 691
0.066667 11.00 165

0.171053 39.00 228
0.453620 401.00 884
0.138922 116.00 835
0.519031 150.00 289
0.518142 357.00 689

0.397590 66.00 166
0.620763 293.00 472
0.090439 35.00 387
0.333333 34.00 102
0.357809 307.00 858

0.071318 46.00 645
0.640449 114.00 178
0.688150 331.00 481
0.129032 20.00 155
0.271493 120.00 442

0.094162 50.00 531
0.841121 90.00 107
0.478481 189.00 395
0.152542 36.00 236
0.233792 119.00 509

0.567686 130.00 229
0.719907 311.00 432
0.317829 41.00 129
0.017544 2.00 114
0.171053 52.00 304

0.518018 115.00 222
0.452055 66.00 146
0.015365 12.00 781
0.564732 506.00 896
0.250000 141.00 564

0.126374 23.00 182
0.628099 76.00 121
0.202381 119.00 588
0.750929 202.00 269
0.087591 12.00 137

0.985507 544.00 552
0.184211 35.00 190
0.098361 12.00 122
0.002326 1.00 430
0.529745 187.00 353

0.360274 263.00 730
0.043860 5.00 114
0.674584 284.00 421
0.444444 48.00 108
0.281481 38.00 135

0.112903 14.00 124
0.917949 358.00 390
0.028070 8.00 285
0.015873 14.00 882
0.725806 360.00 496

0.126844 43.00 339
0.126781 89.00 702
0.780952 82.00 105
0.231579 44.00 190
0.537313 180.00 335

0.480392 98.00 204
0.445015 433.00 973
0.260518 161.00 618
0.598901 109.00 182
0.011173 2.00 179

0.079339 48.00 605
0.657993 177.00 269
0.360294 49.00 136
0.223958 172.00 768
0.477387 95.00 199

0.762527 350.00 459
0.723247 196.00 271
0.092486 16.00 173
0.130435 21.00 161
0.090090 10.00 111

0.259740 60.00 231
0.469027 53.00 113
0.420048 176.00 419
0.266423 73.00 274
0.390110 142.00 364

0.141844 20.00 141
0.052083 10.00 192
0.312500 120.00 384
0.951456 196.00 206
0.343137 70.00 204

0.356659 158.00 443
0.648339 566.00 873
0.127660 18.00 141
0.345794 37.00 107
0.326948 256.00 783

0.012448 3.00 241
0.654676 91.00 139
0.027027 3.00 111
0.190476 24.00 126
0.914591 257.00 281

0.022642 12.00 530
0.891544 485.00 544
0.229782 179.00 779
0.613793 89.00 145
0.039062 20.00 512

0.361789 89.00 246
0.106109 33.00 311
0.222222 26.00 117
0.137097 17.00 124
0.966667 957.00 990

0.174033 63.00 362
0.511533 377.00 737
0.670777 544.00 811
0.129412 55.00 425
0.312500 95.00 304

0.276549 125.00 452
0.481297 193.00 401
0.287013 221.00 770
0.244635 228.00 932
0.512712 121.00 236

0.313492 237.00 756
0.488055 143.00 293
0.045455 10.00 220
0.113706 112.00 985
0.838346 223.00 266

0.215517 25.00 116
0.202532 96.00 474
0.787413 563.00 715
0.279762 47.00 168
0.309403 306.00 989

0.194991 109.00 559
0.131653 47.00 357
0.069803 46.00 659
0.768802 276.00 359
0.635328 223.00 351

0.258929 87.00 336
0.306569 42.00 137
0.364641 66.00 181
0.203008 27.00 133
0.669291 170.00 254

0.254237 30.00 118
0.017544 3.00 171
0.679663 645.00 949
0.112923 90.00 797
0.733333 99.00 135

0.147577 67.00 454
0.570968 354.00 620
0.551980 223.00 404
0.167213 51.00 305
0.361032 252.00 698

0.436464 79.00 181
0.152866 24.00 157
0.254768 187.00 734
0.943182 166.00 176
0.018750 6.00 320

0.524017 240.00 458
0.426877 324.00 759
0.126394 34.00 269
0.159722 46.00 288
0.565789 129.00 228

0.431942 238.00 551
0.366025 209.00 571
0.672727 222.00 330
0.010676 3.00 281
0.317241 138.00 435

0.188235 48.00 255
0.202899 28.00 138
0.673016 212.00 315
0.379630 41.00 108
0.356631 199.00 558

0.535714 90.00 168
0.415686 212.00 510
0.175532 33.00 188
0.580110 105.00 181
0.089595 62.00 692

0.113436 103.00 908
0.726597 489.00 673
0.064662 43.00 665
0.196850 25.00 127
0.700637 110.00 157

0.154930 121.00 781
0.311111 42.00 135
0.387978 213.00 549
0.814159 184.00 226
0.130435 45.00 345

0.248756 50.00 201
0.594937 282.00 474
0.200334 120.00 599
0.509434 54.00 106
0.241341 216.00 895

1.000000 435.00 435
0.466102 55.00 118
0.045610 40.00 877
0.066116 8.00 121
0.216216 24.00 111

0.713376 112.00 157
0.234637 168.00 716
0.102190 14.00 137
0.130790 48.00 367
0.621528 179.00 288

0.806202 104.00 129
0.227848 36.00 158
0.107296 25.00 233
0.137255 14.00 102
0.516447 314.00 608

0.053388 52.00 974
0.676596 159.00 235
0.199475 76.00 381
0.314286 33.00 105
0.553191 234.00 423

0.016760 3.00 179
0.334746 158.00 472
0.289817 111.00 383
0.978723 736.00 752
0.178423 86.00 482

0.256410 210.00 819
0.528571 74.00 140
0.500000 126.00 252
0.506977 327.00 645
0.008170 5.00 612

0.144960 128.00 883
0.062606 37.00 591
0.034884 6.00 172
0.747619 157.00 210
0.808081 160.00 198

0.647059 616.00 952
0.444685 205.00 461
0.292848 217.00 741
0.168950 37.00 219
0.248705 96.00 386

0.170096 124.00 729
0.074919 46.00 614
0.424242 350.00 825
0.731111 329.00 450
0.396396 44.00 111

0.759669 275.00 362
0.224719 80.00 356
0.191816 75.00 391
0.369369 41.00 111
0.252903 196.00 775

0.004684 2.00 427
0.145015 48.00 331
0.819672 100.00 122
0.354460 151.00 426
0.476190 210.00 441

0.101190 17.00 168
0.138122 25.00 181
0.173507 93.00 536
0.744526 102.00 137
0.643373 267.00 415

0.287009 95.00 331
0.426848 283.00 663
0.709677 132.00 186
0.051793 26.00 502
0.323864 57.00 176

0.222222 108.00 486
0.472376 342.00 724
0.640000 80.00 125
0.138889 20.00 144
0.331126 50.00 151

0.294118 30.00 102
0.398955 229.00 574
0.992481 132.00 133
0.079038 23.00 291
0.037582 23.00 612

0.635659 246.00 387
0.157980 97.00 614
0.406977 70.00 172
0.216949 192.00 885
0.380645 59.00 155

0.114754 14.00 122
0.389785 145.00 372
0.074627 10.00 134
0.994872 194.00 195
0.222078 171.00 770

0.367521 86.00 234
0.586745 301.00 513
0.292553 55.00 188
0.096689 73.00 755
0.459119 73.00 159

0.222781 133.00 597
0.320197 65.00 203
0.096552 14.00 145
0.921592 764.00 829
0.244131 104.00 426

0.419540 292.00 696
0.069555 61.00 877
0.490741 53.00 108
0.452381 57.00 126
0.368146 141.00 383

0.575972 163.00 283
0.037549 19.00 506
0.429448 70.00 163
0.752525 149.00 198
0.004914 2.00 407

0.090287 66.00 731
0.859813 184.00 214
0.165217 19.00 115
0.318182 84.00 264
0.368146 282.00 766

0.035714 7.00 196
0.049020 5.00 102
0.929134 118.00 127
0.676393 510.00 754
0.108051 102.00 944

0.531618 496.00 933
0.208247 202.00 970
0.447761 60.00 134
0.030945 19.00 614
0.581395 75.00 129

0.004348 4.00 920
0.253641 209.00 824
0.699317 614.00 878
0.595041 72.00 121
0.251372 229.00 911

0.574074 62.00 108
0.012346 2.00 162
0.718593 143.00 199
0.074919 23.00 307
0.417492 253.00 606

0.822747 557.00 677
0.103873 59.00 568
0.385164 270.00 701
0.347328 91.00 262
0.141221 37.00 262

0.523404 123.00 235
0.409449 52.00 127
0.623377 384.00 616
0.162866 50.00 307
0.080967 77.00 951

0.656042 494.00 753
0.388430 47.00 121
0.044248 5.00 113
0.137931 28.00 203
0.569721 143.00 251

0.768519 83.00 108
0.132768 47.00 354
0.219251 82.00 374
0.668605 115.00 172
0.015773 10.00 634

0.172414 30.00 174
0.151786 17.00 112
0.702128 165.00 235
0.686806 557.00 811
0.080702 23.00 285

0.331906 155.00 467
0.330357 37.00 112
0.185792 34.00 183
0.126722 46.00 363
0.820388 507.00 618

0.675000 81.00 120
0.133152 49.00 368
0.372093 352.00 946
0.029851 6.00 201
0.584000 73.00 125

0.514151 109.00 212
0.369478 92.00 249
0.033735 28.00 830
0.762963 103.00 135
0.119584 69.00 577

0.736842 98.00 133
0.075630 9.00 119
0.216648 190.00 877
0.370748 327.00 882
0.394958 47.00 119

0.187500 48.00 256
0.030457 6.00 197
0.950207 229.00 241
0.424273 423.00 997
0.210526 28.00 133

0.346154 99.00 286
0.026549 3.00 113
0.911504 103.00 113
0.470085 220.00 468
0.044693 8.00 179

0.627615 150.00 239
0.038710 24.00 620
0.824691 334.00 405
0.013841 8.00 578
0.295732 291.00 984

0.668919 99.00 148
0.078029 38.00 487
0.718062 163.00 227
0.057592 22.00 382
0.276074 45.00 163

0.593909 351.00 591
0.532544 90.00 169
0.152000 38.00 250
0.442478 100.00 226
0.081250 39.00 480

0.512605 427.00 833
0.739530 724.00 979
0.172932 46.00 266
0.133221 79.00 593
0.243243 162.00 666

0.169492 120.00 708
0.055090 46.00 835
0.555556 85.00 153
0.567164 76.00 134
0.456100 400.00 877

0.207739 102.00 491
0.191406 49.00 256
0.728070 83.00 114
0.540404 107.00 198
0.136364 21.00 154

0.163043 60.00 368
0.504762 53.00 105
0.230061 75.00 326
0.864865 96.00 111
0.037383 8.00 214

0.032520 8.00 246
0.514286 108.00 210
0.064343 24.00 373
0.726667 218.00 300
0.463519 216.00 466

0.198718 31.00 156
0.154150 78.00 506
0.736842 98.00 133
0.565217 273.00 483
0.147601 40.00 271

0.169725 37.00 218
0.256198 31.00 121
0.507128 498.00 982
0.480916 63.00 131
0.383117 177.00 462

0.173575 67.00 386
0.170213 32.00 188
0.397436 62.00 156
0.679348 125.00 184
0.382313 281.00 735

0.475806 59.00 124
0.323171 53.00 164
0.080925 42.00 519
0.540486 267.00 494
0.380282 54.00 142

0.031401 26.00 828
0.421384 67.00 159
0.858333 103.00 120
0.178218 18.00 101
0.309211 47.00 152

0.130841 56.00 428
0.708122 279.00 394
0.418803 98.00 234
0.286649 219.00 764
0.254098 93.00 366

0.160508 139.00 866
0.100000 15.00 150
0.327791 138.00 421
0.902299 157.00 174
0.310496 213.00 686

0.979215 424.00 433
0.181280 153.00 844
0.054054 8.00 148
0.342857 132.00 385
0.240625 77.00 320

0.446215 112.00 251
0.529197 290.00 548
0.129944 115.00 885
0.410546 218.00 531
0.288462 30.00 104

0.936090 249.00 266
0.107798 47.00 436
0.409567 274.00 669
0.003378 1.00 296
0.342690 293.00 855

0.264151 84.00 318
0.350365 48.00 137
0.314672 163.00 518
0.812995 513.00 631
0.052326 9.00 172

0.422018 138.00 327
0.031704 24.00 757
0.150743 71.00 471
0.705882 96.00 136
0.487840 341.00 699

0.521036 483.00 927
0.041270 13.00 315
0.098143 37.00 377
0.289308 46.00 159
0.847561 139.00 164

0.437908 67.00 153
0.333813 232.00 695
0.353439 334.00 945
0.164179 44.00 268
0.510843 212.00 415

0.698198 155.00 222
0.815303 309.00 379
0.001608 1.00 622
0.140187 15.00 107
0.139579 73.00 523

0.968599 802.00 828
0.050420 6.00 119
0.060998 33.00 541
0.329759 123.00 373
0.391705 255.00 651

0.034314 7.00 204
0.347548 163.00 469
0.323420 87.00 269
0.469697 62.00 132
0.630841 540.00 856

0.658996 315.00 478
0.146341 48.00 328
0.020144 14.00 695
0.614693 410.00 667
0.360000 108.00 300

0.212973 197.00 925
0.262136 54.00 206
0.767523 657.00 856
0.123077 16.00 130
0.435616 159.00 365

0.416107 124.00 298
0.796663 764.00 959
0.040103 31.00 773
0.103125 33.00 320
0.446667 67.00 150

0.185121 107.00 578
0.792531 764.00 964
0.584320 395.00 676
0.162162 18.00 111
0.080846 65.00 804

0.584337 97.00 166
0.127119 15.00 118
0.522059 71.00 136
0.006494 1.00 154
0.560748 360.00 642

0.224852 38.00 169
0.696452 530.00 761
0.154303 104.00 674
0.331307 218.00 658
0.392593 53.00 135

0.205534 52.00 253
0.312399 194.00 621
0.576687 282.00 489
0.540000 54.00 100
0.163889 59.00 360

0.548282 335.00 611
0.266667 200.00 750
0.276486 214.00 774
0.609890 111.00 182
0.100637 79.00 785

0.605820 229.00 378
0.133929 15.00 112
0.510791 142.00 278
0.350000 49.00 140
0.200637 63.00 314

0.436464 79.00 181
0.410915 256.00 623
0.531915 75.00 141
0.095238 48.00 504
0.327143 229.00 700

0.128788 17.00 132
0.414966 61.00 147
0.544379 92.00 169
0.068000 17.00 250
0.649880 271.00 417

0.580645 198.00 341
0.298246 34.00 114
0.049751 10.00 201
0.554455 56.00 101
0.311475 38.00 122

0.173295 122.00 704
0.427136 85.00 199
0.363636 92.00 253
0.169521 99.00 584
0.670175 191.00 285

0.485900 224.00 461
0.074713 52.00 696
0.300000 138.00 460
0.292308 57.00 195
0.644809 118.00 183

0.711968 351.00 493
0.034539 21.00 608
0.593939 98.00 165
0.275862 240.00 870
0.181818 22.00 121

0.426087 98.00 230
0.077491 21.00 271
0.834515 353.00 423
0.234114 70.00 299
0.226667 34.00 150

0.042017 5.00 119
0.660757 559.00 846
0.129518 43.00 332
0.744681 350.00 470
0.227134 149.00 656

0.364078 225.00 618
0.702970 71.00 101
0.203438 71.00 349
0.401869 43.00 107
0.132075 21.00 159

0.725888 715.00 985
0.362280 267.00 737
0.200577 139.00 693
0.318519 86.00 270
0.189394 100.00 528

0.851744 293.00 344
0.109910 61.00 555
0.506098 83.00 164
0.159664 19.00 119
0.172524 54.00 313

0.411765 175.00 425
0.483444 146.00 302
0.222222 50.00 225
0.618557 480.00 776
0.061674 14.00 227

0.353480 193.00 546
0.181360 72.00 397
0.403756 258.00 639
0.101852 33.00 324
0.760638 143.00 188

0.446089 211.00 473
0.072386 54.00 746
0.440887 179.00 406
0.728097 723.00 993
0.112583 17.00 151

0.380531 43.00 113
0.698238 634.00 908
0.053922 33.00 612
0.278926 135.00 484
0.386667 87.00 225

0.145455 16.00 110
0.515206 288.00 559
0.502146 117.00 233
0.588235 70.00 119
0.057211 48.00 839

0.055276 11.00 199
0.058824 36.00 612
0.815126 194.00 238
0.774436 103.00 133
0.094578 75.00 793

0.546185 408.00 747
0.333333 38.00 114
0.524924 516.00 983
0.042781 8.00 187
0.356738 315.00 883

0.026201 6.00 229
0.083665 21.00 251
0.875648 676.00 772
0.571429 64.00 112
0.250000 27.00 108

0.172414 20.00 116
0.370000 37.00 100
0.493151 72.00 146
0.182927 30.00 164
0.583333 539.00 924

0.446043 186.00 417
0.231263 108.00 467
0.266200 152.00 571
0.268817 50.00 186
0.593496 73.00 123

0.044280 12.00 271
0.323529 33.00 102
0.274725 225.00 819
0.743243 220.00 296
0.416465 172.00 413

0.802419 199.00 248
0.042857 6.00 140
0.285433 145.00 508
0.419929 118.00 281
0.253061 62.00 245

0.681716 302.00 443
0.169255 109.00 644
0.469907 203.00 432
0.013289 4.00 301
0.464286 286.00 616

0.905512 115.00 127
0.094340 10.00 106
0.057143 12.00 210
0.023166 12.00 518
0.721239 163.00 226

0.865169 154.00 178
0.024320 17.00 699
0.247401 119.00 481
0.068120 25.00 367
0.594937 141.00 237

0.341346 71.00 208
0.311321 33.00 106
0.316225 191.00 604
0.388060 52.00 134
0.439058 317.00 722

0.310000 31.00 100
0.208696 24.00 115
0.573737 284.00 495
0.291262 30.00 103
0.410364 293.00 714

0.787500 630.00 800
0.010667 8.00 750
0.075472 8.00 106
0.508772 87.00 171
0.417749 386.00 924

0.253333 57.00 225
0.745098 152.00 204
0.032634 14.00 429
0.542857 57.00 105
0.225191 59.00 262

0.200348 115.00 574
0.106742 95.00 890
0.774403 714.00 922
0.018797 5.00 266
0.700000 259.00 370

0.426593 154.00 361
0.239193 166.00 694
0.410628 340.00 828
0.623932 73.00 117
0.096774 30.00 310

0.078261 9.00 115
0.341463 56.00 164
0.111111 14.00 126
0.648148 140.00 216
0.618644 73.00 118

0.155556 21.00 135
0.361679 336.00 929
0.103203 87.00 843
0.909091 150.00 165
0.267176 70.00 262

0.821839 143.00 174
0.241206 96.00 398
0.127726 41.00 321
0.052925 19.00 359
0.556161 510.00 917

0.012048 2.00 166
0.398058 41.00 103
0.121739 14.00 115
0.337931 147.00 435
0.930394 401.00 431

0.113895 50.00 439
0.316138 239.00 756
0.309038 212.00 686
0.602094 230.00 382
0.455285 56.00 123

0.371824 322.00 866
0.671958 635.00 945
0.019512 8.00 410
0.728889 164.00 225
0.005495 1.00 182

0.066079 15.00 227
0.476804 185.00 388
0.582143 326.00 560
0.133333 82.00 615
0.542683 89.00 164

0.090909 13.00 143
0.380597 255.00 670
0.241509 128.00 530
0.872443 725.00 831
0.208955 28.00 134

0.451977 160.00 354
0.569106 350.00 615
0.557895 159.00 285
0.212215 205.00 966
0.011272 7.00 621

0.089109 27.00 303
0.149789 71.00 474
0.728916 363.00 498
0.490066 222.00 453
0.340541 63.00 185

0.675472 179.00 265
0.021186 10.00 472
0.014815 2.00 135
0.920635 290.00 315
0.169417 154.00 909

0.347561 57.00 164
0.202216 146.00 722
0.221805 59.00 266
0.622718 307.00 493
0.408451 58.00 142

0.088889 44.00 495
0.293617 138.00 470
0.696356 344.00 494
0.188811 54.00 286
0.531148 324.00 610

0.162996 37.00 227
0.083770 16.00 191
0.650463 281.00 432
0.883392 250.00 283
0.018207 13.00 714

0.456989 85.00 186
0.586710 362.00 617
0.457746 65.00 142
0.074534 24.00 322
0.222222 84.00 378

0.083333 12.00 144
0.224490 209.00 931
0.027778 5.00 180
0.957895 182.00 190
0.509804 78.00 153

0.735360 653.00 888
0.323980 254.00 784
0.006042 6.00 993
0.625000 255.00 408
0.109827 38.00 346

0.943662 134.00 142
0.083333 45.00 540
0.015038 2.00 133
0.221843 130.00 586
0.534527 209.00 391

0.441176 105.00 238
0.225352 32.00 142
0.505515 275.00 544
0.298246 34.00 114
0.333333 41.00 123

0.171171 19.00 111
0.537367 302.00 562
0.053140 11.00 207
0.693642 120.00 173
0.341270 86.00 252

0.334601 176.00 526
0.047619 6.00 126
0.267442 46.00 172
0.416216 154.00 370
0.733333 99.00 135

0.728643 145.00 199
0.111940 60.00 536
0.732804 554.00 756
0.061111 55.00 900
0.166667 23.00 138

0.544521 159.00 292
0.383929 43.00 112
0.194915 23.00 118
0.053691 8.00 149
0.623711 121.00 194

0.576923 75.00 130
0.170886 27.00 158
0.467681 246.00 526
0.141509 15.00 106
0.441109 382.00 866

0.712871 216.00 303
0.361277 181.00 501
0.039526 10.00 253
0.533333 56.00 105
0.154286 81.00 525

0.112792 82.00 727
0.180000 45.00 250
0.923747 848.00 918
0.310680 32.00 103
0.277228 28.00 101

0.180392 46.00 255
0.367925 39.00 106
0.811448 723.00 891
0.373926 261.00 698
0.070388 29.00 412

0.955823 238.00 249
0.285366 117.00 410
0.106534 75.00 704
0.178886 61.00 341
0.277778 30.00 108

0.466258 76.00 163
0.604348 139.00 230
0.167266 93.00 556
0.266667 60.00 225
0.293750 47.00 160

0.325030 274.00 843
0.635514 68.00 107
0.260417 100.00 384
0.318702 167.00 524
0.265455 73.00 275

0.600601 200.00 333
0.085651 77.00 899
0.767352 597.00 778
0.186813 34.00 182
0.157534 23.00 146

0.004016 1.00 249
0.179592 88.00 490
0.656315 317.00 483
0.093960 14.00 149
0.863636 95.00 110

0.037267 12.00 322
0.013216 3.00 227
0.686654 355.00 517
0.153191 36.00 235
0.907524 579.00 638

0.117895 56.00 475
0.291262 60.00 206
0.581395 200.00 344
0.018182 14.00 770
0.791774 308.00 389

0.201521 53.00 263
0.363128 195.00 537
0.250000 168.00 672
0.224852 38.00 169
0.756098 124.00 164

0.076667 23.00 300
0.094828 33.00 348
0.743363 84.00 113
0.796296 215.00 270
0.086142 46.00 534

0.094650 23.00 243
0.200000 24.00 120
0.354639 172.00 485
0.521739 72.00 138
0.631068 65.00 103

0.185000 37.00 200
0.482916 212.00 439
0.232082 136.00 586
0.879167 211.00 240
0.019868 6.00 302

0.136243 103.00 756
0.188406 26.00 138
0.979695 193.00 197
0.434426 53.00 122
0.064830 40.00 617

0.291339 37.00 127
0.274905 218.00 793
0.859296 171.00 199
0.105328 85.00 807
0.263245 159.00 604

0.223577 220.00 984
0.642857 225.00 350
0.294643 33.00 112
0.449301 257.00 572
0.186418 140.00 751

0.354717 94.00 265
0.315068 299.00 949
0.343434 136.00 396
0.617357 313.00 507
0.170143 155.00 911

0.571429 156.00 273
0.583700 265.00 454
0.090442 88.00 973
0.266958 122.00 457
0.288288 32.00 111

0.194915 46.00 236
0.131868 36.00 273
0.815457 517.00 634
0.389381 176.00 452
0.266150 103.00 387

0.194595 72.00 370
0.302857 53.00 175
0.938636 413.00 440
0.097561 12.00 123
0.268293 33.00 123

0.190769 62.00 325
0.780822 399.00 511
0.025773 5.00 194
0.443769 146.00 329
0.356108 172.00 483

0.634021 123.00 194
0.054492 37.00 679
0.043860 5.00 114
0.614880 281.00 457
0.455446 138.00 303

0.177273 78.00 440
0.740876 406.00 548
0.604308 533.00 882
0.025707 10.00 389
0.252551 99.00 392

0.507042 180.00 355
0.096629 43.00 445
0.176316 67.00 380
0.079306 64.00 807
0.942012 796.00 845

0.199566 184.00 922
0.003788 1.00 264
0.177778 48.00 270
0.848101 201.00 237
0.569157 358.00 629

0.233333 161.00 690
0.364303 149.00 409
0.150000 69.00 460
0.242553 57.00 235
0.810502 355.00 438

0.666667 290.00 435
0.724390 297.00 410
0.032051 5.00 156
0.205036 57.00 278
0.171362 73.00 426

0.227941 31.00 136
0.618750 198.00 320
0.240000 54.00 225
0.370558 73.00 197
0.336283 114.00 339

0.312317 213.00 682
0.242678 58.00 239
0.738806 99.00 134
0.494792 95.00 192
0.009174 1.00 109

0.064789 23.00 355
0.021898 6.00 274
0.587189 330.00 562
0.784730 740.00 943
0.338983 60.00 177

0.250000 51.00 204
0.405738 99.00 244
0.331361 56.00 169
0.109220 77.00 705
0.700207 675.00 964

0.470779 145.00 308
0.338384 134.00 396
0.568067 338.00 595
0.236025 38.00 161
0.183871 57.00 310

0.666191 467.00 701
0.022222 4.00 180
0.519608 53.00 102
0.166667 31.00 186
0.420765 231.00 549

0.547859 435.00 794
0.327027 121.00 370
0.069971 48.00 686
0.058537 12.00 205
0.795531 712.00 895

0.257373 96.00 373
0.705357 237.00 336
0.469265 313.00 667
0.230400 144.00 625
0.138554 23.00 166

0.439299 351.00 799
0.029412 7.00 238
0.251389 181.00 720
0.322464 89.00 276
0.755365 176.00 233

0.137805 113.00 820
0.327731 117.00 357
0.668639 113.00 169
0.073034 39.00 534
0.591187 483.00 817

0.050104 24.00 479
0.676471 69.00 102
0.271062 74.00 273
0.533333 64.00 120
0.276923 90.00 325

0.278351 135.00 485
0.216279 93.00 430
0.209302 63.00 301
0.907285 274.00 302
0.187500 21.00 112

0.313725 32.00 102
0.102564 12.00 117
0.324324 48.00 148
0.933168 377.00 404
0.125127 123.00 983

0.014925 4.00 268
0.753757 652.00 865
0.061069 8.00 131
0.652713 421.00 645
0.323810 34.00 105

0.331915 78.00 235
0.024845 4.00 161
0.291793 192.00 658
0.400000 42.00 105
0.753927 144.00 191

0.252918 65.00 257
0.258621 75.00 290
0.522857 183.00 350
0.565217 403.00 713
0.200441 91.00 454

0.416810 243.00 583
0.828326 193.00 233
0.003115 2.00 642
0.229268 47.00 205
0.324706 138.00 425

0.028217 25.00 886
0.062762 30.00 478
0.672355 394.00 586
0.539024 221.00 410
0.497336 280.00 563

0.220408 54.00 245
0.962099 330.00 343
0.062130 21.00 338
0.207547 44.00 212
0.350427 41.00 117

0.063768 22.00 345
0.160051 125.00 781
0.184549 43.00 233
0.818054 580.00 709
0.569343 78.00 137

0.087719 10.00 114
0.265487 60.00 226
0.710000 142.00 200
0.412338 127.00 308
0.321739 37.00 115

0.131783 17.00 129
0.012295 3.00 244
0.583333 161.00 276
0.273123 251.00 919
0.796020 160.00 201

0.491965 398.00 809
0.573737 284.00 495
0.326733 99.00 303
0.085714 15.00 175
0.327586 57.00 174

0.044444 6.00 135
0.208791 57.00 273
0.673851 469.00 696
0.829596 185.00 223
0.041284 18.00 436

0.272727 39.00 143
0.041742 23.00 551
0.896440 277.00 309
0.310992 116.00 373
0.279720 40.00 143

0.594059 60.00 101
0.046117 19.00 412
0.476510 71.00 149
0.618421 376.00 608
0.060403 9.00 149

0.242424 32.00 132
0.885806 830.00 937
0.429688 110.00 256
0.040486 10.00 247
0.200704 57.00 284

0.201474 82.00 407
0.349716 185.00 529
0.365639 166.00 454
0.123077 24.00 195
0.763251 216.00 283

0.505988 169.00 334
0.915361 292.00 319
0.055156 23.00 417
0.198068 123.00 621
0.121693 23.00 189

0.582090 78.00 134
0.877193 200.00 228
0.136364 21.00 154
0.107843 33.00 306
0.094675 16.00 169

0.101190 17.00 168
0.571685 319.00 558
0.458015 60.00 131
0.622807 284.00 456
0.046784 8.00 171

0.221311 27.00 122
0.022173 10.00 451
0.267857 60.00 224
0.515060 171.00 332
0.781250 150.00 192

0.014957 14.00 936
0.447977 155.00 346
0.209913 72.00 343
0.872263 478.00 548
0.252874 44.00 174

0.225728 186.00 824
0.736000 552.00 750
0.274834 83.00 302
0.238994 38.00 159
0.324742 63.00 194

0.089041 26.00 292
0.592126 376.00 635
0.468750 120.00 256
0.496124 64.00 129
0.150583 142.00 943

0.015924 10.00 628
0.924298 757.00 819
0.357798 39.00 109
0.010309 5.00 485
0.489945 268.00 547

0.193112 157.00 813
0.134752 38.00 282
0.005291 1.00 189
0.561753 141.00 251
0.909320 361.00 397

0.511111 161.00 315
0.728395 118.00 162
0.144882 92.00 635
0.394737 90.00 228
0.017391 2.00 115

0.316649 291.00 919
0.792079 80.00 101
0.267717 34.00 127
0.337580 106.00 314
0.084034 10.00 119

0.438830 165.00 376
0.337838 50.00 148
0.023622 3.00 127
0.479592 94.00 196
0.517705 424.00 819

0.100176 57.00 569
0.260674 116.00 445
0.490196 75.00 153
0.134737 64.00 475
0.809917 98.00 121

0.323741 45.00 139
0.063636 7.00 110
0.796791 596.00 748
0.468144 338.00 722
0.137615 15.00 109

0.165877 105.00 633
0.140476 59.00 420
0.301408 107.00 355
0.524752 53.00 101
0.668966 97.00 145

0.131841 53.00 402
0.793750 127.00 160
0.465201 127.00 273
0.084388 40.00 474
0.323529 242.00 748

0.141079 34.00 241
0.452675 110.00 243
0.009346 2.00 214
0.512782 341.00 665
0.686441 243.00 354

0.348730 151.00 433
0.030023 13.00 433
0.503145 80.00 159
0.040678 12.00 295
0.879310 408.00 464

0.255083 138.00 541
0.049143 43.00 875
0.349760 291.00 832
0.572165 111.00 194
0.574442 463.00 806

0.078853 44.00 558
0.592593 96.00 162
0.645202 511.00 792
0.467742 87.00 186
0.014815 4.00 270

0.344512 113.00 328
0.828358 111.00 134
0.275862 80.00 290
0.100000 19.00 190
0.251678 150.00 596

0.640000 528.00 825
0.114130 21.00 184
0.211009 23.00 109
0.659229 650.00 986
0.171893 148.00 861

0.136925 122.00 891
0.694567 473.00 681
0.260343 258.00 991
0.590000 354.00 600
0.118812 12.00 101

0.179191 31.00 173
0.119099 111.00 932
0.350000 196.00 560
0.479042 80.00 167
0.674107 151.00 224

0.282908 144.00 509
0.260000 26.00 100
0.155844 24.00 154
0.682540 129.00 189
0.417910 56.00 134

0.432749 148.00 342
0.408115 171.00 419
0.183206 24.00 131
0.469880 117.00 249
0.300813 37.00 123

0.959839 478.00 498
0.440000 66.00 150
0.142857 25.00 175
0.016949 3.00 177
0.243169 89.00 366

0.450000 207.00 460
0.270012 226.00 837
0.300000 159.00 530
0.741194 484.00 653
0.038062 11.00 289

0.270202 107.00 396
0.549875 441.00 802
0.373016 47.00 126
0.400000 80.00 200
0.208000 104.00 500

0.547945 120.00 219
0.766102 452.00 590
0.181300 159.00 877
0.225275 41.00 182
0.077356 55.00 711

0.362812 320.00 882
0.323995 266.00 821
0.363636 176.00 484
0.238896 199.00 833
0.506944 73.00 144

0.061224 24.00 392
0.366525 173.00 472
0.515826 440.00 853
0.824859 146.00 177
0.031579 15.00 475

0.596659 250.00 419
0.328947 50.00 152
0.664557 105.00 158
0.191489 54.00 282
0.021186 10.00 472

0.604540 506.00 837
0.222222 100.00 450
0.796296 86.00 108
0.019608 2.00 102
0.153543 39.00 254

0.123418 39.00 316
0.454545 105.00 231
0.526582 416.00 790
0.090580 25.00 276
0.604061 119.00 197

0.666667 70.00 105
0.027923 16.00 573
0.780612 306.00 392
0.090090 10.00 111
0.241018 161.00 668

0.193548 150.00 775
0.640884 232.00 362
0.598344 289.00 483
0.059406 6.00 101
0.306818 54.00 176

0.364796 143.00 392
0.467213 57.00 122
0.762931 177.00 232
0.180952 19.00 105
0.026549 15.00 565

0.097744 13.00 133
0.822742 246.00 299
0.165123 107.00 648
0.592920 67.00 113
0.117761 61.00 518

0.266667 132.00 495
0.555901 179.00 322
0.693333 104.00 150
0.278409 49.00 176
0.008130 1.00 123

0.748578 658.00 879
0.280702 32.00 114
0.239024 49.00 205
0.270777 101.00 373
0.263804 172.00 652

0.299658 175.00 584
0.458256 247.00 539
0.552916 512.00 926
0.264706 54.00 204
0.224000 28.00 125

0.340153 133.00 391
0.695000 139.00 200
0.192661 42.00 218
0.039548 7.00 177
0.530435 61.00 115

0.238579 47.00 197
0.847458 250.00 295
0.218750 35.00 160
0.414035 118.00 285
0.080000 10.00 125

0.352431 203.00 576
0.385567 187.00 485
0.062670 23.00 367
0.406780 72.00 177
0.589041 172.00 292

0.838998 469.00 559
0.093886 43.00 458
0.293578 32.00 109
0.525180 73.00 139
0.046336 43.00 928

0.207983 99.00 476
0.161765 121.00 748
0.039801 24.00 603
0.780591 185.00 237
0.609854 458.00 751

0.575000 69.00 120
0.170904 121.00 708
0.763194 564.00 739
0.027295 11.00 403
0.259953 111.00 427

0.072243 19.00 263
0.240580 83.00 345
0.772575 231.00 299
0.217391 75.00 345
0.500000 461.00 922

0.482877 141.00 292
0.393192 335.00 852
0.463343 158.00 341
0.368831 142.00 385
0.091388 52.00 569

0.072626 52.00 716
0.070922 10.00 141
0.343373 228.00 664
0.565217 286.00 506
0.751323 142.00 189

0.521940 226.00 433
0.590000 59.00 100
0.072222 13.00 180
0.574803 73.00 127
0.046632 9.00 193

0.484188 444.00 917
0.011050 2.00 181
0.744275 195.00 262
0.541284 59.00 109
0.021212 7.00 330

0.044643 5.00 112
0.331081 49.00 148
0.280864 91.00 324
0.646119 283.00 438
0.490385 51.00 104

0.104585 73.00 698
0.232816 105.00 451
0.249196 155.00 622
0.352941 72.00 204
0.858947 408.00 475

0.238168 156.00 655
0.773256 133.00 172
0.047619 6.00 126
0.534923 314.00 587
0.207207 23.00 111

0.838828 229.00 273
0.220541 204.00 925
0.434783 70.00 161
0.268657 72.00 268
0.028986 4.00 138

0.064439 27.00 419
0.254980 64.00 251
0.673469 165.00 245
0.793970 158.00 199
0.009615 1.00 104

0.460784 141.00 306
0.172414 20.00 116
0.174731 65.00 372
0.204013 183.00 897
0.786408 81.00 103

0.764045 340.00 445
0.097872 23.00 235
0.071786 43.00 599
0.159705 65.00 407
0.711144 485.00 682

0.141429 99.00 700
0.188192 153.00 813
0.576389 415.00 720
0.749361 586.00 782
0.144578 36.00 249

0.594406 340.00 572
0.197080 27.00 137
0.124260 21.00 169
0.656977 113.00 172
0.224719 40.00 178

0.125984 16.00 127
0.748624 408.00 545
0.003802 2.00 526
0.759259 82.00 108
0.163636 36.00 220

0.609929 86.00 141
0.096296 13.00 135
0.151679 140.00 923
0.486618 200.00 411
0.455408 240.00 527

0.139752 45.00 322
0.388412 181.00 466
0.899194 223.00 248
0.354430 84.00 237
0.016807 4.00 238

0.575342 126.00 219
0.162943 124.00 761
0.357616 54.00 151
0.564655 131.00 232
0.134752 19.00 141

0.162500 26.00 160
0.390625 75.00 192
0.094268 74.00 785
0.918410 878.00 956
0.236111 68.00 288

0.509804 52.00 102
0.206704 37.00 179
0.784431 393.00 501
0.128350 91.00 709
0.166134 104.00 626

0.737705 90.00 122
0.736577 439.00 596
0.042017 5.00 119
0.150235 32.00 213
0.135747 30.00 221

0.592760 262.00 442
0.360385 262.00 727
0.078512 38.00 484
0.448052 69.00 154
0.317757 68.00 214

0.314545 173.00 550
0.543834 366.00 673
0.105088 95.00 904
0.523622 133.00 254
0.311532 181.00 581

0.038095 8.00 210
0.214286 51.00 238
0.670732 550.00 820
0.745562 126.00 169
0.131498 86.00 654

0.210094 179.00 852
0.248227 35.00 141
0.227723 46.00 202
0.963415 237.00 246
0.148837 64.00 430

0.874494 216.00 247
0.102906 85.00 826
0.011268 8.00 710
0.456140 52.00 114
0.355670 69.00 194

0.255700 157.00 614
0.547904 183.00 334
0.478964 148.00 309
0.368932 38.00 103
0.149497 119.00 796

0.641350 152.00 237
0.140187 60.00 428
0.031250 9.00 288
0.741379 387.00 522
0.248945 59.00 237

0.351275 124.00 353
0.279070 36.00 129
0.411111 74.00 180
0.594444 214.00 360
0.165914 147.00 886

0.216524 76.00 351
0.377483 114.00 302
0.190691 127.00 666
0.553333 83.00 150
0.459380 311.00 677

0.116232 58.00 499
0.490741 318.00 648
0.197026 53.00 269
0.993243 588.00 592
0.004115 3.00 729

0.178756 69.00 386
0.125000 22.00 176
0.753695 153.00 203
0.202335 52.00 257
0.542500 217.00 400

0.316327 62.00 196
0.595833 143.00 240
0.676991 153.00 226
0.026699 11.00 412
0.184713 29.00 157

0.175617 121.00 689
0.885174 609.00 688
0.048193 24.00 498
0.635950 559.00 879
0.054845 30.00 547

0.678832 93.00 137
0.239604 121.00 505
0.637444 429.00 673
0.107345 38.00 354
0.137500 55.00 400

0.802691 716.00 892
0.237624 24.00 101
0.059748 57.00 954
0.275862 48.00 174
0.421669 288.00 683

0.416149 134.00 322
0.074324 22.00 296
0.101677 97.00 954
0.395939 78.00 197
0.813411 279.00 343

0.779661 230.00 295
0.075000 21.00 280
0.058943 58.00 984
0.105348 65.00 617
0.779817 85.00 109

0.926641 240.00 259
0.286667 43.00 150
0.146865 89.00 606
0.151351 84.00 555
0.282609 39.00 138

0.300971 31.00 103
0.329966 98.00 297
0.178019 115.00 646
0.146667 22.00 150
0.848118 631.00 744

0.766932 385.00 502
0.050599 38.00 751
0.704000 352.00 500
0.007901 7.00 886
0.273504 32.00 117

0.477632 363.00 760
0.018519 2.00 108
0.755639 402.00 532
0.198930 186.00 935
0.356589 46.00 129

0.210145 29.00 138
0.101449 14.00 138
0.455285 56.00 123
0.434783 50.00 115
0.604027 180.00 298

0.369892 172.00 465
0.024184 20.00 827
0.048110 14.00 291
0.523641 443.00 846
0.830769 108.00 130

0.421875 81.00 192
0.434783 360.00 828
0.495413 54.00 109
0.395062 128.00 324
0.053846 7.00 130

0.319209 113.00 354
0.339690 285.00 839
0.309942 53.00 171
0.765281 626.00 818
0.063126 63.00 998

0.217518 149.00 685
0.766010 311.00 406
0.263556 209.00 793
0.483333 58.00 120
0.070248 17.00 242

0.099274 82.00 826
0.181034 21.00 116
0.500000 71.00 142
0.096774 12.00 124
0.924242 122.00 132

0.378299 129.00 341
0.675676 75.00 111
0.467290 50.00 107
0.277778 195.00 702
0.003106 1.00 322

0.368421 84.00 228
0.448043 332.00 741
0.746589 383.00 513
0.068493 25.00 365
0.171946 38.00 221

0.111111 32.00 288
0.092511 21.00 227
0.228188 68.00 298
0.492857 69.00 140
0.867925 92.00 106

0.522911 194.00 371
0.096154 25.00 260
0.050909 28.00 550
0.600000 69.00 115
0.527083 506.00 960

0.019355 6.00 310
0.424561 363.00 855
0.785714 99.00 126
0.550152 181.00 329
0.025000 11.00 440

0.192488 41.00 213
0.370091 245.00 662
0.096774 12.00 124
0.323894 183.00 565
0.817460 206.00 252

0.005666 2.00 353
0.108401 80.00 738
0.574526 212.00 369
0.965894 708.00 733
0.150376 20.00 133

0.255422 212.00 830
0.811434 809.00 997
0.211268 60.00 284
0.361399 279.00 772
0.155844 24.00 154

0.320526 317.00 989
0.798339 673.00 843
0.201724 117.00 580
0.188776 37.00 196
0.290909 96.00 330

0.001143 1.00 875
0.271709 97.00 357
0.557062 493.00 885
0.202322 122.00 603
0.767507 274.00 357

0.634855 153.00 241
0.293103 204.00 696
0.266055 29.00 109
0.248188 137.00 552
0.352941 36.00 102

0.071038 13.00 183
0.952381 160.00 168
0.304094 52.00 171
0.133598 101.00 756
0.338164 70.00 207

0.452077 283.00 626
0.255556 69.00 270
0.203704 22.00 108
0.045752 14.00 306
0.839721 241.00 287

0.294118 45.00 153
0.360481 270.00 749
0.283019 75.00 265
0.274809 216.00 786
0.583333 399.00 684

0.079877 52.00 651
0.815308 490.00 601
0.385167 161.00 418
0.447761 60.00 134
0.078212 14.00 179

0.047619 6.00 126
0.846416 248.00 293
0.180180 20.00 111
0.283186 32.00 113
0.437500 224.00 512

0.669782 215.00 321
0.003604 2.00 555
0.896296 726.00 810
0.175281 78.00 445
0.055024 46.00 836

0.023121 8.00 346
0.549020 280.00 510
0.973196 472.00 485
0.082654 71.00 859
0.171429 18.00 105

0.658683 330.00 501
0.231707 38.00 164
0.434263 109.00 251
0.063380 9.00 142
0.415879 220.00 529

0.740331 134.00 181
0.127517 38.00 298
0.036232 5.00 138
0.309140 230.00 744
0.583333 182.00 312

0.700922 532.00 759
0.175853 134.00 762
0.197059 67.00 340
0.029126 9.00 309
0.695469 660.00 949

0.429630 58.00 135
0.449064 216.00 481
0.441815 224.00 507
0.466102 55.00 118
0.007962 5.00 628

0.829982 454.00 547
0.260204 51.00 196
0.242574 49.00 202
0.157823 116.00 735
0.307393 79.00 257

0.167568 31.00 185
0.428571 51.00 119
0.025834 24.00 929
0.517460 163.00 315
0.663462 69.00 104

0.128205 40.00 312
0.155914 29.00 186
0.755864 709.00 938
0.136778 45.00 329
0.619904 517.00 834

0.467742 145.00 310
0.159322 47.00 295
0.613687 278.00 453
0.088729 37.00 417
0.469799 210.00 447

0.097276 25.00 257
0.280423 212.00 756
0.883562 387.00 438
0.448354 395.00 881
0.091445 62.00 678

0.061497 46.00 748
0.558333 67.00 120
0.226190 114.00 504
0.421525 376.00 892
0.536697 117.00 218

0.390476 123.00 315
0.742441 663.00 893
0.411765 112.00 272
0.124638 43.00 345
0.130996 71.00 542

0.900763 236.00 262
0.010000 1.00 100
0.004049 1.00 247
0.760218 279.00 367
0.125581 27.00 215

0.295302 44.00 149
0.317073 39.00 123
0.196429 22.00 112
0.333333 71.00 213
0.656863 134.00 204

0.406250 312.00 768
0.284810 45.00 158
0.136054 20.00 147
0.616949 182.00 295
0.355487 230.00 647

0.524390 129.00 246
0.035623 14.00 393
0.243878 239.00 980
0.012422 2.00 161
0.983660 301.00 306

0.456140 78.00 171
0.552398 311.00 563
0.644578 107.00 166
0.006250 2.00 320
0.142857 52.00 364

0.184932 81.00 438
0.006024 3.00 498
0.590686 241.00 408
0.172285 46.00 267
0.846074 819.00 968

0.556604 59.00 106
0.246914 60.00 243
0.511364 90.00 176
0.114247 85.00 744
0.371849 177.00 476

0.769231 210.00 273
0.090090 20.00 222
0.266160 70.00 263
0.086538 9.00 104
0.585443 185.00 316

0.250000 49.00 196
0.686957 79.00 115
0.422633 183.00 433
0.306878 58.00 189
0.132388 56.00 423

0.884956 100.00 113
0.154545 17.00 110
0.179739 110.00 612
0.360140 103.00 286
0.225000 90.00 400

0.813853 752.00 924
0.246696 112.00 454
0.430962 103.00 239
0.158031 61.00 386
0.150780 87.00 577

0.319703 86.00 269
0.213904 80.00 374
0.177196 115.00 649
0.516949 366.00 708
0.571429 372.00 651

0.320652 59.00 184
0.049587 12.00 242
0.586777 71.00 121
0.735887 365.00 496
0.106464 28.00 263

0.224018 97.00 433
0.159509 78.00 489
0.271368 254.00 936
0.834559 227.00 272
0.312349 129.00 413

0.077037 52.00 675
0.444444 132.00 297
0.051095 7.00 137
0.472727 156.00 330
0.756250 121.00 160

0.021538 7.00 325
0.244186 42.00 172
0.672297 597.00 888
0.583333 294.00 504
0.284404 31.00 109

0.136364 24.00 176
0.362881 131.00 361
0.675305 443.00 656
0.554054 82.00 148
0.076336 10.00 131

0.852691 602.00 706
0.433962 69.00 159
0.117647 24.00 204
0.120000 18.00 150
0.278539 61.00 219

0.150754 30.00 199
0.043796 6.00 137
0.281250 36.00 128
0.722892 120.00 166
0.599078 130.00 217

0.722749 305.00 422
0.133588 35.00 262
0.508389 303.00 596
0.224138 169.00 754
0.212121 70.00 330

0.523132 294.00 562
0.177665 35.00 197
0.344371 52.00 151
0.339130 39.00 115
0.421233 123.00 292

0.094697 25.00 264
0.330909 91.00 275
0.372990 116.00 311
0.505263 144.00 285
0.498778 204.00 409

0.706767 94.00 133
0.090426 17.00 188
0.302682 79.00 261
0.162313 87.00 536
0.541538 176.00 325

0.151079 42.00 278
0.952167 637.00 669
0.189979 91.00 479
0.076923 11.00 143
0.429907 46.00 107

0.577000 577.00 1000
0.092784 18.00 194
0.144068 17.00 118
0.113208 24.00 212
0.869565 160.00 184

0.300423 213.00 709
0.039604 24.00 606
0.336927 125.00 371
0.428947 163.00 380
0.693059 639.00 922

0.211340 41.00 194
0.509434 162.00 318
0.176724 41.00 232
0.057644 23.00 399
0.842893 338.00 401

0.261468 57.00 218
0.125000 20.00 160
0.741279 255.00 344
0.295170 165.00 559
0.373077 97.00 260

0.821586 746.00 908
0.053537 28.00 523
0.559322 99.00 177
0.133758 21.00 157
0.234957 82.00 349

0.236559 44.00 186
0.282638 210.00 743
0.905501 642.00 709
0.005435 1.00 184
0.368932 38.00 103

0.080285 79.00 984
0.074380 9.00 121
0.238426 206.00 864
0.891975 289.00 324
0.521327 110.00 211

0.037736 4.00 106
0.212792 173.00 813
0.694836 148.00 213
0.147601 40.00 271
0.707165 227.00 321

0.280597 94.00 335
0.710843 531.00 747
0.118110 90.00 762
0.430233 185.00 430
0.258427 138.00 534

0.258495 213.00 824
0.264493 219.00 828
0.284672 39.00 137
0.002577 1.00 388
0.993258 442.00 445

0.831368 705.00 848
0.090000 36.00 400
0.413953 89.00 215
0.149606 19.00 127
0.312020 244.00 782

0.031746 4.00 126
0.380952 112.00 294
0.613793 89.00 145
0.115000 23.00 200
0.659933 392.00 594

0.344262 294.00 854
0.544693 390.00 716
0.070000 49.00 700
0.257143 27.00 105
0.589189 218.00 370

0.021407 7.00 327
0.067873 30.00 442
0.137255 28.00 204
0.873065 282.00 323
0.699115 158.00 226

0.320399 289.00 902
0.442577 158.00 357
0.142857 15.00 105
0.116071 13.00 112
0.773714 677.00 875

0.381910 76.00 199
0.303468 105.00 346
0.624490 153.00 245
0.292929 58.00 198
0.199017 81.00 407

0.246032 155.00 630
0.495327 371.00 749
0.816733 615.00 753
0.222930 35.00 157
0.019663 7.00 356

0.651226 239.00 367
0.492857 345.00 700
0.300211 142.00 473
0.232026 71.00 306
0.120370 13.00 108

0.200000 30.00 150
0.718447 74.00 103
0.140449 25.00 178
0.171271 31.00 181
0.572289 95.00 166

0.124138 18.00 145
0.806084 212.00 263
0.014085 2.00 142
0.391083 307.00 785
0.469251 351.00 748

0.459091 202.00 440
0.207634 136.00 655
0.562092 86.00 153
0.541935 84.00 155
0.028058 25.00 891

0.592593 80.00 135
0.097113 37.00 381
0.094966 83.00 874
0.158082 89.00 563
0.858462 279.00 325

0.289474 33.00 114
0.796992 106.00 133
0.027668 7.00 253
0.614108 148.00 241
0.071429 11.00 154

0.139037 26.00 187
0.276371 131.00 474
0.137255 14.00 102
0.545455 72.00 132
0.704453 174.00 247

0.525292 135.00 257
0.977982 533.00 545
0.055777 14.00 251
0.056128 49.00 873
0.184896 71.00 384

0.477099 125.00 262
0.601329 181.00 301
0.188889 102.00 540
0.090909 31.00 341
0.443286 340.00 767

0.489796 96.00 196
0.142857 27.00 189
0.457831 228.00 498
0.162722 55.00 338
0.548673 124.00 226

0.017094 2.00 117
0.111244 93.00 836
0.720165 175.00 243
0.747197 733.00 981
0.206140 94.00 456

0.332916 266.00 799
0.810811 270.00 333
0.060870 7.00 115
0.511628 352.00 688
0.083955 45.00 536

0.316532 157.00 496
0.371069 177.00 477
0.510000 102.00 200
0.363229 243.00 669
0.241071 27.00 112

0.273003 270.00 989
0.525692 133.00 253
0.633333 133.00 210
0.016588 7.00 422
0.352246 149.00 423

0.570000 57.00 100
0.053719 52.00 968
0.164087 53.00 323
0.716418 288.00 402
0.292683 48.00 164

0.107256 34.00 317
0.849741 164.00 193
0.232394 132.00 568
0.361446 60.00 166
0.251852 34.00 135

0.030508 18.00 590
0.599388 196.00 327
0.265060 154.00 581
0.330769 129.00 390
0.575949 91.00 158

0.223301 46.00 206
0.995633 456.00 458
0.104972 19.00 181
0.453782 54.00 119
0.029412 4.00 136

0.303448 44.00 145
0.298013 45.00 151
0.059625 35.00 587
0.884527 383.00 433
0.253488 109.00 430

0.151675 86.00 567
0.093023 12.00 129
0.029197 8.00 274
0.847866 457.00 539
0.678571 190.00 280

0.053640 14.00 261
0.933333 98.00 105
0.254098 124.00 488
0.258621 45.00 174
0.297561 61.00 205

0.283174 207.00 731
0.299087 131.00 438
0.503650 69.00 137
0.361809 72.00 199
0.351485 71.00 202

0.246809 58.00 235
0.357724 44.00 123
0.203911 73.00 358
0.535135 99.00 185
0.458824 78.00 170

0.011299 2.00 177
0.238938 54.00 226
0.863354 139.00 161
0.227778 41.00 180
0.455285 112.00 246

0.427711 71.00 166
0.652614 387.00 593
0.239930 137.00 571
0.334669 167.00 499
0.144778 140.00 967

0.554896 187.00 337
0.663043 366.00 552
0.392817 350.00 891
0.099099 11.00 111
0.089958 43.00 478

0.518095 272.00 525
0.886555 211.00 238
0.189076 45.00 238
0.121212 28.00 231
0.084270 30.00 356

0.080357 9.00 112
0.688119 139.00 202
0.237154 60.00 253
0.110236 14.00 127
0.681416 77.00 113

0.380550 180.00 473
0.458961 274.00 597
0.464567 59.00 127
0.358491 152.00 424
0.135484 21.00 155

0.279503 90.00 322
0.773756 171.00 221
0.008097 2.00 247
0.292208 45.00 154
0.445498 94.00 211

0.326087 75.00 230
0.553897 334.00 603
0.109677 17.00 155
0.199620 105.00 526
0.611702 115.00 188

0.378947 216.00 570
0.049774 22.00 442
0.598237 475.00 794
0.289062 37.00 128
0.485950 294.00 605

0.184932 81.00 438
0.851163 183.00 215
0.362602 223.00 615
0.193548 72.00 372
0.204403 65.00 318

0.844848 697.00 825
0.122349 75.00 613
0.679012 110.00 162
0.142857 21.00 147
0.011173 4.00 358

0.449462 209.00 465
0.222222 52.00 234
0.862559 364.00 422
0.199134 46.00 231
0.069388 34.00 490

0.231788 35.00 151
0.469027 106.00 226
0.438242 369.00 842
0.040816 10.00 245
0.621406 389.00 626

0.072125 37.00 513
0.512195 252.00 492
0.157718 47.00 298
0.900000 792.00 880
0.156863 24.00 153

0.058052 31.00 534
0.691542 139.00 201
0.827160 737.00 891
0.039043 31.00 794
0.184466 19.00 103

0.277670 143.00 515
0.636126 243.00 382
0.123711 60.00 485
0.333333 78.00 234
0.425743 86.00 202

0.053061 26.00 490
0.236534 101.00 427
0.969466 127.00 131
0.476828 463.00 971
0.065116 14.00 215

0.515679 148.00 287
0.241071 27.00 112
0.453441 112.00 247
0.485714 68.00 140
0.107242 77.00 718

0.671345 574.00 855
0.113580 46.00 405
0.405914 151.00 372
0.605634 86.00 142
0.004484 2.00 446

0.214286 63.00 294
0.026853 25.00 931
0.623853 68.00 109
0.502283 110.00 219
0.433333 52.00 120

0.045455 5.00 110
0.748466 122.00 163
0.139955 124.00 886
0.058974 23.00 390
0.805499 791.00 982

0.763441 213.00 279
0.189474 36.00 190
0.145985 60.00 411
0.017544 2.00 114
0.677019 109.00 161

0.559715 314.00 561
0.235849 75.00 318
0.061594 17.00 276
0.047210 22.00 466
0.897112 497.00 554

0.230000 23.00 100
0.211538 22.00 104
0.465465 465.00 999
0.229947 129.00 561
0.663102 124.00 187

0.145125 128.00 882
0.625806 194.00 310
0.361314 99.00 274
0.615114 350.00 569
0.051562 33.00 640

0.864407 102.00 118
0.033333 19.00 570
0.415663 414.00 996
0.144928 20.00 138
0.343891 152.00 442

0.051136 27.00 528
0.028868 25.00 866
0.798561 111.00 139
0.107843 11.00 102
0.805556 203.00 252

0.039106 7.00 179
0.652174 90.00 138
0.563319 387.00 687
0.541667 65.00 120
0.005063 4.00 790

0.415978 151.00 363
0.813757 769.00 945
0.014706 2.00 136
0.051095 7.00 137
0.500816 307.00 613

0.020522 11.00 536
0.005464 1.00 183
0.956604 507.00 530
0.776081 305.00 393
0.040909 18.00 440

0.099125 34.00 343
0.077482 32.00 413
0.898305 106.00 118
0.314286 99.00 315
0.411765 217.00 527

0.270833 39.00 144
0.696574 427.00 613
0.390449 139.00 356
0.114815 31.00 270
0.329545 116.00 352

0.059829 28.00 468
0.207059 88.00 425
0.759804 310.00 408
0.147436 23.00 156
0.623529 265.00 425

0.364742 240.00 658
0.291391 44.00 151
0.888372 191.00 215
0.101399 58.00 572
0.150943 56.00 371

0.375000 57.00 152
0.197080 27.00 137
0.078125 25.00 320
0.536000 67.00 125
0.611354 420.00 687

0.047414 11.00 232
0.752640 499.00 663
0.031073 11.00 354
0.223443 61.00 273
0.748201 104.00 139

0.587838 87.00 148
0.225352 32.00 142
0.473504 277.00 585
0.490826 107.00 218
0.025143 22.00 875

0.188679 30.00 159
0.848643 813.00 958
0.238889 86.00 360
0.052277 31.00 593
0.470930 81.00 172

0.097625 37.00 379
0.666667 122.00 183
0.479862 417.00 869
0.196721 24.00 122
0.360465 155.00 430

0.508772 116.00 228
0.031477 13.00 413
0.339706 231.00 680
0.714022 387.00 542
0.205714 36.00 175

0.181230 112.00 618
0.272152 129.00 474
0.442771 147.00 332
0.016949 15.00 885
0.888889 120.00 135

0.187171 178.00 951
0.985730 898.00 911
0.050000 42.00 840
0.464481 170.00 366
0.113725 29.00 255

0.698052 215.00 308
0.482105 229.00 475
0.179924 95.00 528
0.016432 7.00 426
0.421849 251.00 595

0.515807 310.00 601
0.258993 36.00 139
0.931034 135.00 145
0.059829 14.00 234
0.032407 7.00 216

0.319196 286.00 896
0.819957 378.00 461
0.128492 23.00 179
0.038270 23.00 601
0.493151 252.00 511

0.697856 358.00 513
0.224044 41.00 183
0.315315 35.00 111
0.297710 117.00 393
0.264762 139.00 525

0.173774 163.00 938
0.108614 87.00 801
0.902813 706.00 782
0.536050 171.00 319
0.076923 13.00 169

0.009091 2.00 220
0.493750 79.00 160
0.097087 10.00 103
0.368601 108.00 293
0.834337 277.00 332

0.478125 153.00 320
0.583700 265.00 454
0.063939 25.00 391
0.050000 13.00 260
0.627119 74.00 118

0.228745 113.00 494
0.220930 114.00 516
0.165441 45.00 272
0.267303 112.00 419
0.921196 339.00 368

0.264957 248.00 936
0.286219 81.00 283
0.878049 216.00 246
0.100559 36.00 358
0.271028 29.00 107

0.201900 85.00 421
0.528736 138.00 261
0.197080 27.00 137
0.145749 36.00 247
0.721154 75.00 104

0.269270 262.00 973
0.384279 88.00 229
0.095477 38.00 398
0.530702 121.00 228
0.514563 53.00 103

0.297189 74.00 249
0.069231 9.00 130
0.283286 100.00 353
0.241791 81.00 335
0.908257 297.00 327

0.336658 135.00 401
0.543210 88.00 162
0.828638 353.00 426
0.047337 8.00 169
0.047847 10.00 209

0.199079 173.00 869
0.962209 331.00 344
0.163934 20.00 122
0.272076 114.00 419
0.205128 56.00 273

0.944954 103.00 109
0.305668 151.00 494
0.129808 27.00 208
0.352459 43.00 122
0.068919 51.00 740

0.380665 126.00 331
0.169014 24.00 142
0.869231 113.00 130
0.129213 46.00 356
0.258065 32.00 124

