0.029070 5.00 172
0.004673 1.00 214
0.855346 136.00 159
0.555556 80.00 144
0.054545 9.00 165

0.062992 8.00 127
0.568224 304.00 535
0.074922 72.00 961
0.170644 143.00 838
0.618182 102.00 165

0.509165 250.00 491
0.110787 38.00 343
0.183333 22.00 120
0.234375 30.00 128
0.458937 95.00 207

0.294118 65.00 221
0.276817 80.00 289
0.332031 85.00 256
0.400000 152.00 380
0.198473 26.00 131

0.010830 9.00 831
0.673025 247.00 367
0.123894 42.00 339
0.675793 469.00 694
0.014925 3.00 201

0.500000 63.00 126
0.191529 104.00 543
0.018750 3.00 160
0.532110 58.00 109
0.249201 78.00 313

0.296837 122.00 411
0.427734 219.00 512
0.082645 10.00 121
0.409524 43.00 105
0.278075 104.00 374

0.643357 184.00 286
0.196970 26.00 132
0.119266 13.00 109
0.231557 226.00 976
0.312500 135.00 432

0.609375 273.00 448
0.147436 23.00 156
0.210762 47.00 223
0.261364 46.00 176
0.272326 247.00 907

0.113122 25.00 221
0.310502 68.00 219
0.205882 196.00 952
0.391148 327.00 836
0.482143 432.00 896

0.205882 105.00 510
0.162362 44.00 271
0.031802 18.00 566
0.953271 102.00 107
0.148387 23.00 155

0.049555 39.00 787
0.323583 177.00 547
0.944988 773.00 818
0.110451 93.00 842
0.070981 34.00 479

0.307018 35.00 114
0.403101 104.00 258
0.128954 53.00 411
0.133929 15.00 112
0.528796 404.00 764

0.285714 68.00 238
0.195067 87.00 446
0.010050 8.00 796
0.070652 13.00 184
0.937500 810.00 864

0.441532 219.00 496
0.667532 514.00 770
0.286432 57.00 199
0.077088 72.00 934
0.030928 9.00 291

0.067460 17.00 252
0.187500 24.00 128
0.450000 45.00 100
0.470000 235.00 500
0.321962 151.00 469

0.105556 19.00 180
0.183585 85.00 463
0.388548 190.00 489
0.085586 19.00 222
0.737733 436.00 591

0.453488 78.00 172
0.245161 152.00 620
0.320405 190.00 593
0.145228 35.00 241
0.330827 44.00 133

0.664160 530.00 798
0.088652 75.00 846
0.455172 66.00 145
0.227749 174.00 764
0.061303 16.00 261

0.390816 383.00 980
0.004008 2.00 499
0.441667 53.00 120
0.333333 204.00 612
0.333333 82.00 246

0.067776 57.00 841
0.153846 20.00 130
0.562753 139.00 247
0.274194 51.00 186
0.445455 98.00 220

0.130000 13.00 100
0.202381 85.00 420
0.221622 82.00 370
0.767642 446.00 581
0.176471 24.00 136

0.591463 97.00 164
0.082437 23.00 279
0.100000 49.00 490
0.355469 182.00 512
0.371324 101.00 272

0.257353 35.00 136
0.077388 64.00 827
0.237069 110.00 464
0.076923 32.00 416
0.853736 537.00 629

0.376050 179.00 476
0.645933 135.00 209
0.029714 26.00 875
0.355072 98.00 276
0.092643 68.00 734

0.080605 32.00 397
0.296791 111.00 374
0.445693 119.00 267
0.448529 61.00 136
0.224377 81.00 361

0.232759 27.00 116
0.528180 328.00 621
0.205455 113.00 550
0.488764 87.00 178
0.049505 5.00 101

0.435417 209.00 480
0.524017 120.00 229
0.093151 34.00 365
0.276433 217.00 785
0.171171 38.00 222

0.344828 50.00 145
0.380079 290.00 763
0.121457 30.00 247
0.309524 91.00 294
0.348668 144.00 413

0.039120 16.00 409
0.200000 85.00 425
0.567442 122.00 215
0.052219 20.00 383
0.649123 74.00 114

0.485714 68.00 140
0.470449 398.00 846
0.146232 130.00 889
0.241158 150.00 622
0.156489 41.00 262

0.054054 6.00 111
0.034783 4.00 115
0.105960 32.00 302
0.471074 57.00 121
0.825279 222.00 269

0.093750 27.00 288
0.940541 174.00 185
0.001142 1.00 876
0.272277 55.00 202
0.193548 24.00 124

0.174658 51.00 292
0.025641 9.00 351
0.093621 91.00 972
0.516484 94.00 182
0.688679 73.00 106

0.681416 77.00 113
0.129032 20.00 155
0.333333 54.00 162
0.116331 52.00 447
0.240310 62.00 258

0.072770 62.00 852
0.484483 281.00 580
0.066667 7.00 105
0.206299 131.00 635
0.666667 620.00 930

0.207426 162.00 781
0.364865 54.00 148
0.190722 111.00 582
0.458182 126.00 275
0.273504 96.00 351

0.076923 28.00 364
0.339844 87.00 256
0.318519 43.00 135
0.128531 91.00 708
0.632541 346.00 547

0.200436 184.00 918
0.351399 201.00 572
0.458647 61.00 133
0.030894 19.00 615
0.462687 62.00 134

0.269985 179.00 663
0.076596 36.00 470
0.436047 75.00 172
0.352941 192.00 544
0.362007 101.00 279

0.347280 83.00 239
0.397213 228.00 574
0.194226 74.00 381
0.434307 119.00 274
0.128866 25.00 194

0.107143 30.00 280
0.278947 53.00 190
0.823529 84.00 102
0.274510 28.00 102
0.021964 17.00 774

0.140000 14.00 100
0.400000 136.00 340
0.014553 7.00 481
0.713226 577.00 809
0.232227 49.00 211

0.084052 78.00 928
0.201238 65.00 323
0.317308 99.00 312
0.700980 429.00 612
0.192926 60.00 311

0.028736 5.00 174
0.018158 14.00 771
0.477528 85.00 178
0.967871 964.00 996
0.004107 2.00 487

0.086331 12.00 139
0.113514 21.00 185
0.113208 84.00 742
0.968300 672.00 694
0.217054 28.00 129

0.688017 333.00 484
0.106383 75.00 705
0.144295 43.00 298
0.510934 257.00 503
0.048961 33.00 674

0.406250 52.00 128
0.367764 324.00 881
0.091743 20.00 218
0.342105 65.00 190
0.289157 48.00 166

0.266332 53.00 199
0.047619 7.00 147
0.218884 51.00 233
0.275304 68.00 247
0.693314 477.00 688

0.880597 236.00 268
0.119516 79.00 661
0.363636 80.00 220
0.097884 37.00 378
0.036468 19.00 521

0.264000 33.00 125
0.256198 31.00 121
0.606238 311.00 513
0.024433 14.00 573
0.349112 59.00 169

0.224044 41.00 183
0.599291 169.00 282
0.306306 238.00 777
0.235849 50.00 212
0.137037 37.00 270

0.174757 18.00 103
0.528846 55.00 104
0.239382 124.00 518
0.338785 145.00 428
0.218182 48.00 220

0.330000 33.00 100
0.264069 183.00 693
0.040650 5.00 123
0.655113 378.00 577
0.209302 45.00 215

0.363636 88.00 242
0.170732 28.00 164
0.297030 30.00 101
0.268817 50.00 186
0.390663 159.00 407

0.411162 361.00 878
0.029138 25.00 858
0.235683 107.00 454
0.498350 151.00 303
0.323988 104.00 321

0.728972 78.00 107
0.634921 200.00 315
0.016502 10.00 606
0.019763 10.00 506
0.100791 51.00 506

0.100304 33.00 329
0.171605 139.00 810
0.683258 302.00 442
0.319005 141.00 442
0.223077 29.00 130

0.043651 33.00 756
0.115385 15.00 130
0.682171 88.00 129
0.450450 50.00 111
0.201094 147.00 731

0.688129 342.00 497
0.604087 473.00 783
0.047988 31.00 646
0.145631 15.00 103
0.018519 6.00 324

0.101124 18.00 178
0.066496 26.00 391
0.417582 76.00 182
0.845528 104.00 123
0.072464 10.00 138

0.054645 20.00 366
0.225275 82.00 364
0.230769 120.00 520
0.679204 614.00 904
0.308219 45.00 146

0.489011 356.00 728
0.536424 81.00 151
0.264706 144.00 544
0.053942 13.00 241
0.155963 17.00 109

0.691906 265.00 383
0.415385 54.00 130
0.259542 68.00 262
0.081301 50.00 615
0.052478 18.00 343

0.192053 58.00 302
0.529412 81.00 153
0.331707 68.00 205
0.260000 26.00 100
0.188216 115.00 611

0.016949 10.00 590
0.144543 49.00 339
0.376471 224.00 595
0.456160 411.00 901
0.508013 317.00 624

0.470339 111.00 236
0.035088 10.00 285
0.324742 63.00 194
0.316294 198.00 626
0.351429 123.00 350

0.042510 42.00 988
0.202899 28.00 138
0.366460 59.00 161
0.133252 109.00 818
0.753210 528.00 701

0.175926 19.00 108
0.293671 116.00 395
0.524194 65.00 124
0.162651 27.00 166
0.339823 192.00 565

0.018018 2.00 111
0.960784 294.00 306
0.009535 8.00 839
0.088462 23.00 260
0.423469 83.00 196

0.561404 64.00 114
0.401734 139.00 346
0.054745 15.00 274
0.005988 2.00 334
0.475806 59.00 124

0.304040 301.00 990
0.009381 5.00 533
0.259887 46.00 177
0.493151 144.00 292
0.429379 76.00 177

0.175781 45.00 256
0.962366 179.00 186
0.040293 11.00 273
0.089744 14.00 156
0.230159 29.00 126

0.331325 55.00 166
0.222393 145.00 652
0.550607 136.00 247
0.092308 30.00 325
0.300000 126.00 420

0.108911 22.00 202
0.481038 241.00 501
0.081921 29.00 354
0.599359 187.00 312
0.230769 27.00 117

0.220000 22.00 100
0.154762 78.00 504
0.372642 237.00 636
0.391473 202.00 516
0.365714 256.00 700

0.201439 140.00 695
0.345324 48.00 139
0.124277 43.00 346
0.132812 17.00 128
0.693069 210.00 303

0.100694 29.00 288
0.485569 286.00 589
0.626062 221.00 353
0.151042 29.00 192
0.133929 45.00 336

0.531034 77.00 145
0.117117 26.00 222
0.362745 37.00 102
0.034722 5.00 144
0.460784 47.00 102

0.553571 186.00 336
0.179775 32.00 178
0.193798 50.00 258
0.075472 44.00 583
0.497942 121.00 243

0.487696 218.00 447
0.245098 50.00 204
0.445521 368.00 826
0.311024 79.00 254
0.012755 5.00 392

0.518433 225.00 434
0.167123 61.00 365
0.163934 140.00 854
0.404523 161.00 398
0.245192 51.00 208

0.111748 39.00 349
0.460709 299.00 649
0.516014 145.00 281
0.299213 38.00 127
0.107296 25.00 233

0.336449 108.00 321
0.008547 1.00 117
0.778004 382.00 491
0.373239 212.00 568
0.011111 2.00 180

0.362745 37.00 102
0.163366 66.00 404
0.469027 106.00 226
0.027778 13.00 468
0.478764 124.00 259

0.111111 41.00 369
0.200000 32.00 160
0.037634 21.00 558
0.896194 259.00 289
0.255269 109.00 427

0.009646 3.00 311
0.114478 34.00 297
0.586298 445.00 759
0.464151 246.00 530
0.328125 42.00 128

0.446043 62.00 139
0.414634 51.00 123
0.040000 5.00 125
0.325843 58.00 178
0.281690 80.00 284

0.740331 536.00 724
0.070175 36.00 513
0.239362 45.00 188
0.198864 35.00 176
0.250000 81.00 324

0.060185 13.00 216
0.433803 154.00 355
0.376000 47.00 125
0.370656 96.00 259
0.258727 126.00 487

0.452261 90.00 199
0.424324 157.00 370
0.294574 190.00 645
0.061920 20.00 323
0.264274 162.00 613

0.010152 4.00 394
0.286307 138.00 482
0.237462 232.00 977
0.760479 127.00 167
0.206116 182.00 883

0.413534 55.00 133
0.080986 23.00 284
0.448485 74.00 165
0.412766 97.00 235
0.147059 15.00 102

0.303030 40.00 132
0.390728 59.00 151
0.373206 234.00 627
0.304167 73.00 240
0.129213 23.00 178

0.756098 403.00 533
0.156690 89.00 568
0.258929 116.00 448
0.150917 107.00 709
0.179775 32.00 178

0.472050 76.00 161
0.241918 217.00 897
0.393939 104.00 264
0.326733 33.00 101
0.065341 23.00 352

0.454000 227.00 500
0.011407 3.00 263
0.175141 93.00 531
0.637681 572.00 897
0.220096 92.00 418

0.154667 58.00 375
0.005495 3.00 546
0.600522 230.00 383
0.191710 37.00 193
0.544944 97.00 178

0.210526 28.00 133
0.132812 17.00 128
0.108192 70.00 647
0.735000 294.00 400
0.317647 270.00 850

0.765060 127.00 166
0.020080 5.00 249
0.240741 52.00 216
0.318584 180.00 565
0.161157 78.00 484

0.369427 58.00 157
0.375000 174.00 464
0.204724 52.00 254
0.259259 133.00 513
0.292181 71.00 243

0.714797 599.00 838
0.252934 194.00 767
0.064220 7.00 109
0.087948 27.00 307
0.380769 99.00 260

0.306878 232.00 756
0.575269 107.00 186
0.007389 3.00 406
0.105320 97.00 921
0.501534 327.00 652

0.304839 189.00 620
0.029630 28.00 945
0.277228 28.00 101
0.489510 210.00 429
0.393665 87.00 221

0.709615 369.00 520
0.370149 124.00 335
0.061927 27.00 436
0.251174 107.00 426
0.106918 17.00 159

0.138365 44.00 318
0.182692 38.00 208
0.813505 253.00 311
0.117057 35.00 299
0.246684 93.00 377

0.918519 248.00 270
0.258242 47.00 182
0.282642 184.00 651
0.037736 4.00 106
0.007962 5.00 628

0.214912 49.00 228
0.481752 66.00 137
0.049587 6.00 121
0.086351 31.00 359
0.657980 202.00 307

0.201835 66.00 327
0.297297 33.00 111
0.238342 184.00 772
0.747475 148.00 198
0.013423 2.00 149

0.416667 60.00 144
0.715190 113.00 158
0.173653 29.00 167
0.121495 13.00 107
0.073394 8.00 109

0.600846 426.00 709
0.215021 209.00 972
0.150155 97.00 646
0.220000 165.00 750
0.312977 41.00 131

0.082051 48.00 585
0.115854 19.00 164
0.776271 229.00 295
0.282378 133.00 471
0.244920 229.00 935

0.149383 121.00 810
0.149457 55.00 368
0.139013 31.00 223
0.506868 369.00 728
0.555556 60.00 108

0.682008 163.00 239
0.185714 117.00 630
0.179688 23.00 128
0.151292 41.00 271
0.304904 143.00 469

0.130935 91.00 695
0.248104 229.00 923
0.349558 79.00 226
0.360759 114.00 316
0.411290 51.00 124

0.178030 47.00 264
0.028796 22.00 764
0.116848 43.00 368
0.548303 210.00 383
0.625000 140.00 224

0.172945 101.00 584
0.263514 78.00 296
0.039370 5.00 127
0.108808 21.00 193
0.910314 203.00 223

0.034173 19.00 556
0.262537 89.00 339
0.064815 7.00 108
0.784314 80.00 102
0.354167 85.00 240

0.080745 13.00 161
0.281553 29.00 103
0.666667 68.00 102
0.058887 55.00 934
0.418079 74.00 177

0.230366 88.00 382
0.150552 109.00 724
0.035714 9.00 252
0.400000 176.00 440
0.684211 442.00 646

0.275072 96.00 349
0.586724 274.00 467
0.168504 107.00 635
0.038462 24.00 624
0.433213 120.00 277

0.677108 281.00 415
0.336364 111.00 330
0.099567 23.00 231
0.365000 73.00 200
0.019355 3.00 155

0.540146 74.00 137
0.165468 46.00 278
0.152381 48.00 315
0.558750 447.00 800
0.087379 9.00 103

0.497925 360.00 723
0.265464 206.00 776
0.077844 26.00 334
0.638889 69.00 108
0.017199 7.00 407

0.198276 23.00 116
0.609524 64.00 105
0.510309 495.00 970
0.165485 70.00 423
0.007776 5.00 643

0.020134 6.00 298
0.038462 5.00 130
0.973126 688.00 707
0.260432 181.00 695
0.207819 101.00 486

0.502674 94.00 187
0.250518 121.00 483
0.327684 58.00 177
0.331683 67.00 202
0.084052 78.00 928

0.138587 102.00 736
0.631783 326.00 516
0.462633 130.00 281
0.125265 59.00 471
0.140684 37.00 263

0.299492 59.00 197
0.440217 81.00 184
0.497326 186.00 374
0.194245 27.00 139
0.064103 10.00 156

0.356707 117.00 328
0.285714 154.00 539
0.325613 239.00 734
0.151899 24.00 158
0.382278 151.00 395

0.067073 11.00 164
0.084906 9.00 106
0.924847 603.00 652
0.113761 62.00 545
0.307042 218.00 710

0.046980 21.00 447
0.166084 95.00 572
0.244565 45.00 184
0.850806 211.00 248
0.194245 81.00 417

0.396226 63.00 159
0.444915 105.00 236
0.239748 76.00 317
0.119048 20.00 168
0.299578 71.00 237

0.130435 60.00 460
0.535009 298.00 557
0.347390 173.00 498
0.473684 81.00 171
0.010471 2.00 191

0.354839 165.00 465
0.103175 13.00 126
0.458182 126.00 275
0.184579 79.00 428
0.397306 118.00 297

0.117647 20.00 170
0.216867 180.00 830
0.059259 8.00 135
0.455714 319.00 700
0.646497 203.00 314

0.388350 160.00 412
0.633242 461.00 728
0.358242 326.00 910
0.024299 13.00 535
0.095477 19.00 199

0.013158 3.00 228
0.401544 104.00 259
0.257609 237.00 920
0.689796 169.00 245
0.130137 19.00 146

0.233962 62.00 265
0.099099 44.00 444
0.313043 36.00 115
0.102446 67.00 654
0.755102 481.00 637

0.447273 123.00 275
0.143939 19.00 132
0.660494 321.00 486
0.177489 41.00 231
0.068478 63.00 920

0.634409 177.00 279
0.142553 67.00 470
0.158120 148.00 936
0.067460 17.00 252
0.496051 314.00 633

0.598152 259.00 433
0.049107 11.00 224
0.149766 96.00 641
0.344937 109.00 316
0.358333 129.00 360

0.851380 401.00 471
0.077259 53.00 686
0.035491 17.00 479
0.315476 53.00 168
0.225131 43.00 191

0.377483 114.00 302
0.940568 364.00 387
0.081633 16.00 196
0.024194 3.00 124
0.083333 13.00 156

0.354098 108.00 305
0.187423 152.00 811
0.041494 10.00 241
0.453061 333.00 735
0.462500 111.00 240

0.052792 52.00 985
0.086486 16.00 185
0.503297 229.00 455
0.332075 176.00 530
0.523760 507.00 968

0.117647 14.00 119
0.719373 505.00 702
0.225564 30.00 133
0.050761 30.00 591
0.390476 41.00 105

0.050847 6.00 118
0.928105 426.00 459
0.021858 12.00 549
0.303922 31.00 102
0.201183 68.00 338

0.250909 69.00 275
0.274463 230.00 838
0.078775 36.00 457
0.218487 26.00 119
0.678208 333.00 491

0.252983 106.00 419
0.175325 27.00 154
0.293967 229.00 779
0.342105 39.00 114
0.442105 84.00 190

0.386831 94.00 243
0.490741 371.00 756
0.241419 211.00 874
0.163728 65.00 397
0.213675 50.00 234

0.320652 59.00 184
0.088235 24.00 272
0.684211 104.00 152
0.061728 10.00 162
0.351351 104.00 296

0.872340 123.00 141
0.146341 18.00 123
0.082251 19.00 231
0.233846 76.00 325
0.169312 96.00 567

0.345588 94.00 272
0.407311 156.00 383
0.561798 200.00 356
0.003344 1.00 299
0.183432 31.00 169

0.721660 713.00 988
0.174699 29.00 166
0.112397 68.00 605
0.451327 102.00 226
0.042339 21.00 496

0.226316 43.00 190
0.204774 163.00 796
0.863636 133.00 154
0.084746 15.00 177
0.122699 60.00 489

0.482234 95.00 197
0.222857 39.00 175
0.085239 41.00 481
0.227642 28.00 123
0.477064 156.00 327

0.059925 32.00 534
0.489474 93.00 190
0.720238 121.00 168
0.162946 73.00 448
0.066986 14.00 209

0.413333 62.00 150
0.594470 387.00 651
0.005882 2.00 340
0.155709 45.00 289
0.331933 79.00 238

0.135294 23.00 170
0.590139 383.00 649
0.479769 83.00 173
0.215116 37.00 172
0.078680 31.00 394

0.567073 93.00 164
0.103535 41.00 396
0.050909 14.00 275
0.004938 2.00 405
0.770588 393.00 510

0.168675 98.00 581
0.337398 83.00 246
0.386000 193.00 500
0.341121 73.00 214
0.265060 44.00 166

0.088483 63.00 712
0.610442 152.00 249
0.506250 81.00 160
0.019704 8.00 406
0.279762 47.00 168

0.299065 32.00 107
0.116412 61.00 524
0.558621 81.00 145
0.194888 122.00 626
0.333333 253.00 759

0.037640 37.00 983
0.233491 99.00 424
0.651757 408.00 626
0.266129 66.00 248
0.313636 69.00 220

0.087912 32.00 364
0.696532 482.00 692
0.445378 53.00 119
0.114286 20.00 175
0.158730 50.00 315

0.053097 12.00 226
0.285714 80.00 280
0.074830 11.00 147
0.855882 291.00 340
0.221311 27.00 122

0.472492 146.00 309
0.054674 31.00 567
0.115000 23.00 200
0.495879 361.00 728
0.361204 108.00 299

0.423423 94.00 222
0.497596 207.00 416
0.086957 18.00 207
0.239362 45.00 188
0.257862 41.00 159

0.512245 251.00 490
0.339168 155.00 457
0.256318 71.00 277
0.309406 125.00 404
0.082474 32.00 388

0.102804 11.00 107
0.308108 57.00 185
0.069401 22.00 317
0.859206 238.00 277
0.166667 17.00 102

0.103933 37.00 356
0.407035 81.00 199
0.039801 8.00 201
0.762712 495.00 649
0.188679 30.00 159

0.230599 104.00 451
0.470968 73.00 155
0.308943 76.00 246
0.455319 107.00 235
0.036411 28.00 769

0.111709 83.00 743
0.434211 66.00 152
0.758427 135.00 178
0.028807 7.00 243
0.171053 52.00 304

0.693032 368.00 531
0.323810 34.00 105
0.044383 32.00 721
0.176895 49.00 277
0.262918 173.00 658

0.100529 38.00 378
0.562295 343.00 610
0.459954 402.00 874
0.060556 37.00 611
0.315574 77.00 244

0.070175 8.00 114
0.083123 33.00 397
0.732026 336.00 459
0.440536 263.00 597
0.169231 110.00 650

0.088000 11.00 125
0.025641 4.00 156
0.584488 422.00 722
0.664000 83.00 125
0.135371 31.00 229

0.866029 181.00 209
0.306321 189.00 617
0.064516 16.00 248
0.231834 67.00 289
0.030879 26.00 842

0.313305 73.00 233
0.010178 4.00 393
0.236842 45.00 190
0.451977 160.00 354
0.489426 162.00 331

0.660297 311.00 471
0.184466 19.00 103
0.576497 260.00 451
0.016667 10.00 600
0.062305 20.00 321

0.155963 17.00 109
0.008000 1.00 125
0.163780 104.00 635
0.771429 81.00 105
0.397343 329.00 828

0.728512 695.00 954
0.084395 53.00 628
0.081818 9.00 110
0.387268 292.00 754
0.215000 43.00 200

0.708661 90.00 127
0.019531 5.00 256
0.047414 11.00 232
0.420495 238.00 566
0.307692 140.00 455

0.378419 249.00 658
0.804971 421.00 523
0.097938 57.00 582
0.105769 11.00 104
0.114943 20.00 174

0.106557 13.00 122
0.390244 240.00 615
0.125000 25.00 200
0.083117 32.00 385
0.790297 505.00 639

0.219595 130.00 592
0.001129 1.00 886
0.320000 32.00 100
0.576547 177.00 307
0.377593 91.00 241

0.125749 42.00 334
0.444772 302.00 679
0.308901 59.00 191
0.250545 115.00 459
0.368243 109.00 296

0.025641 3.00 117
0.815789 93.00 114
0.063859 47.00 736
0.249670 189.00 757
0.346535 210.00 606

0.137931 20.00 145
0.541408 523.00 966
0.042735 30.00 702
0.165312 61.00 369
0.609544 281.00 461

0.835886 382.00 457
0.003759 1.00 266
0.251462 43.00 171
0.365759 188.00 514
0.044643 35.00 784

0.232258 108.00 465
0.401460 110.00 274
0.133005 27.00 203
0.494145 211.00 427
0.239295 95.00 397

0.448485 74.00 165
0.559322 198.00 354
0.160677 76.00 473
0.026163 9.00 344
0.300654 46.00 153

0.315364 117.00 371
0.466667 448.00 960
0.017442 12.00 688
0.400000 54.00 135
0.297994 104.00 349

0.236842 27.00 114
0.389169 309.00 794
0.247619 26.00 105
0.072131 22.00 305
0.551047 421.00 764

0.612121 202.00 330
0.053097 12.00 226
0.421836 170.00 403
0.181250 58.00 320
0.232044 42.00 181

0.454545 165.00 363
0.283465 36.00 127
0.060674 27.00 445
0.268293 33.00 123
0.432927 71.00 164

0.188525 23.00 122
0.358140 77.00 215
0.307377 75.00 244
0.459200 287.00 625
0.183036 82.00 448

0.424161 316.00 745
0.163441 76.00 465
0.009091 1.00 110
0.172749 142.00 822
0.736527 246.00 334

0.610687 80.00 131
0.035971 5.00 139
0.160338 114.00 711
0.563253 187.00 332
0.127869 39.00 305

0.225225 25.00 111
0.224359 175.00 780
0.388158 59.00 152
0.007238 6.00 829
0.652542 154.00 236

0.448819 57.00 127
0.500000 74.00 148
0.004329 1.00 231
0.027778 12.00 432
0.518382 141.00 272

0.077720 15.00 193
0.567600 466.00 821
0.453846 59.00 130
0.126829 26.00 205
0.272085 231.00 849

0.478528 78.00 163
0.500000 313.00 626
0.119658 14.00 117
0.324503 147.00 453
0.083333 21.00 252

0.402299 210.00 522
0.275602 183.00 664
0.071749 16.00 223
0.151786 17.00 112
0.602941 287.00 476

0.211392 167.00 790
0.449050 260.00 579
0.361413 133.00 368
0.099010 20.00 202
0.377747 275.00 728

0.213720 81.00 379
0.017544 12.00 684
0.424125 109.00 257
0.492674 269.00 546
0.350785 268.00 764

0.298077 62.00 208
0.780000 195.00 250
0.050459 33.00 654
0.282675 186.00 658
0.089838 61.00 679

0.516949 61.00 118
0.197368 30.00 152
0.256000 32.00 125
0.511029 139.00 272
0.016393 3.00 183

0.175824 64.00 364
0.339928 189.00 556
0.098259 79.00 804
0.048035 11.00 229
0.835731 697.00 834

0.126697 28.00 221
0.857143 96.00 112
0.111554 28.00 251
0.395745 93.00 235
0.010490 3.00 286

0.085106 16.00 188
0.895105 128.00 143
0.052980 8.00 151
0.379505 337.00 888
0.088889 68.00 765

0.049822 14.00 281
0.206107 54.00 262
0.965649 253.00 262
0.035928 6.00 167
0.244898 36.00 147

0.234491 189.00 806
0.625887 353.00 564
0.351145 322.00 917
0.105263 18.00 171
0.184270 82.00 445

0.417193 330.00 791
0.202140 170.00 841
0.328000 41.00 125
0.507692 99.00 195
0.048387 15.00 310

0.050000 5.00 100
0.350649 54.00 154
0.633028 207.00 327
0.142433 48.00 337
0.325758 43.00 132

0.479058 366.00 764
0.345178 68.00 197
0.394161 54.00 137
0.165714 29.00 175
0.109677 17.00 155

0.450617 146.00 324
0.264407 78.00 295
0.251448 217.00 863
0.200000 81.00 405
0.332362 114.00 343

0.363296 97.00 267
0.182759 53.00 290
0.201835 44.00 218
0.078883 65.00 824
0.671795 131.00 195

0.776957 526.00 677
0.179058 171.00 955
0.047244 30.00 635
0.331522 61.00 184
0.166667 31.00 186

0.363276 275.00 757
0.340000 34.00 100
0.196970 78.00 396
0.348259 70.00 201
0.247368 47.00 190

0.074016 47.00 635
0.143519 31.00 216
0.680739 258.00 379
0.196825 62.00 315
0.408740 159.00 389

0.286313 205.00 716
0.661670 618.00 934
0.506048 251.00 496
0.042959 18.00 419
0.001062 1.00 942

0.386364 68.00 176
0.813084 174.00 214
0.004155 3.00 722
0.239757 158.00 659
0.052632 6.00 114

0.131280 81.00 617
0.416283 271.00 651
0.898551 248.00 276
0.047146 38.00 806
0.004110 3.00 730

0.076642 21.00 274
0.008380 3.00 358
0.810000 162.00 200
0.565854 464.00 820
0.035242 8.00 227

0.194872 38.00 195
0.366412 96.00 262
0.606061 80.00 132
0.293362 274.00 934
0.038462 21.00 546

0.544820 468.00 859
0.350318 55.00 157
0.334337 111.00 332
0.193243 143.00 740
0.076795 46.00 599

0.267857 30.00 112
0.295508 125.00 423
0.779661 92.00 118
0.006289 1.00 159
0.148515 15.00 101

0.016897 11.00 651
0.560892 327.00 583
0.234973 43.00 183
0.323077 42.00 130
0.363844 159.00 437

0.117557 77.00 655
0.355856 79.00 222
0.535240 524.00 979
0.216142 158.00 731
0.272605 202.00 741

0.181818 26.00 143
0.903981 386.00 427
0.355263 54.00 152
0.045276 23.00 508
0.010453 3.00 287

0.228723 43.00 188
0.342342 38.00 111
0.093583 35.00 374
0.756962 299.00 395
0.081129 46.00 567

0.320270 237.00 740
0.041667 31.00 744
0.693820 247.00 356
0.346821 60.00 173
0.098611 71.00 720

0.113924 18.00 158
0.375000 237.00 632
0.088496 10.00 113
0.437380 227.00 519
0.485390 299.00 616

0.410072 57.00 139
0.360390 111.00 308
0.081879 61.00 745
0.051282 6.00 117
0.597070 163.00 273

0.056818 10.00 176
0.236429 196.00 829
0.608466 230.00 378
0.521472 170.00 326
0.074830 44.00 588

0.438462 57.00 130
0.311558 62.00 199
0.066558 41.00 616
0.086076 34.00 395
0.598695 367.00 613

0.140684 37.00 263
0.258824 44.00 170
0.238255 142.00 596
0.141361 27.00 191
0.722871 433.00 599

0.089041 78.00 876
0.417281 396.00 949
0.641860 138.00 215
0.057245 32.00 559
0.293860 134.00 456

0.075377 15.00 199
0.619048 429.00 693
0.610458 467.00 765
0.106136 64.00 603
0.087209 15.00 172

0.049383 20.00 405
0.251732 218.00 866
0.205549 163.00 793
0.611111 198.00 324
0.381443 222.00 582

0.016760 6.00 358
0.110942 73.00 658
0.244792 47.00 192
0.244108 145.00 594
0.883544 349.00 395

0.350000 42.00 120
0.002660 1.00 376
0.219298 25.00 114
0.406332 154.00 379
0.524590 64.00 122

0.795122 163.00 205
0.036101 10.00 277
0.391566 130.00 332
0.232877 68.00 292
0.041943 19.00 453

0.159696 42.00 263
0.247222 89.00 360
0.035211 5.00 142
0.588477 143.00 243
0.475248 48.00 101

0.338983 40.00 118
0.763889 275.00 360
0.126437 33.00 261
0.193798 25.00 129
0.076063 34.00 447

0.420455 296.00 704
0.095575 54.00 565
0.455581 200.00 439
0.232727 128.00 550
0.295508 125.00 423

0.338624 64.00 189
0.184524 31.00 168
0.602067 466.00 774
0.036765 5.00 136
0.339506 110.00 324

0.773077 603.00 780
0.398693 61.00 153
0.108808 21.00 193
0.108514 65.00 599
0.111570 27.00 242

0.066667 20.00 300
0.273418 108.00 395
0.680899 303.00 445
0.354449 235.00 663
0.124845 101.00 809

0.927419 230.00 248
0.176190 37.00 210
0.028302 6.00 212
0.096875 31.00 320
0.266667 40.00 150

0.118998 57.00 479
0.243386 46.00 189
0.425620 103.00 242
0.321429 126.00 392
0.390244 176.00 451

0.171953 103.00 599
0.204986 148.00 722
0.314433 61.00 194
0.789116 116.00 147
0.023256 3.00 129

0.045455 25.00 550
0.750000 714.00 952
0.074074 10.00 135
0.024010 20.00 833
0.604101 383.00 634

0.361432 313.00 866
0.541118 329.00 608
0.497132 260.00 523
0.050420 6.00 119
0.048000 12.00 250

0.485915 69.00 142
0.160377 34.00 212
0.599796 589.00 982
0.037500 21.00 560
0.213270 45.00 211

0.271318 35.00 129
0.250970 194.00 773
0.240143 134.00 558
0.708738 73.00 103
0.031250 4.00 128

0.140255 77.00 549
0.312925 46.00 147
0.055872 49.00 877
0.552743 262.00 474
0.440994 71.00 161

0.374707 160.00 427
0.411765 56.00 136
0.123490 92.00 745
0.359897 140.00 389
0.227325 198.00 871

0.110473 77.00 697
0.715461 435.00 608
0.367257 249.00 678
0.152738 53.00 347
0.159091 21.00 132

0.074257 15.00 202
0.173101 139.00 803
0.029412 3.00 102
0.377238 295.00 782
0.842884 456.00 541

0.580087 134.00 231
0.178218 18.00 101
0.157895 21.00 133
0.152466 34.00 223
0.431973 127.00 294

0.332756 192.00 577
0.445946 66.00 148
0.179688 23.00 128
0.448276 91.00 203
0.094340 20.00 212

0.581152 111.00 191
0.456522 147.00 322
0.108317 56.00 517
0.018692 2.00 107
0.330882 315.00 952

0.250000 41.00 164
0.337662 52.00 154
0.184466 38.00 206
0.633803 90.00 142
0.101974 62.00 608

0.025000 7.00 280
0.311688 72.00 231
0.222078 171.00 770
0.906250 116.00 128
0.033898 6.00 177

0.313936 205.00 653
0.121113 74.00 611
0.043478 10.00 230
0.909753 625.00 687
0.112121 74.00 660

0.018868 2.00 106
0.172414 45.00 261
0.953540 431.00 452
0.042032 24.00 571
0.311966 292.00 936

0.209076 129.00 617
0.077559 75.00 967
0.168582 44.00 261
0.558233 139.00 249
0.488426 211.00 432

0.088542 17.00 192
0.766917 102.00 133
0.007380 2.00 271
0.449495 89.00 198
0.183857 41.00 223

0.652174 150.00 230
0.480519 111.00 231
0.079208 8.00 101
0.169492 20.00 118
0.118852 29.00 244

0.573438 367.00 640
0.372240 118.00 317
0.061069 8.00 131
0.332143 93.00 280
0.161702 38.00 235

0.092896 68.00 732
0.397878 150.00 377
0.528986 146.00 276
0.409938 132.00 322
0.067400 49.00 727

0.526316 100.00 190
0.112601 42.00 373
0.122807 14.00 114
0.120301 32.00 266
0.617021 87.00 141

0.542254 77.00 142
0.109137 43.00 394
0.084507 42.00 497
0.046555 25.00 537
0.720721 80.00 111

0.175258 102.00 582
0.221987 210.00 946
0.531250 68.00 128
0.324818 89.00 274
0.247672 133.00 537

0.492362 419.00 851
0.118519 48.00 405
0.664820 240.00 361
0.113924 54.00 474
0.109848 29.00 264

0.087912 72.00 819
0.004890 2.00 409
0.437406 290.00 663
0.886719 227.00 256
0.085409 48.00 562

0.301310 69.00 229
0.014925 3.00 201
0.445639 373.00 837
0.574359 224.00 390
0.163636 27.00 165

0.302817 43.00 142
0.391969 205.00 523
0.382567 158.00 413
0.136364 18.00 132
0.283784 84.00 296

0.192771 48.00 249
0.024540 4.00 163
0.477679 321.00 672
0.616279 106.00 172
0.188034 22.00 117

0.329356 138.00 419
0.261641 118.00 451
0.214018 171.00 799
0.654206 490.00 749
0.045455 8.00 176

0.121581 40.00 329
0.032755 17.00 519
0.212291 38.00 179
0.157173 149.00 948
0.972727 107.00 110

0.333333 86.00 258
0.131579 15.00 114
0.529148 118.00 223
0.057143 8.00 140
0.442688 112.00 253

0.693069 70.00 101
0.290323 63.00 217
0.213115 26.00 122
0.217899 56.00 257
0.085427 17.00 199

0.002967 1.00 337
0.595331 153.00 257
0.763966 547.00 716
0.036215 31.00 856
0.101190 17.00 168

0.256732 143.00 557
0.131191 98.00 747
0.167939 44.00 262
0.050473 16.00 317
0.896739 165.00 184

0.095238 20.00 210
0.177778 32.00 180
0.379747 330.00 869
0.328467 45.00 137
0.522059 213.00 408

0.347280 83.00 239
0.179487 21.00 117
0.589595 204.00 346
0.226277 31.00 137
0.158747 147.00 926

0.969565 446.00 460
0.014196 9.00 634
0.277174 51.00 184
0.090253 25.00 277
0.147923 146.00 987

0.621901 301.00 484
0.131783 17.00 129
0.228682 59.00 258
0.503817 66.00 131
0.019355 3.00 155

0.480916 126.00 262
0.323944 276.00 852
0.439597 262.00 596
0.155039 20.00 129
0.100840 84.00 833

0.330049 201.00 609
0.296015 156.00 527
0.522565 220.00 421
0.183333 22.00 120
0.165625 53.00 320

0.010256 2.00 195
0.229572 59.00 257
0.151420 48.00 317
0.636986 186.00 292
0.473438 303.00 640

0.086538 18.00 208
0.240964 40.00 166
0.273256 188.00 688
0.802484 646.00 805
0.090090 10.00 111

0.488550 64.00 131
0.119403 48.00 402
0.196702 167.00 849
0.447205 72.00 161
0.242236 39.00 161

0.248186 171.00 689
0.488281 125.00 256
0.057269 13.00 227
0.226277 62.00 274
0.480591 260.00 541

0.293948 102.00 347
0.089760 71.00 791
0.497423 193.00 388
0.537931 78.00 145
0.082051 16.00 195

0.016000 2.00 125
0.248980 61.00 245
0.663415 272.00 410
0.409664 195.00 476
0.160061 105.00 656

0.315930 236.00 747
0.067227 8.00 119
0.418919 93.00 222
0.655172 114.00 174
0.041555 31.00 746

0.672566 76.00 113
0.375309 152.00 405
0.011628 3.00 258
0.366292 163.00 445
0.070968 11.00 155

0.421769 62.00 147
0.163743 112.00 684
0.194737 37.00 190
0.089231 87.00 975
0.634543 507.00 799

0.009259 1.00 108
0.410390 158.00 385
0.338583 129.00 381
0.096963 83.00 856
0.651376 71.00 109

0.192982 55.00 285
0.034653 7.00 202
0.723529 123.00 170
0.491409 143.00 291
0.061755 57.00 923

0.031746 6.00 189
0.294118 75.00 255
0.325301 54.00 166
0.526144 161.00 306
0.322539 249.00 772

0.210526 28.00 133
0.447552 64.00 143
0.220039 112.00 509
0.005263 1.00 190
0.615057 433.00 704

0.286325 67.00 234
0.630394 336.00 533
0.106195 12.00 113
0.224359 35.00 156
0.251429 44.00 175

0.492248 127.00 258
0.025090 7.00 279
0.598499 319.00 533
0.259740 120.00 462
0.123832 106.00 856

0.152709 62.00 406
0.308943 38.00 123
0.309577 139.00 449
0.090909 14.00 154
0.637255 65.00 102

0.160338 38.00 237
0.511036 301.00 589
0.259947 98.00 377
0.422819 189.00 447
0.147170 78.00 530

0.360129 224.00 622
0.419355 130.00 310
0.292537 98.00 335
0.350835 147.00 419
0.075472 8.00 106

0.526596 99.00 188
0.250965 65.00 259
0.156716 21.00 134
0.296429 83.00 280
0.267606 38.00 142

0.264706 72.00 272
0.271845 28.00 103
0.145349 25.00 172
0.715116 369.00 516
0.098361 18.00 183

0.429825 98.00 228
0.035019 27.00 771
0.112628 66.00 586
0.759479 641.00 844
0.164882 77.00 467

0.481203 320.00 665
0.110345 96.00 870
0.606635 256.00 422
0.214128 97.00 453
0.089202 57.00 639

0.093333 14.00 150
0.101333 38.00 375
0.146739 27.00 184
0.261261 29.00 111
0.904167 217.00 240

0.845783 351.00 415
0.345556 311.00 900
0.004491 3.00 668
0.236902 208.00 878
0.066667 11.00 165

0.051625 27.00 523
0.445513 139.00 312
0.175299 44.00 251
0.650307 106.00 163
0.174312 19.00 109

0.600000 108.00 180
0.053333 8.00 150
0.281609 196.00 696
0.132911 21.00 158
0.428571 168.00 392

0.114286 12.00 105
0.105081 91.00 866
0.228316 179.00 784
0.390173 270.00 692
0.663366 67.00 101

0.593750 570.00 960
0.320261 98.00 306
0.339713 71.00 209
0.125490 32.00 255
0.119048 15.00 126

0.473498 134.00 283
0.187500 21.00 112
0.075710 48.00 634
0.579425 383.00 661
0.186528 36.00 193

0.307054 148.00 482
0.070892 66.00 931
0.695755 295.00 424
0.064982 18.00 277
0.363934 111.00 305

0.010288 5.00 486
0.293706 126.00 429
0.390501 148.00 379
0.399390 262.00 656
0.407035 243.00 597

0.649123 74.00 114
0.002165 1.00 462
0.471429 99.00 210
0.089207 81.00 908
0.287671 84.00 292

0.368421 133.00 361
0.776860 188.00 242
0.037688 15.00 398
0.057143 10.00 175
0.262840 87.00 331

0.563712 407.00 722
0.040390 29.00 718
0.027027 7.00 259
0.274590 67.00 244
0.595395 181.00 304

0.148310 136.00 917
0.072727 8.00 110
0.412869 154.00 373
0.463259 145.00 313
0.400359 223.00 557

0.686391 116.00 169
0.418919 62.00 148
0.073059 16.00 219
0.148515 30.00 202
0.164912 94.00 570

0.311111 42.00 135
0.083067 26.00 313
0.394161 108.00 274
0.071429 9.00 126
0.640523 196.00 306

0.615542 301.00 489
0.018692 16.00 856
0.434590 196.00 451
0.093400 75.00 803
0.338279 114.00 337

0.356401 103.00 289
0.262136 27.00 103
0.279133 103.00 369
0.018625 13.00 698
0.582447 438.00 752

0.041237 12.00 291
0.059929 51.00 851
0.470449 199.00 423
0.869767 187.00 215
0.059783 33.00 552

0.095238 20.00 210
0.056985 31.00 544
0.635802 103.00 162
0.688312 159.00 231
0.023529 4.00 170

0.086957 10.00 115
0.500000 65.00 130
0.475000 95.00 200
0.138418 49.00 354
0.294611 246.00 835

0.042584 29.00 681
0.237500 76.00 320
0.666667 80.00 120
0.547468 173.00 316
0.009804 3.00 306

0.084112 9.00 107
0.442857 62.00 140
0.221757 53.00 239
0.065041 40.00 615
0.682243 73.00 107

0.094059 19.00 202
0.282051 66.00 234
0.867615 793.00 914
0.196701 155.00 788
0.054795 12.00 219

0.144068 17.00 118
0.253521 36.00 142
0.160853 83.00 516
0.909382 853.00 938
0.031332 24.00 766

0.439815 95.00 216
0.127226 50.00 393
0.542299 250.00 461
0.065248 46.00 705
0.325077 105.00 323

0.130061 106.00 815
0.071429 25.00 350
0.600000 69.00 115
0.272727 51.00 187
0.420896 141.00 335

0.068063 13.00 191
0.078086 31.00 397
0.351032 119.00 339
0.931034 648.00 696
0.070000 63.00 900

0.012097 6.00 496
0.172222 31.00 180
0.112108 25.00 223
0.698795 116.00 166
0.503145 320.00 636

0.055046 6.00 109
0.505682 356.00 704
0.153961 103.00 669
0.031746 10.00 315
0.752294 82.00 109

0.164557 26.00 158
0.247619 52.00 210
0.228823 208.00 909
0.792793 528.00 666
0.063218 11.00 174

0.337931 196.00 580
0.294574 38.00 129
0.363636 100.00 275
0.277496 164.00 591
0.229630 62.00 270

0.613076 572.00 933
0.072351 56.00 774
0.084270 15.00 178
0.634146 130.00 205
0.101695 12.00 118

0.179167 129.00 720
0.124011 47.00 379
0.312741 243.00 777
0.411371 123.00 299
0.473588 260.00 549

0.082803 13.00 157
0.267816 233.00 870
0.134276 114.00 849
0.855556 231.00 270
0.161111 29.00 180

0.212500 153.00 720
0.397059 216.00 544
0.284314 87.00 306
0.277567 73.00 263
0.327160 53.00 162

0.378205 354.00 936
0.250000 29.00 116
0.205674 29.00 141
0.154034 63.00 409
0.514019 110.00 214

0.276119 74.00 268
0.520468 178.00 342
0.365579 325.00 889
0.117949 23.00 195
0.219136 142.00 648

0.324519 135.00 416
0.211538 22.00 104
0.012821 2.00 156
0.497126 346.00 696
0.449454 329.00 732

0.327839 179.00 546
0.146853 21.00 143
0.287582 44.00 153
0.237500 38.00 160
0.498403 156.00 313

0.173913 100.00 575
0.403955 143.00 354
0.348811 308.00 883
0.445087 77.00 173
0.127451 13.00 102

0.229452 67.00 292
0.123894 14.00 113
0.216285 170.00 786
0.561508 283.00 504
0.370741 185.00 499

0.260714 73.00 280
0.501171 214.00 427
0.169231 22.00 130
0.227134 149.00 656
0.343305 241.00 702

0.363636 172.00 473
0.085714 9.00 105
0.697436 272.00 390
0.068259 20.00 293
0.278912 123.00 441

0.158879 17.00 107
0.301587 38.00 126
0.387500 93.00 240
0.575000 92.00 160
0.075556 17.00 225

0.138462 54.00 390
0.375989 285.00 758
0.810417 389.00 480
0.106383 25.00 235
0.066318 38.00 573

0.733333 363.00 495
0.130994 112.00 855
0.273504 32.00 117
0.164683 83.00 504
0.201448 167.00 829

0.328767 72.00 219
0.248780 51.00 205
0.495305 211.00 426
0.098214 33.00 336
0.323699 56.00 173

0.056954 43.00 755
0.464876 225.00 484
0.465839 300.00 644
0.454082 178.00 392
0.058957 26.00 441

0.011611 8.00 689
0.323367 292.00 903
0.042232 28.00 663
0.533679 103.00 193
0.590580 489.00 828

0.045113 12.00 266
0.190141 27.00 142
0.529740 285.00 538
0.093220 77.00 826
0.641791 172.00 268

0.076923 16.00 208
0.362934 188.00 518
0.377828 167.00 442
0.255034 76.00 298
0.425743 43.00 101

0.120000 45.00 375
0.037075 36.00 971
0.414322 162.00 391
0.085938 11.00 128
0.840580 174.00 207

0.080851 19.00 235
0.284404 31.00 109
0.116505 12.00 103
0.412668 215.00 521
0.611374 129.00 211

0.429688 55.00 128
0.020833 6.00 288
0.316750 191.00 603
0.394619 88.00 223
0.338710 42.00 124

0.340351 291.00 855
0.071429 12.00 168
0.334951 69.00 206
0.065789 20.00 304
0.687861 595.00 865

0.216028 62.00 287
0.150376 40.00 266
0.760956 191.00 251
0.099567 46.00 462
0.274869 105.00 382

0.165657 82.00 495
0.372197 83.00 223
0.682692 284.00 416
0.267829 169.00 631
0.011429 2.00 175

0.140684 74.00 526
0.882550 263.00 298
0.180791 32.00 177
0.202312 35.00 173
0.089974 35.00 389

0.173203 106.00 612
0.153226 19.00 124
0.004115 1.00 243
0.559441 80.00 143
0.614973 115.00 187

0.671698 178.00 265
0.199179 97.00 487
0.063636 7.00 110
0.524496 182.00 347
0.037915 24.00 633

0.242902 77.00 317
0.185000 148.00 800
0.348416 77.00 221
0.326923 34.00 104
0.397459 219.00 551

0.140060 93.00 664
0.673780 221.00 328
0.169291 43.00 254
0.242775 42.00 173
0.270000 27.00 100

0.160907 149.00 926
0.057692 30.00 520
0.123967 30.00 242
0.535163 312.00 583
0.621622 322.00 518

0.157718 47.00 298
0.297794 81.00 272
0.477707 225.00 471
0.337143 118.00 350
0.226974 69.00 304

0.161049 43.00 267
0.303665 116.00 382
0.018868 2.00 106
0.052734 27.00 512
0.958621 139.00 145

0.405841 403.00 993
0.369439 191.00 517
0.292308 38.00 130
0.385204 151.00 392
0.045455 5.00 110

0.478261 55.00 115
0.457259 337.00 737
0.018519 3.00 162
0.430435 99.00 230
0.111290 69.00 620

0.383178 82.00 214
0.100287 35.00 349
0.323864 114.00 352
0.666667 78.00 117
0.024570 10.00 407

0.324841 102.00 314
0.380328 116.00 305
0.445255 61.00 137
0.160000 28.00 175
0.188525 23.00 122

0.235751 182.00 772
0.271186 32.00 118
0.167665 28.00 167
0.751118 504.00 671
0.070288 22.00 313

0.107926 64.00 593
0.957020 668.00 698
0.148760 18.00 121
0.225403 126.00 559
0.057692 42.00 728

0.703704 418.00 594
0.047009 11.00 234
0.387955 277.00 714
0.213198 42.00 197
0.151414 91.00 601

0.086957 24.00 276
0.295455 52.00 176
0.412903 64.00 155
0.314845 193.00 613
0.390736 329.00 842

0.314815 34.00 108
0.085642 68.00 794
0.204545 27.00 132
0.501710 440.00 877
0.395604 72.00 182

0.295964 66.00 223
0.188841 88.00 466
0.135314 41.00 303
0.526237 351.00 667
0.358209 48.00 134

0.045455 6.00 132
0.452555 62.00 137
0.572212 313.00 547
0.325714 57.00 175
0.102041 30.00 294

0.306792 131.00 427
0.018519 4.00 216
0.279793 54.00 193
0.356546 128.00 359
0.539062 138.00 256

0.124464 29.00 233
0.839378 162.00 193
0.039801 16.00 402
0.300813 37.00 123
0.195312 100.00 512

0.219027 99.00 452
0.033526 29.00 865
0.168782 133.00 788
0.341991 158.00 462
0.736746 403.00 547

0.212587 152.00 715
0.203125 52.00 256
0.812183 160.00 197
0.078098 46.00 589
0.189189 21.00 111

0.192229 94.00 489
0.425101 210.00 494
0.180328 33.00 183
0.247863 87.00 351
0.454839 141.00 310

0.016234 5.00 308
0.414141 246.00 594
0.469342 421.00 897
0.528169 150.00 284
0.068917 49.00 711

0.242248 125.00 516
0.310345 279.00 899
0.321809 121.00 376
0.073171 15.00 205
0.550000 121.00 220

0.537415 79.00 147
0.099010 10.00 101
0.281780 266.00 944
0.261128 176.00 674
0.316514 69.00 218

0.109606 89.00 812
0.329787 124.00 376
0.391653 244.00 623
0.150943 16.00 106
0.516393 126.00 244

0.198529 27.00 136
0.424370 202.00 476
0.619145 608.00 982
0.237705 29.00 122
0.020958 14.00 668

0.703846 183.00 260
0.148148 92.00 621
0.048077 5.00 104
0.509456 431.00 846
0.092820 53.00 571

0.018293 3.00 164
0.099422 86.00 865
0.299270 41.00 137
0.491525 87.00 177
0.596899 77.00 129

0.237037 32.00 135
0.273810 115.00 420
0.621849 74.00 119
0.325499 277.00 851
0.039604 28.00 707

0.212157 178.00 839
0.592292 292.00 493
0.066176 9.00 136
0.116379 81.00 696
0.510763 261.00 511

0.886364 117.00 132
0.020344 13.00 639
0.235808 216.00 916
0.013699 2.00 146
0.342857 72.00 210

0.266385 126.00 473
0.492176 346.00 703
0.434426 212.00 488
0.125714 44.00 350
0.181467 141.00 777

0.350282 62.00 177
0.334365 108.00 323
0.293680 158.00 538
0.434959 107.00 246
0.086957 12.00 138

0.142157 29.00 204
0.126162 95.00 753
0.532143 149.00 280
0.141553 62.00 438
0.556150 104.00 187

0.386275 197.00 510
0.334294 116.00 347
0.283688 40.00 141
0.297521 36.00 121
0.200000 33.00 165

0.172917 83.00 480
0.083969 11.00 131
0.690407 475.00 688
0.342857 48.00 140
0.208385 169.00 811

0.028754 9.00 313
0.252149 88.00 349
0.260870 84.00 322
0.293785 52.00 177
0.663573 572.00 862

0.257053 82.00 319
0.100571 88.00 875
0.736518 478.00 649
0.236220 30.00 127
0.168919 25.00 148

0.110226 83.00 753
0.123188 17.00 138
0.556220 465.00 836
0.615385 104.00 169
0.095808 16.00 167

0.613350 487.00 794
0.390977 104.00 266
0.250000 86.00 344
0.123043 55.00 447
0.123367 85.00 689

0.125786 40.00 318
0.580645 306.00 527
0.058824 6.00 102
0.454094 183.00 403
0.276596 273.00 987

0.267442 46.00 172
0.575221 65.00 113
0.478261 77.00 161
0.153509 35.00 228
0.025974 6.00 231

0.739130 289.00 391
0.120000 12.00 100
0.359551 288.00 801
0.058154 46.00 791
0.227273 25.00 110

0.085399 31.00 363
0.623301 321.00 515
0.750000 120.00 160
0.007463 1.00 134
0.037037 10.00 270

0.107965 61.00 565
0.021631 13.00 601
0.675439 77.00 114
0.481343 129.00 268
0.213592 44.00 206

0.012557 11.00 876
0.283251 115.00 406
0.072235 32.00 443
0.798817 540.00 676
0.331776 213.00 642

0.030884 29.00 939
0.255973 75.00 293
0.163934 20.00 122
0.753623 312.00 414
0.294479 96.00 326

0.073276 51.00 696
0.167939 22.00 131
0.554562 310.00 559
0.414338 341.00 823
0.286783 115.00 401

0.569378 357.00 627
0.651786 73.00 112
0.160757 68.00 423
0.017544 2.00 114
0.101429 71.00 700

0.109570 79.00 721
0.519760 434.00 835
0.305677 70.00 229
0.483360 305.00 631
0.086667 13.00 150

0.069307 14.00 202
0.428131 417.00 974
0.263514 39.00 148
0.320574 201.00 627
0.420857 226.00 537

0.331429 116.00 350
0.745342 720.00 966
0.157434 108.00 686
0.152284 30.00 197
0.115909 51.00 440

0.499002 250.00 501
0.605697 404.00 667
0.090659 33.00 364
0.095745 18.00 188
0.209091 23.00 110

0.233456 127.00 544
0.775180 431.00 556
0.233613 139.00 595
0.227273 25.00 110
0.027933 10.00 358

0.388298 73.00 188
0.459662 245.00 533
0.258523 91.00 352
0.272727 99.00 363
0.119850 64.00 534

0.373563 195.00 522
0.681034 79.00 116
0.055000 11.00 200
0.214634 44.00 205
0.176101 28.00 159

0.120275 35.00 291
0.222222 116.00 522
0.435855 265.00 608
0.007335 3.00 409
0.714976 444.00 621

0.013986 2.00 143
0.041131 16.00 389
0.991424 578.00 583
0.182099 59.00 324
0.275000 88.00 320

0.376744 81.00 215
0.127962 27.00 211
0.137174 100.00 729
0.348578 282.00 809
0.507692 264.00 520

0.300971 31.00 103
0.042857 24.00 560
0.110345 16.00 145
0.330247 107.00 324
0.720339 85.00 118

0.269697 89.00 330
0.175879 35.00 199
0.040472 24.00 593
0.383607 117.00 305
0.629403 411.00 653

0.019718 7.00 355
0.316129 294.00 930
0.115942 16.00 138
0.678632 397.00 585
0.366972 40.00 109

0.129252 38.00 294
0.547619 207.00 378
0.687225 156.00 227
0.020690 3.00 145
0.111270 78.00 701

0.149338 79.00 529
0.566731 293.00 517
0.274336 31.00 113
0.396552 46.00 116
0.110000 11.00 100

0.197605 33.00 167
0.087533 66.00 754
0.463722 147.00 317
0.226950 32.00 141
0.525773 204.00 388

0.460411 314.00 682
0.492424 65.00 132
0.153548 119.00 775
0.108626 68.00 626
0.284468 163.00 573

0.302277 146.00 483
0.593301 124.00 209
0.015873 2.00 126
0.065217 24.00 368
0.521605 169.00 324

0.727273 488.00 671
0.096104 37.00 385
0.249666 187.00 749
0.010899 4.00 367
0.415698 286.00 688

0.817680 148.00 181
0.421622 312.00 740
0.155844 72.00 462
0.042802 11.00 257
0.062500 31.00 496

0.490066 74.00 151
0.010949 3.00 274
0.219512 108.00 492
0.474026 365.00 770
0.303704 82.00 270

0.132479 31.00 234
0.401869 86.00 214
0.136842 26.00 190
0.502451 205.00 408
0.333333 48.00 144

0.820433 265.00 323
0.068447 41.00 599
0.154206 33.00 214
0.386270 377.00 976
0.074199 44.00 593

0.508982 85.00 167
0.397993 357.00 897
0.125000 36.00 288
0.419271 322.00 768
0.046632 9.00 193

0.150735 41.00 272
0.776371 184.00 237
0.263514 39.00 148
0.165992 41.00 247
0.142631 90.00 631

0.013115 4.00 305
0.754209 224.00 297
0.289406 112.00 387
0.243636 134.00 550
0.201075 187.00 930

0.757895 216.00 285
0.267273 147.00 550
0.334928 70.00 209
0.016194 4.00 247
0.124493 92.00 739

0.134771 50.00 371
0.068404 21.00 307
0.597523 193.00 323
0.269608 55.00 204
0.427350 100.00 234

0.296254 261.00 881
0.032967 6.00 182
0.432836 232.00 536
0.526316 60.00 114
0.207018 118.00 570

0.250000 42.00 168
0.320911 155.00 483
0.336245 77.00 229
0.439948 337.00 766
0.154639 30.00 194

0.313433 42.00 134
0.073497 33.00 449
0.537223 534.00 994
0.425676 63.00 148
0.144016 71.00 493

0.785714 253.00 322
0.468278 465.00 993
0.112654 73.00 648
0.087500 63.00 720
0.045593 15.00 329

0.536913 240.00 447
0.297573 233.00 783
0.368231 102.00 277
0.259974 202.00 777
0.038585 24.00 622

0.432692 135.00 312
0.133333 34.00 255
0.617284 150.00 243
0.216216 200.00 925
0.099087 76.00 767

0.130208 50.00 384
0.216216 64.00 296
0.221239 25.00 113
0.635593 75.00 118
0.298361 182.00 610

0.012587 9.00 715
0.116732 30.00 257
0.508475 60.00 118
0.417910 364.00 871
0.448052 138.00 308

0.210000 126.00 600
0.280899 50.00 178
0.423154 212.00 501
0.259615 81.00 312
0.330798 87.00 263

0.687151 123.00 179
0.424779 48.00 113
0.006757 3.00 444
0.365854 165.00 451
0.020833 8.00 384

0.362187 159.00 439
0.398773 65.00 163
0.048507 13.00 268
0.517857 58.00 112
0.169118 69.00 408

0.140426 66.00 470
0.359813 77.00 214
0.868027 638.00 735
0.062600 39.00 623
0.066556 40.00 601

0.316901 45.00 142
0.842262 283.00 336
0.029268 6.00 205
0.238318 51.00 214
0.073171 57.00 779

0.235294 32.00 136
0.217712 118.00 542
0.469758 233.00 496
0.200000 30.00 150
0.375000 42.00 112

0.657534 144.00 219
0.138201 106.00 767
0.177285 64.00 361
0.432715 373.00 862
0.098214 11.00 112

0.198718 62.00 312
0.504026 313.00 621
0.285088 130.00 456
0.285956 169.00 591
0.224675 173.00 770

0.070175 8.00 114
0.408696 47.00 115
0.564593 236.00 418
0.053097 24.00 452
0.401639 147.00 366

0.726667 218.00 300
0.160410 47.00 293
0.089744 28.00 312
0.503876 130.00 258
0.020000 3.00 150

0.297297 33.00 111
0.002967 1.00 337
0.283951 46.00 162
0.041096 6.00 146
0.873684 332.00 380

0.133531 90.00 674
0.337209 58.00 172
0.030303 5.00 165
0.165605 156.00 942
0.836283 378.00 452

0.022044 22.00 998
0.718447 74.00 103
0.362550 91.00 251
0.231992 219.00 944
0.165242 58.00 351

0.085761 53.00 618
0.645238 271.00 420
0.633267 316.00 499
0.093878 46.00 490
0.044248 5.00 113

0.252688 94.00 372
0.239744 187.00 780
0.117438 99.00 843
0.762136 157.00 206
0.128986 89.00 690

0.350267 262.00 748
0.457726 157.00 343
0.470109 173.00 368
0.199522 167.00 837
0.019663 7.00 356

0.034384 12.00 349
0.244519 145.00 593
0.701493 94.00 134
0.048806 47.00 963
0.472419 334.00 707

0.094972 34.00 358
0.432692 45.00 104
0.530000 265.00 500
0.222222 54.00 243
0.222749 47.00 211

0.504744 266.00 527
0.292035 33.00 113
0.090206 35.00 388
0.478939 307.00 641
0.137184 38.00 277

0.338028 288.00 852
0.298507 40.00 134
0.450057 392.00 871
0.263941 71.00 269
0.155280 25.00 161

0.217143 76.00 350
0.085714 21.00 245
0.268293 77.00 287
0.747706 326.00 436
0.186620 53.00 284

0.088235 12.00 136
0.109091 18.00 165
0.225389 87.00 386
0.828054 366.00 442
0.246822 233.00 944

0.236967 50.00 211
0.226619 63.00 278
0.533981 165.00 309
0.125392 40.00 319
0.371951 61.00 164

0.666667 116.00 174
0.338129 94.00 278
0.084615 22.00 260
0.292453 31.00 106
0.120930 52.00 430

0.080851 19.00 235
0.453901 320.00 705
0.490196 50.00 102
0.158163 31.00 196
0.315948 315.00 997

0.438692 161.00 367
0.416822 223.00 535
0.064777 16.00 247
0.039735 36.00 906
0.538462 56.00 104

0.028662 9.00 314
0.130734 57.00 436
0.664659 331.00 498
0.190661 98.00 514
0.487685 198.00 406

0.643341 570.00 886
0.465565 169.00 363
0.195122 32.00 164
0.162832 92.00 565
0.033473 8.00 239

0.433498 88.00 203
0.020942 4.00 191
0.295082 36.00 122
0.187050 26.00 139
0.570652 105.00 184

0.066176 9.00 136
0.312500 50.00 160
0.300000 108.00 360
0.018116 5.00 276
0.797764 785.00 984

0.305369 91.00 298
0.588235 80.00 136
0.519139 217.00 418
0.049550 11.00 222
0.044944 12.00 267

0.073864 13.00 176
0.130000 26.00 200
0.626685 465.00 742
0.181070 44.00 243
0.490887 404.00 823

0.844000 211.00 250
0.095000 19.00 200
0.326969 137.00 419
0.002924 1.00 342
0.230236 166.00 721

0.275862 64.00 232
0.572115 119.00 208
0.250000 153.00 612
0.380952 160.00 420
0.025641 9.00 351

0.259563 95.00 366
0.495575 392.00 791
0.347732 161.00 463
0.284534 241.00 847
0.113022 46.00 407

0.537037 58.00 108
0.126866 17.00 134
0.237064 197.00 831
0.442748 58.00 131
0.153605 49.00 319

0.411215 176.00 428
0.384868 117.00 304
0.122807 105.00 855
0.426966 380.00 890
0.155131 65.00 419

0.187500 54.00 288
0.169742 92.00 542
0.679612 70.00 103
0.218418 185.00 847
0.250000 34.00 136

0.696532 241.00 346
0.072555 23.00 317
0.141414 28.00 198
0.095455 21.00 220
0.491184 390.00 794

0.201754 46.00 228
0.320710 271.00 845
0.729032 113.00 155
0.170569 51.00 299
0.076389 11.00 144

0.937500 165.00 176
0.380952 40.00 105
0.140000 35.00 250
0.003571 2.00 560
0.037736 10.00 265

0.353741 104.00 294
0.511222 205.00 401
0.024499 11.00 449
0.365306 179.00 490
0.247191 44.00 178

0.022472 12.00 534
0.264516 41.00 155
0.267035 145.00 543
0.042530 39.00 917
0.904959 438.00 484

0.713542 411.00 576
0.447917 258.00 576
0.251208 104.00 414
0.062500 26.00 416
0.024465 8.00 327

0.308511 87.00 282
0.309783 114.00 368
0.180412 35.00 194
0.666667 90.00 135
0.035578 28.00 787

0.120000 21.00 175
0.536820 503.00 937
0.580786 133.00 229
0.140511 77.00 548
0.124752 63.00 505

0.124096 103.00 830
0.170279 55.00 323
0.467005 184.00 394
0.710526 108.00 152
0.027254 13.00 477

0.176724 41.00 232
0.332198 195.00 587
0.800971 165.00 206
0.077551 38.00 490
0.109756 18.00 164

0.088000 55.00 625
0.600467 257.00 428
0.164948 32.00 194
0.589744 230.00 390
0.056747 45.00 793

0.038851 23.00 592
0.496107 446.00 899
0.880829 170.00 193
0.018349 2.00 109
0.071429 11.00 154

0.692661 302.00 436
0.078431 28.00 357
0.198394 173.00 872
0.155340 48.00 309
0.372781 63.00 169

0.410714 46.00 112
0.018519 3.00 162
0.188450 62.00 329
0.719512 177.00 246
0.167785 25.00 149

0.085756 59.00 688
0.225806 42.00 186
0.361111 39.00 108
0.624549 173.00 277
0.205479 30.00 146

0.496454 70.00 141
0.524590 64.00 122
0.114514 86.00 751
0.337634 314.00 930
0.023085 22.00 953

0.765568 418.00 546
0.188119 19.00 101
0.120332 29.00 241
0.123223 26.00 211
0.298969 58.00 194

0.029570 11.00 372
0.866131 647.00 747
0.063025 15.00 238
0.311346 236.00 758
0.228733 121.00 529

0.456716 153.00 335
0.087629 17.00 194
0.779863 457.00 586
0.128023 90.00 703
0.045669 29.00 635

0.682503 589.00 863
0.328976 151.00 459
0.059453 50.00 841
0.104396 38.00 364
0.323171 53.00 164

0.160656 98.00 610
0.267016 51.00 191
0.532934 267.00 501
0.450915 271.00 601
0.087542 52.00 594

0.393365 83.00 211
0.166490 157.00 943
0.054598 19.00 348
0.483029 185.00 383
0.405844 125.00 308

0.020060 20.00 997
0.120690 14.00 116
0.786982 133.00 169
0.323741 45.00 139
0.254980 64.00 251

0.579853 236.00 407
0.022989 4.00 174
0.382199 73.00 191
0.251220 206.00 820
0.266382 187.00 702

0.464752 178.00 383
0.289362 68.00 235
0.017778 4.00 225
0.174721 141.00 807
0.553619 413.00 746

0.613636 216.00 352
0.235233 227.00 965
0.119497 19.00 159
0.236434 61.00 258
0.293893 77.00 262

0.087719 25.00 285
0.735632 192.00 261
0.489412 208.00 425
0.178082 78.00 438
0.006006 2.00 333

0.110145 38.00 345
0.028008 27.00 964
0.600962 125.00 208
0.702857 123.00 175
0.056180 40.00 712

0.210634 206.00 978
0.726087 167.00 230
0.009274 6.00 647
0.395349 68.00 172
0.160000 24.00 150

0.605405 112.00 185
0.054717 29.00 530
0.762069 221.00 290
0.048331 42.00 869
0.030303 22.00 726

0.165803 64.00 386
0.546961 198.00 362
0.239437 34.00 142
0.108333 26.00 240
0.438163 124.00 283

0.442757 379.00 856
0.545347 463.00 849
0.011086 10.00 902
0.057034 15.00 263
0.442308 92.00 208

0.342857 60.00 175
0.337778 152.00 450
0.048387 15.00 310
0.364286 51.00 140
0.406250 78.00 192

0.445026 340.00 764
0.730159 92.00 126
0.064588 29.00 449
0.009901 1.00 101
0.255102 75.00 294

0.256039 53.00 207
0.192405 76.00 395
0.355556 48.00 135
0.284024 48.00 169
0.415094 44.00 106

0.047465 44.00 927
0.324324 36.00 111
0.677686 246.00 363
0.350962 219.00 624
0.102564 32.00 312

0.927419 115.00 124
0.284289 114.00 401
0.173729 41.00 236
0.007752 1.00 129
0.104218 42.00 403

0.312201 261.00 836
0.059659 42.00 704
0.438650 143.00 326
0.100313 32.00 319
0.589286 99.00 168

0.037681 13.00 345
0.630412 597.00 947
0.183007 56.00 306
0.079295 18.00 227
0.569277 189.00 332

0.263021 101.00 384
0.382114 94.00 246
0.293706 42.00 143
0.002481 1.00 403
0.562044 77.00 137

0.274545 151.00 550
0.037037 6.00 162
0.012766 3.00 235
0.695556 626.00 900
0.474308 120.00 253

0.032258 8.00 248
0.976190 246.00 252
0.324561 74.00 228
0.032023 22.00 687
0.134783 31.00 230

0.331992 165.00 497
0.010870 10.00 920
0.438298 103.00 235
0.224242 74.00 330
0.495697 288.00 581

0.440092 382.00 868
0.030471 11.00 361
0.251429 44.00 175
0.400000 58.00 145
0.384075 164.00 427

0.032864 7.00 213
0.348291 163.00 468
0.043478 5.00 115
0.719844 185.00 257
0.358974 154.00 429

0.203297 74.00 364
0.264175 205.00 776
0.112022 82.00 732
0.514815 278.00 540
0.407982 184.00 451

0.108511 51.00 470
0.830700 368.00 443
0.109948 21.00 191
0.432526 250.00 578
0.017964 12.00 668

0.007246 1.00 138
0.643411 332.00 516
0.079137 11.00 139
0.345865 46.00 133
0.424390 87.00 205

0.081761 26.00 318
0.169643 19.00 112
0.231884 48.00 207
0.040984 25.00 610
0.978102 134.00 137

0.333333 159.00 477
0.598854 418.00 698
0.123016 31.00 252
0.176991 20.00 113
0.265136 254.00 958

0.199399 199.00 998
0.177503 172.00 969
0.572581 284.00 496
0.394410 127.00 322
0.157552 121.00 768

0.318865 191.00 599
0.083072 53.00 638
0.747051 570.00 763
0.267717 68.00 254
0.083906 61.00 727

0.127119 15.00 118
0.251462 43.00 171
0.842451 385.00 457
0.096000 12.00 125
0.182578 153.00 838

0.203310 86.00 423
0.362772 267.00 736
0.160804 128.00 796
0.202723 134.00 661
0.572917 165.00 288

0.141732 18.00 127
0.622601 292.00 469
0.507782 261.00 514
0.030060 15.00 499
0.198198 22.00 111

0.510638 72.00 141
0.216814 147.00 678
0.330120 137.00 415
0.094188 94.00 998
0.351351 182.00 518

0.414634 102.00 246
0.111374 47.00 422
0.316901 45.00 142
0.410714 138.00 336
0.250000 55.00 220

0.265487 30.00 113
0.370558 73.00 197
0.180785 175.00 968
0.410526 234.00 570
0.274914 240.00 873

0.351634 269.00 765
0.304069 142.00 467
0.090395 16.00 177
0.619048 273.00 441
0.131115 67.00 511

0.257075 109.00 424
0.079300 77.00 971
0.261538 34.00 130
0.051360 34.00 662
0.849398 141.00 166

0.167883 46.00 274
0.617978 165.00 267
0.184176 142.00 771
0.478261 88.00 184
0.045783 19.00 415

0.667064 559.00 838
0.142857 36.00 252
0.414487 206.00 497
0.242568 204.00 841
0.034621 26.00 751

0.130901 61.00 466
0.087948 27.00 307
0.112450 28.00 249
0.558635 262.00 469
0.608939 109.00 179

0.424528 135.00 318
0.545455 360.00 660
0.394595 73.00 185
0.025773 10.00 388
0.112903 14.00 124

0.111588 26.00 233
0.227723 23.00 101
0.478842 215.00 449
0.171186 101.00 590
0.507987 159.00 313

0.115702 14.00 121
0.603015 120.00 199
0.341085 44.00 129
0.354839 66.00 186
0.084175 25.00 297

0.431591 388.00 899
0.217670 170.00 781
0.226277 31.00 137
0.442387 215.00 486
0.176471 93.00 527

0.230769 120.00 520
0.203757 141.00 692
0.361702 136.00 376
0.105785 64.00 605
0.597015 120.00 201

0.793548 369.00 465
0.084337 14.00 166
0.197248 43.00 218
0.029851 4.00 134
0.394495 43.00 109

0.012295 3.00 244
0.766082 131.00 171
0.060423 20.00 331
0.641667 77.00 120
0.019694 9.00 457

0.308465 215.00 697
0.769912 87.00 113
0.044321 16.00 361
0.088099 57.00 647
0.295302 44.00 149

0.219565 101.00 460
0.405660 129.00 318
0.192825 43.00 223
0.166667 20.00 120
0.512658 81.00 158

0.120000 72.00 600
0.646281 391.00 605
0.540856 278.00 514
0.183908 32.00 174
0.007590 4.00 527

0.391393 382.00 976
0.008850 1.00 113
0.594805 229.00 385
0.122581 19.00 155
0.379974 296.00 779

0.439394 58.00 132
0.050725 14.00 276
0.027027 3.00 111
0.852905 690.00 809
0.129893 73.00 562

0.306977 66.00 215
0.102970 52.00 505
0.109244 13.00 119
0.030769 6.00 195
0.953237 530.00 556

0.555000 333.00 600
0.059278 23.00 388
0.440191 276.00 627
0.200000 30.00 150
0.248927 58.00 233

0.647482 180.00 278
0.323490 241.00 745
0.337607 158.00 468
0.070552 23.00 326
0.123750 99.00 800

0.854191 744.00 871
0.080727 80.00 991
0.076628 40.00 522
0.049587 12.00 242
0.439471 432.00 983

0.339623 36.00 106
0.535294 91.00 170
0.291262 270.00 927
0.270000 27.00 100
0.067164 9.00 134

0.380597 153.00 402
0.090517 21.00 232
0.245763 232.00 944
0.735043 86.00 117
0.050000 19.00 380

0.066265 11.00 166
0.594697 471.00 792
0.201681 24.00 119
0.205479 45.00 219
0.430380 102.00 237

0.366906 153.00 417
0.044625 22.00 493
0.043716 8.00 183
0.871046 716.00 822
0.169654 142.00 837

0.449675 277.00 616
0.183746 52.00 283
0.015674 5.00 319
0.587940 234.00 398
0.263238 174.00 661

0.430279 108.00 251
0.712000 89.00 125
0.010893 5.00 459
0.001508 1.00 663
0.348432 100.00 287

0.612637 223.00 364
0.125000 13.00 104
0.127660 18.00 141
0.256579 39.00 152
0.378378 42.00 111

0.083871 13.00 155
0.562500 198.00 352
0.272997 92.00 337
0.381356 180.00 472
0.195489 26.00 133

0.299435 53.00 177
0.118644 21.00 177
0.080292 11.00 137
0.947619 597.00 630
0.056180 10.00 178

0.321918 282.00 876
0.309623 222.00 717
0.233645 25.00 107
0.270270 30.00 111
0.361314 198.00 548

0.527363 106.00 201
0.068293 14.00 205
0.288278 241.00 836
0.077801 75.00 964
0.536585 66.00 123

0.672794 366.00 544
0.196455 133.00 677
0.108984 74.00 679
0.161695 103.00 637
0.360360 120.00 333

0.312263 247.00 791
0.213235 174.00 816
0.702128 528.00 752
0.008715 4.00 459
0.263903 261.00 989

0.427184 44.00 103
0.226804 44.00 194
0.536765 73.00 136
0.291667 63.00 216
0.016129 9.00 558

0.115385 18.00 156
0.089015 47.00 528
0.443114 148.00 334
0.347032 76.00 219
0.500000 82.00 164

0.281150 88.00 313
0.029091 8.00 275
0.443149 152.00 343
0.363415 149.00 410
0.384000 48.00 125

0.102138 86.00 842
0.329897 64.00 194
0.519084 272.00 524
0.068571 12.00 175
0.477848 453.00 948

0.188525 23.00 122
0.121563 84.00 691
0.038194 11.00 288
0.452055 132.00 292
0.698391 521.00 746

0.905512 230.00 254
0.181070 132.00 729
0.005626 4.00 711
0.074576 22.00 295
0.333710 295.00 884

0.205156 191.00 931
0.477545 319.00 668
0.109453 22.00 201
0.578475 129.00 223
0.128514 32.00 249

0.052632 8.00 152
0.220708 162.00 734
0.792453 294.00 371
0.278481 66.00 237
0.155756 69.00 443

0.317152 98.00 309
0.434211 66.00 152
0.552632 84.00 152
0.098182 27.00 275
0.097087 10.00 103

0.121951 15.00 123
0.248201 138.00 556
0.362205 46.00 127
0.619672 189.00 305
0.151282 59.00 390

0.508197 279.00 549
0.270668 239.00 883
0.016129 2.00 124
0.485000 485.00 1000
0.222222 40.00 180

0.634276 359.00 566
0.234375 30.00 128
0.169867 115.00 677
0.382609 44.00 115
0.081670 45.00 551

0.256250 82.00 320
0.365449 110.00 301
0.273016 86.00 315
0.182609 84.00 460
0.422535 60.00 142

0.790625 253.00 320
0.246667 148.00 600
0.106195 12.00 113
0.102222 23.00 225
0.255162 173.00 678

0.349345 80.00 229
0.223464 80.00 358
0.086207 10.00 116
0.403429 353.00 875
0.440415 85.00 193

0.287770 80.00 278
0.060241 10.00 166
0.621762 120.00 193
0.400000 70.00 175
0.130435 63.00 483

0.194561 186.00 956
0.043478 5.00 115
0.951613 118.00 124
0.253425 74.00 292
0.057644 23.00 399

0.377475 305.00 808
0.522193 200.00 383
0.362832 41.00 113
0.229008 60.00 262
0.010225 5.00 489

0.046980 14.00 298
0.379747 360.00 948
0.267692 174.00 650
0.210000 21.00 100
0.590551 150.00 254

0.264085 75.00 284
0.282051 88.00 312
0.662810 401.00 605
0.269744 263.00 975
0.021672 14.00 646

0.581602 196.00 337
0.027778 4.00 144
0.408416 165.00 404
0.219298 25.00 114
0.260241 216.00 830

0.176812 61.00 345
0.446499 338.00 757
0.044983 13.00 289
0.370466 143.00 386
0.463415 76.00 164

0.346008 182.00 526
0.512456 288.00 562
0.273224 50.00 183
0.350575 61.00 174
0.016580 16.00 965

0.119118 81.00 680
0.207547 22.00 106
0.090909 26.00 286
0.930736 430.00 462
0.149091 41.00 275

0.088101 77.00 874
0.115619 57.00 493
0.006565 6.00 914
0.526316 190.00 361
0.762431 138.00 181

0.460123 150.00 326
0.137931 16.00 116
0.697309 311.00 446
0.147059 20.00 136
0.061069 8.00 131

0.421558 395.00 937
0.236422 74.00 313
0.110855 96.00 866
0.017884 12.00 671
0.713768 197.00 276

0.356383 134.00 376
0.275338 163.00 592
0.170789 145.00 849
0.595122 488.00 820
0.100000 13.00 130

0.226891 27.00 119
0.050360 7.00 139
0.944099 152.00 161
0.203125 117.00 576
0.075051 37.00 493

0.679225 631.00 929
0.368243 109.00 296
0.209195 182.00 870
0.203704 22.00 108
0.039301 9.00 229

0.643908 613.00 952
0.095745 45.00 470
0.215596 94.00 436
0.276923 72.00 260
0.268519 116.00 432

0.489286 137.00 280
0.288462 30.00 104
0.020631 17.00 824
0.036145 21.00 581
0.667861 559.00 837

0.212996 118.00 554
0.265583 98.00 369
0.162791 35.00 215
0.099099 99.00 999
0.757225 262.00 346

0.127083 61.00 480
0.434211 99.00 228
0.096970 16.00 165
0.205128 24.00 117
0.638614 129.00 202

0.009494 3.00 316
0.630769 82.00 130
0.441558 102.00 231
0.404494 72.00 178
0.008000 1.00 125

0.616162 122.00 198
0.272251 52.00 191
0.175487 126.00 718
0.099010 10.00 101
0.344142 329.00 956

0.290909 48.00 165
0.474684 75.00 158
0.044586 7.00 157
0.036290 36.00 992
0.654564 631.00 964

0.079646 9.00 113
0.556250 89.00 160
0.174147 97.00 557
0.316038 67.00 212
0.376249 339.00 901

0.849057 135.00 159
0.196296 53.00 270
0.098396 92.00 935
0.134615 56.00 416
0.225256 132.00 586

0.298077 62.00 208
0.708029 97.00 137
0.369963 303.00 819
0.019058 17.00 892
0.103053 27.00 262

0.113565 36.00 317
0.073394 8.00 109
0.064286 9.00 140
0.581267 211.00 363
0.661765 90.00 136

0.341463 70.00 205
0.646186 305.00 472
0.024460 17.00 695
0.004292 1.00 233
0.480447 344.00 716

0.100610 33.00 328
0.385744 184.00 477
0.419847 55.00 131
0.095442 67.00 702
0.500000 61.00 122

0.094637 30.00 317
0.601751 275.00 457
0.098160 64.00 652
0.564607 201.00 356
0.142458 51.00 358

0.068528 27.00 394
0.475610 78.00 164
0.121780 52.00 427
0.489467 395.00 807
0.344671 152.00 441

0.006135 2.00 326
0.250890 141.00 562
0.159664 57.00 357
0.741453 694.00 936
0.341346 213.00 624

0.115108 16.00 139
0.223317 136.00 609
0.327869 40.00 122
0.179435 89.00 496
0.651316 594.00 912

0.200974 165.00 821
0.112971 27.00 239
0.476712 174.00 365
0.132075 14.00 106
0.578526 361.00 624

0.436963 305.00 698
0.080925 14.00 173
0.440000 55.00 125
0.460699 422.00 916
0.076923 29.00 377

0.097222 14.00 144
0.381188 154.00 404
0.067797 16.00 236
0.811382 499.00 615
0.141414 42.00 297

0.380855 374.00 982
0.098039 10.00 102
0.121495 13.00 107
0.637149 295.00 463
0.270492 99.00 366

0.025510 5.00 196
0.372881 44.00 118
0.525581 339.00 645
0.350136 257.00 734
0.223301 46.00 206

0.226537 140.00 618
0.005181 1.00 193
0.402740 147.00 365
0.159664 19.00 119
0.708882 431.00 608

0.163636 18.00 110
0.759259 82.00 108
0.114035 13.00 114
0.203571 171.00 840
0.263006 91.00 346

0.450734 215.00 477
0.484305 108.00 223
0.508554 327.00 643
0.045139 13.00 288
0.010610 4.00 377

0.681818 75.00 110
0.473684 207.00 437
0.011236 4.00 356
0.064516 40.00 620
0.270047 229.00 848

0.412950 287.00 695
0.218992 113.00 516
0.060080 45.00 749
0.098330 53.00 539
0.709337 471.00 664

0.292599 170.00 581
0.016588 7.00 422
0.410405 213.00 519
0.052052 52.00 999
0.729345 256.00 351

0.083551 32.00 383
0.286713 41.00 143
0.372727 205.00 550
0.552632 252.00 456
0.202128 57.00 282

0.106322 37.00 348
0.502496 302.00 601
0.093275 43.00 461
0.117562 81.00 689
0.678984 294.00 433

0.294776 79.00 268
0.361854 203.00 561
0.022222 6.00 270
0.602086 404.00 671
0.219439 219.00 998

0.022936 5.00 218
0.487500 117.00 240
0.252302 137.00 543
0.641618 444.00 692
0.094633 67.00 708

0.105485 25.00 237
0.021390 8.00 374
0.677333 254.00 375
0.149733 56.00 374
0.542857 209.00 385

0.171745 62.00 361
0.333333 112.00 336
0.246753 57.00 231
0.601562 77.00 128
0.144366 41.00 284

0.230769 39.00 169
0.687151 246.00 358
0.056604 6.00 106
0.215768 52.00 241
0.305714 107.00 350

0.286104 105.00 367
0.267123 78.00 292
0.559917 271.00 484
0.072258 56.00 775
0.313776 246.00 784

0.241993 68.00 281
0.103093 30.00 291
0.425311 205.00 482
0.216216 216.00 999
0.509615 53.00 104

0.157459 57.00 362
0.574194 89.00 155
0.064767 25.00 386
0.664000 83.00 125
0.039216 6.00 153

0.736842 140.00 190
0.167273 46.00 275
0.439252 235.00 535
0.027228 11.00 404
0.123506 31.00 251

0.149660 44.00 294
0.283186 32.00 113
0.512195 315.00 615
0.067669 27.00 399
0.491686 207.00 421

0.142857 99.00 693
0.312500 40.00 128
0.069565 16.00 230
0.240803 72.00 299
0.731518 188.00 257

0.407932 144.00 353
0.235294 52.00 221
0.167183 54.00 323
0.479424 233.00 486
0.211268 60.00 284

0.452459 138.00 305
0.091667 22.00 240
0.268763 265.00 986
0.234619 225.00 959
0.454545 65.00 143

0.231358 121.00 523
0.472036 422.00 894
0.219298 150.00 684
0.116505 12.00 103
0.465830 334.00 717

0.389313 204.00 524
0.464567 59.00 127
0.028571 3.00 105
0.383784 71.00 185
0.238994 38.00 159

0.203747 87.00 427
0.012295 3.00 244
0.331978 245.00 738
0.296667 89.00 300
0.656347 212.00 323

0.367459 201.00 547
0.328652 117.00 356
0.122449 24.00 196
0.113365 95.00 838
0.566781 331.00 584

0.360976 74.00 205
0.142241 33.00 232
0.131250 42.00 320
0.306011 168.00 549
0.557143 234.00 420

0.465714 163.00 350
0.142353 121.00 850
0.657439 190.00 289
0.161826 39.00 241
0.069652 56.00 804

0.041958 6.00 143
0.053435 14.00 262
0.051495 31.00 602
0.456647 79.00 173
0.897690 272.00 303

0.018443 9.00 488
0.931850 670.00 719
0.132184 23.00 174
0.360248 116.00 322
0.054933 49.00 892

0.029240 5.00 171
0.031447 5.00 159
0.219780 40.00 182
0.738095 93.00 126
0.477979 369.00 772

0.116689 86.00 737
0.025424 3.00 118
0.014286 5.00 350
0.835079 319.00 382
0.508333 122.00 240

0.329377 111.00 337
0.240850 204.00 847
0.086207 10.00 116
0.531981 341.00 641
0.312849 56.00 179

0.073733 16.00 217
0.292683 168.00 574
0.511905 86.00 168
0.392857 110.00 280
0.227405 78.00 343

0.113636 45.00 396
0.113990 22.00 193
0.888412 207.00 233
0.230000 46.00 200
0.156805 53.00 338

0.677885 141.00 208
0.061966 29.00 468
0.689956 316.00 458
0.026490 12.00 453
0.042254 36.00 852

0.109541 31.00 283
0.602968 325.00 539
0.097473 27.00 277
0.387560 243.00 627
0.300752 40.00 133

0.398467 104.00 261
0.331579 63.00 190
0.246622 219.00 888
0.268293 132.00 492
0.253333 38.00 150

0.224832 201.00 894
0.196203 31.00 158
0.092486 16.00 173
0.284000 213.00 750
0.696000 87.00 125

0.462585 204.00 441
0.445312 57.00 128
0.096386 32.00 332
0.403670 44.00 109
0.091743 40.00 436

0.848249 218.00 257
0.491803 270.00 549
0.051546 10.00 194
0.067024 25.00 373
0.040323 10.00 248

0.082707 11.00 133
0.288000 36.00 125
0.185907 124.00 667
0.087379 9.00 103
0.851171 509.00 598

0.633437 610.00 963
0.165629 133.00 803
0.056522 13.00 230
0.289421 145.00 501
0.355311 97.00 273

0.005168 4.00 774
0.469333 176.00 375
0.017544 2.00 114
0.753754 251.00 333
0.253546 143.00 564

0.102857 18.00 175
0.105714 37.00 350
0.138889 25.00 180
0.506122 124.00 245
0.642857 198.00 308

0.252427 26.00 103
0.177152 107.00 604
0.255859 131.00 512
0.181965 113.00 621
0.625641 122.00 195

0.008081 4.00 495
0.614973 115.00 187
0.027027 3.00 111
0.645161 100.00 155
0.203980 123.00 603

0.435065 67.00 154
0.149383 121.00 810
0.084608 83.00 981
0.750000 138.00 184
0.078979 65.00 823

0.004175 2.00 479
0.222707 51.00 229
0.223622 142.00 635
0.864776 793.00 917
0.185520 82.00 442

0.532710 513.00 963
0.223140 27.00 121
0.250000 42.00 168
0.116667 35.00 300
0.378641 78.00 206

0.662252 100.00 151
0.019737 3.00 152
0.257812 33.00 128
0.328748 239.00 727
0.230337 164.00 712

0.504425 57.00 113
0.669903 69.00 103
0.018519 11.00 594
0.207746 59.00 284
0.097938 38.00 388

0.772727 119.00 154
0.100000 10.00 100
0.390625 50.00 128
0.045936 13.00 283
0.191304 22.00 115

0.322993 177.00 548
0.009756 2.00 205
0.466102 110.00 236
0.279310 81.00 290
0.421488 51.00 121

0.127451 13.00 102
0.189427 43.00 227
0.129568 78.00 602
0.721348 642.00 890
0.331313 164.00 495

0.349515 36.00 103
0.576389 166.00 288
0.147404 88.00 597
0.383178 41.00 107
0.045627 36.00 789

0.663366 67.00 101
0.139073 21.00 151
0.194215 47.00 242
0.207071 41.00 198
0.295238 31.00 105

0.273109 260.00 952
0.580952 61.00 105
0.035242 8.00 227
0.253112 122.00 482
0.356061 47.00 132

0.507576 67.00 132
0.050847 18.00 354
0.075581 13.00 172
0.766962 260.00 339
0.098692 83.00 841

0.478343 254.00 531
0.302013 45.00 149
0.117117 39.00 333
0.062771 58.00 924
0.542683 89.00 164

0.226190 57.00 252
0.471845 243.00 515
0.382184 133.00 348
0.167048 146.00 874
0.254620 124.00 487

0.184615 24.00 130
0.456274 120.00 263
0.254902 143.00 561
0.444848 367.00 825
0.161111 29.00 180

0.091153 68.00 746
0.121593 58.00 477
0.306273 83.00 271
0.287129 29.00 101
0.696356 172.00 247

0.057878 18.00 311
0.700000 259.00 370
0.203046 40.00 197
0.369261 185.00 501
0.173228 22.00 127

0.057143 6.00 105
0.001736 1.00 576
0.402490 97.00 241
0.806122 158.00 196
0.227557 109.00 479

0.562016 435.00 774
0.298113 158.00 530
0.231405 28.00 121
0.035382 19.00 537
0.370892 316.00 852

0.160000 24.00 150
0.180921 55.00 304
0.170000 34.00 200
0.786885 96.00 122
0.201913 190.00 941

0.333333 68.00 204
0.162393 19.00 117
0.483871 105.00 217
0.316667 38.00 120
0.201923 21.00 104

0.430493 96.00 223
0.213287 61.00 286
0.189549 185.00 976
0.220755 117.00 530
0.445175 203.00 456

0.301676 54.00 179
0.279221 43.00 154
0.053648 25.00 466
0.710983 123.00 173
0.146789 32.00 218

0.948571 166.00 175
0.078341 17.00 217
0.221636 84.00 379
0.194175 20.00 103
0.065375 27.00 413

0.083135 35.00 421
0.675485 383.00 567
0.349515 36.00 103
0.370370 40.00 108
0.025878 14.00 541

0.165094 70.00 424
0.724558 655.00 904
0.015152 2.00 132
0.560440 153.00 273
0.030534 4.00 131

0.017045 12.00 704
0.052980 8.00 151
0.169399 124.00 732
0.904762 589.00 651
0.355705 53.00 149

0.138067 70.00 507
0.953846 310.00 325
0.006944 1.00 144
0.331572 251.00 757
0.074257 15.00 202

0.305785 37.00 121
0.186528 36.00 193
0.320069 185.00 578
0.433566 62.00 143
0.251572 40.00 159

0.102410 17.00 166
0.633562 185.00 292
0.397790 72.00 181
0.023438 21.00 896
0.344920 258.00 748

0.673716 223.00 331
0.214575 159.00 741
0.475410 58.00 122
0.088608 21.00 237
0.049853 17.00 341

0.064815 7.00 108
0.225352 32.00 142
0.089989 80.00 889
0.379070 163.00 430
0.746398 259.00 347

0.305147 83.00 272
0.042199 33.00 782
0.921569 376.00 408
0.189258 148.00 782
0.046296 10.00 216

0.602837 170.00 282
0.230088 26.00 113
0.121019 19.00 157
0.445755 378.00 848
0.095041 23.00 242

0.013158 2.00 152
0.049310 25.00 507
0.731454 493.00 674
0.300654 46.00 153
0.407692 159.00 390

0.057803 10.00 173
0.243697 29.00 119
0.410390 158.00 385
0.226562 29.00 128
0.566667 102.00 180

0.776923 101.00 130
0.023622 3.00 127
0.117133 67.00 572
0.239186 94.00 393
0.340782 61.00 179

0.241158 75.00 311
0.032946 17.00 516
0.266223 160.00 601
0.264151 112.00 424
0.695444 290.00 417

0.804921 458.00 569
0.176471 18.00 102
0.209459 31.00 148
0.230576 92.00 399
0.087379 9.00 103

0.200514 78.00 389
0.006711 1.00 149
0.838420 467.00 557
0.411765 42.00 102
0.045147 20.00 443

0.027523 3.00 109
0.344697 182.00 528
0.236000 177.00 750
0.020000 3.00 150
0.873874 97.00 111

0.127820 68.00 532
0.404908 66.00 163
0.763415 313.00 410
0.088949 66.00 742
0.116816 91.00 779

0.183673 27.00 147
0.240887 152.00 631
0.412145 319.00 774
0.316456 200.00 632
0.349275 241.00 690

0.144444 39.00 270
0.087591 24.00 274
0.381612 303.00 794
0.158228 25.00 158
0.732187 298.00 407

0.040323 5.00 124
0.251852 34.00 135
0.376238 38.00 101
0.208134 87.00 418
0.623656 174.00 279

0.085020 84.00 988
0.332096 179.00 539
0.120921 63.00 521
0.662037 143.00 216
0.298387 37.00 124

0.617925 131.00 212
0.323792 181.00 559
0.091860 79.00 860
0.393443 120.00 305
0.073529 10.00 136

0.160920 28.00 174
0.375000 114.00 304
0.284360 60.00 211
0.303763 226.00 744
0.374289 329.00 879

0.122302 17.00 139
0.210341 179.00 851
0.292929 58.00 198
0.676372 604.00 893
0.201461 193.00 958

0.354839 77.00 217
0.316742 70.00 221
0.331897 77.00 232
0.418182 92.00 220
0.074271 56.00 754

0.111111 63.00 567
0.684211 676.00 988
0.225806 91.00 403
0.174056 106.00 609
0.302521 108.00 357

0.319468 192.00 601
0.619910 411.00 663
0.170347 108.00 634
0.110565 45.00 407
0.281081 52.00 185

0.200514 156.00 778
0.053488 23.00 430
0.311475 38.00 122
0.340557 110.00 323
0.596358 393.00 659

0.365204 233.00 638
0.926489 731.00 789
0.093023 24.00 258
0.040146 11.00 274
0.071839 25.00 348

0.358491 57.00 159
0.100109 92.00 919
0.713018 241.00 338
0.200000 36.00 180
0.129412 77.00 595

0.018771 11.00 586
0.326590 113.00 346
0.079581 76.00 955
0.204819 34.00 166
0.870576 861.00 989

0.178404 38.00 213
0.077295 16.00 207
0.268759 197.00 733
0.026820 7.00 261
0.952000 119.00 125

0.171875 22.00 128
0.292035 33.00 113
0.667178 435.00 652
0.069672 17.00 244
0.302817 43.00 142

0.516287 317.00 614
0.049708 17.00 342
0.041667 8.00 192
0.266667 120.00 450
0.629032 78.00 124

0.219298 25.00 114
0.173333 26.00 150
0.036176 14.00 387
0.134036 89.00 664
0.941176 96.00 102

0.422705 175.00 414
0.142157 29.00 204
0.346320 80.00 231
0.381295 265.00 695
0.208054 124.00 596

0.464953 199.00 428
0.117117 13.00 111
0.200000 20.00 100
0.452421 271.00 599
0.270270 30.00 111

0.198649 147.00 740
0.113636 20.00 176
0.181495 102.00 562
0.636508 401.00 630
0.371007 151.00 407

0.500000 54.00 108
0.296512 153.00 516
0.280000 49.00 175
0.350168 104.00 297
0.072727 16.00 220

0.855210 632.00 739
0.150754 30.00 199
0.078189 38.00 486
0.125475 99.00 789
0.292330 202.00 691

0.285211 81.00 284
0.327181 195.00 596
0.135177 88.00 651
0.387850 83.00 214
0.365672 49.00 134

0.807453 260.00 322
0.153110 32.00 209
0.237443 52.00 219
0.156733 71.00 453
0.147059 55.00 374

0.046875 9.00 192
0.384146 126.00 328
0.274648 39.00 142
0.684298 414.00 605
0.109489 15.00 137

0.681159 94.00 138
0.095541 15.00 157
0.126168 27.00 214
0.455901 367.00 805
0.143258 51.00 356

0.014013 11.00 785
0.419355 52.00 124
0.269068 127.00 472
0.756098 217.00 287
0.044335 9.00 203

0.338710 63.00 186
0.083916 24.00 286
0.615819 109.00 177
0.121447 47.00 387
0.344037 75.00 218

0.380240 127.00 334
0.348148 188.00 540
0.024590 3.00 122
0.355072 49.00 138
0.390710 143.00 366

0.131579 20.00 152
0.594249 186.00 313
0.089796 22.00 245
0.613636 81.00 132
0.072581 9.00 124

0.487923 101.00 207
0.132605 85.00 641
0.367925 78.00 212
0.322957 166.00 514
0.187328 68.00 363

0.054962 36.00 655
0.040665 22.00 541
0.962963 416.00 432
0.082000 41.00 500
0.360875 297.00 823

0.155251 34.00 219
0.180049 74.00 411
0.844828 343.00 406
0.233871 29.00 124
0.086849 70.00 806

0.280702 64.00 228
0.328431 67.00 204
0.819788 696.00 849
0.053528 22.00 411
0.016598 12.00 723

0.120930 26.00 215
0.576336 151.00 262
0.184818 56.00 303
0.004785 1.00 209
0.613542 589.00 960

0.136364 18.00 132
0.823256 177.00 215
0.148936 21.00 141
0.186246 65.00 349
0.207547 22.00 106

0.475501 427.00 898
0.416667 95.00 228
0.263441 49.00 186
0.095745 18.00 188
0.248009 218.00 879

0.455172 66.00 145
0.030242 15.00 496
0.441624 174.00 394
0.530888 275.00 518
0.037975 27.00 711

0.182752 89.00 487
0.703390 249.00 354
0.136364 30.00 220
0.117063 59.00 504
0.364407 43.00 118

0.034000 17.00 500
0.298592 106.00 355
0.648298 400.00 617
0.502632 191.00 380
0.015101 9.00 596

0.170290 141.00 828
0.288136 85.00 295
0.440217 81.00 184
0.190476 28.00 147
0.410781 221.00 538

0.044586 7.00 157
0.398305 188.00 472
0.204234 164.00 803
0.615385 64.00 104
0.237398 146.00 615

0.511440 380.00 743
0.415584 64.00 154
0.419753 68.00 162
0.047619 8.00 168
0.110145 38.00 345

0.180328 33.00 183
0.116071 13.00 112
0.270600 266.00 983
0.240157 183.00 762
0.692443 394.00 569

0.421429 59.00 140
0.502262 111.00 221
0.418182 69.00 165
0.141732 36.00 254
0.018127 6.00 331

0.033333 4.00 120
0.313869 43.00 137
0.021021 7.00 333
0.836735 164.00 196
0.296610 70.00 236

0.187500 129.00 688
0.465438 101.00 217
0.094444 17.00 180
0.342593 37.00 108
0.411200 257.00 625

0.111446 37.00 332
0.005085 3.00 590
0.121302 82.00 676
0.469256 290.00 618
0.791209 216.00 273

0.512821 260.00 507
0.106122 26.00 245
0.091803 28.00 305
0.038031 17.00 447
0.752613 216.00 287

0.010152 2.00 197
0.871622 645.00 740
0.056423 47.00 833
0.457459 414.00 905
0.104329 94.00 901

0.119306 55.00 461
0.316832 32.00 101
0.736842 112.00 152
0.066445 20.00 301
0.260870 36.00 138

0.152125 68.00 447
0.320399 289.00 902
0.023810 3.00 126
0.953846 248.00 260
0.053876 41.00 761

0.264706 36.00 136
0.007220 4.00 554
0.451493 363.00 804
0.721973 161.00 223
0.052991 31.00 585

0.076129 59.00 775
0.147170 39.00 265
0.011745 7.00 596
0.764781 595.00 778
0.500000 91.00 182

0.285912 207.00 724
0.167513 66.00 394
0.197650 185.00 936
0.034722 5.00 144
0.813725 166.00 204

0.227080 161.00 709
0.044843 30.00 669
0.133929 15.00 112
0.340984 104.00 305
0.751918 294.00 391

0.119874 38.00 317
0.836139 745.00 891
0.214623 91.00 424
0.265677 161.00 606
0.063800 46.00 721

0.201183 34.00 169
0.244019 102.00 418
0.801181 407.00 508
0.227568 175.00 769
0.030075 8.00 266

0.849057 90.00 106
0.120000 42.00 350
0.235908 113.00 479
0.254480 71.00 279
0.038168 5.00 131

0.412791 71.00 172
0.650507 577.00 887
0.153226 19.00 124
0.126214 13.00 103
0.163462 17.00 104

0.075630 9.00 119
0.008721 3.00 344
0.609524 256.00 420
0.108108 48.00 444
0.700483 145.00 207

0.955405 707.00 740
0.229851 77.00 335
0.132701 28.00 211
0.100164 61.00 609
0.076923 13.00 169

0.186207 27.00 145
0.411335 225.00 547
0.363229 81.00 223
0.447661 402.00 898
0.091205 28.00 307

0.163386 83.00 508
0.287016 126.00 439
0.142300 73.00 513
0.645833 93.00 144
0.264392 124.00 469

0.396313 86.00 217
0.014286 6.00 420
0.198675 30.00 151
0.019355 3.00 155
0.869880 361.00 415

0.089888 16.00 178
0.690909 114.00 165
0.181159 100.00 552
0.527273 87.00 165
0.013304 6.00 451

0.333333 39.00 117
0.081395 14.00 172
0.771987 237.00 307
0.285714 134.00 469
0.027397 6.00 219

0.391667 47.00 120
0.311475 114.00 366
0.061224 9.00 147
0.525483 299.00 569
0.210719 173.00 821

0.729463 666.00 913
0.538929 443.00 822
0.042328 8.00 189
0.040975 37.00 903
0.147651 22.00 149

0.101852 22.00 216
0.219355 68.00 310
0.320755 34.00 106
0.547619 92.00 168
0.312796 66.00 211

0.160164 78.00 487
0.180769 141.00 780
0.052174 6.00 115
0.810811 90.00 111
0.297030 60.00 202

0.059126 23.00 389
0.638298 90.00 141
0.480769 50.00 104
0.196721 36.00 183
0.128463 51.00 397

0.285141 71.00 249
0.006211 4.00 644
0.456274 120.00 263
0.065891 51.00 774
0.685567 133.00 194

0.260504 62.00 238
0.401961 41.00 102
0.290698 50.00 172
0.474432 334.00 704
0.067416 12.00 178

0.273585 29.00 106
0.456311 94.00 206
0.165476 139.00 840
0.110000 11.00 100
0.498516 168.00 337

0.030075 8.00 266
0.969188 346.00 357
0.244262 149.00 610
0.059322 7.00 118
0.193493 113.00 584

0.669421 162.00 242
0.191235 48.00 251
0.323043 293.00 907
0.196429 22.00 112
0.125581 54.00 430

0.530822 155.00 292
0.508403 121.00 238
0.026616 7.00 263
0.009298 9.00 968
0.425743 86.00 202

0.192149 93.00 484
0.683871 106.00 155
0.250000 34.00 136
0.135556 61.00 450
0.243243 36.00 148

0.102362 13.00 127
0.101626 25.00 246
0.470588 72.00 153
0.686636 447.00 651
0.133429 93.00 697

0.012285 5.00 407
0.623529 106.00 170
0.132275 25.00 189
0.548673 62.00 113
0.183962 39.00 212

0.159664 19.00 119
0.218274 43.00 197
0.434921 137.00 315
0.554502 234.00 422
0.135338 18.00 133

0.392344 246.00 627
0.143284 48.00 335
0.187500 24.00 128
0.386364 51.00 132
0.386289 355.00 919

0.071895 11.00 153
0.144462 90.00 623
0.777778 154.00 198
0.455414 429.00 942
0.050980 26.00 510

0.135417 26.00 192
0.016129 3.00 186
0.104167 20.00 192
0.271318 35.00 129
0.968935 655.00 676

0.090909 25.00 275
0.643510 352.00 547
0.132353 54.00 408
0.307500 246.00 800
0.322835 41.00 127

0.841567 494.00 587
0.085011 76.00 894
0.036036 4.00 111
0.482759 70.00 145
0.059761 15.00 251

0.415909 183.00 440
0.495208 310.00 626
0.276596 52.00 188
0.124372 99.00 796
0.191257 70.00 366

0.223776 64.00 286
0.105405 78.00 740
0.301616 168.00 557
0.597458 141.00 236
0.272035 250.00 919

0.094421 66.00 699
0.122206 82.00 671
0.931507 136.00 146
0.313620 175.00 558
0.038983 23.00 590

0.162712 96.00 590
0.564103 506.00 897
0.324937 258.00 794
0.202492 130.00 642
0.246057 78.00 317

0.600840 143.00 238
0.058442 9.00 154
0.453883 187.00 412
0.169604 154.00 908
0.216080 43.00 199

0.199153 47.00 236
0.061905 13.00 210
0.329381 250.00 759
0.527638 105.00 199
0.382653 75.00 196

0.867816 453.00 522
0.439614 91.00 207
0.060226 48.00 797
0.084135 35.00 416
0.045723 31.00 678

0.213592 66.00 309
0.443515 318.00 717
0.527778 228.00 432
0.046016 41.00 891
0.266667 48.00 180

0.295416 174.00 589
0.044534 11.00 247
0.189130 87.00 460
0.584158 59.00 101
0.392857 66.00 168

0.348624 38.00 109
0.107492 33.00 307
0.150376 80.00 532
0.157692 82.00 520
0.737852 577.00 782

0.110078 71.00 645
0.064039 26.00 406
0.574194 89.00 155
0.717489 320.00 446
0.039409 8.00 203

0.095023 21.00 221
0.239264 117.00 489
0.415385 81.00 195
0.301205 50.00 166
0.447721 167.00 373

0.125356 44.00 351
0.169643 38.00 224
0.216028 62.00 287
0.442254 314.00 710
0.544715 134.00 246

0.010000 3.00 300
0.410169 121.00 295
0.012579 4.00 318
0.821530 290.00 353
0.244123 135.00 553

0.233129 76.00 326
0.099164 83.00 837
0.857143 294.00 343
0.159251 136.00 854
0.152597 47.00 308

0.048544 5.00 103
0.460123 225.00 489
0.205726 194.00 943
0.608247 118.00 194
0.181102 23.00 127

0.288344 47.00 163
0.257829 247.00 958
0.639311 631.00 987
0.210692 67.00 318
0.103641 74.00 714

0.246032 31.00 126
0.037736 28.00 742
0.140391 122.00 869
0.092105 42.00 456
0.980263 149.00 152

0.372121 307.00 825
0.014286 7.00 490
0.049505 5.00 101
0.757774 463.00 611
0.307971 85.00 276

0.816038 173.00 212
0.097744 13.00 133
0.020910 17.00 813
0.164474 75.00 456
0.398340 96.00 241

0.369048 62.00 168
0.517968 418.00 807
0.153846 28.00 182
0.098507 33.00 335
0.367647 75.00 204

0.709402 83.00 117
0.004065 1.00 246
0.257426 26.00 101
0.403846 63.00 156
0.127726 41.00 321

0.230366 44.00 191
0.204545 27.00 132
0.675676 175.00 259
0.321678 46.00 143
0.068010 27.00 397

0.321739 37.00 115
0.385135 114.00 296
0.327273 126.00 385
0.021277 5.00 235
0.445876 173.00 388

0.550000 154.00 280
0.057851 42.00 726
0.068598 45.00 656
0.044872 21.00 468
0.777778 189.00 243

0.359416 271.00 754
0.136612 50.00 366
0.264706 27.00 102
0.231788 35.00 151
0.509615 53.00 104

0.410714 46.00 112
0.321951 66.00 205
0.359833 258.00 717
0.267241 31.00 116
0.139394 23.00 165

0.038521 25.00 649
0.200803 50.00 249
0.525097 272.00 518
0.668182 147.00 220
0.066667 8.00 120

0.389474 111.00 285
0.384380 251.00 653
0.320988 52.00 162
0.080000 74.00 925
0.322034 57.00 177

0.031250 5.00 160
0.125706 89.00 708
0.195402 51.00 261
0.158730 20.00 126
0.984887 782.00 794

0.185430 28.00 151
0.009950 2.00 201
0.976190 164.00 168
0.116564 19.00 163
0.207792 32.00 154

0.186916 20.00 107
0.117647 20.00 170
0.740614 217.00 293
0.101322 23.00 227
0.356061 94.00 264

0.311284 80.00 257
0.302034 193.00 639
0.340426 128.00 376
0.025773 5.00 194
0.517857 58.00 112

0.068293 14.00 205
0.572519 75.00 131
0.304000 38.00 125
0.498567 174.00 349
0.050167 15.00 299

0.809019 610.00 754
0.117647 26.00 221
0.063830 33.00 517
0.447130 296.00 662
0.060914 12.00 197

0.188804 172.00 911
0.081886 33.00 403
0.219697 29.00 132
0.556000 139.00 250
0.456268 313.00 686

0.207547 22.00 106
0.410112 73.00 178
0.039039 26.00 666
0.317631 236.00 743
0.530333 271.00 511

0.250896 70.00 279
0.160839 23.00 143
0.042636 11.00 258
0.518248 71.00 137
0.533333 192.00 360

0.091093 45.00 494
0.642743 403.00 627
0.194393 104.00 535
0.351351 52.00 148
0.221130 180.00 814

0.625899 87.00 139
0.087031 51.00 586
0.062857 11.00 175
0.021687 9.00 415
0.703704 114.00 162

0.087774 56.00 638
0.361070 243.00 673
0.159341 29.00 182
0.329670 90.00 273
0.561404 416.00 741

0.030387 22.00 724
0.268707 79.00 294
0.090062 29.00 322
0.152000 38.00 250
0.955711 410.00 429

0.327072 296.00 905
0.359375 161.00 448
0.110993 104.00 937
0.680769 177.00 260
0.021661 6.00 277

0.130233 28.00 215
0.192308 50.00 260
0.296296 88.00 297
0.008547 1.00 117
0.868932 179.00 206

0.509506 134.00 263
0.170068 25.00 147
0.020325 5.00 246
0.448680 153.00 341
0.351282 137.00 390

0.343066 47.00 137
0.213592 22.00 103
0.299401 150.00 501
0.635971 442.00 695
0.004011 3.00 748

0.038674 21.00 543
0.163978 61.00 372
0.459135 191.00 416
0.130435 21.00 161
0.705882 216.00 306

0.258993 36.00 139
0.254032 126.00 496
0.326087 90.00 276
0.191257 35.00 183
0.466780 274.00 587

0.205000 41.00 200
0.137725 23.00 167
0.455696 72.00 158
0.660571 578.00 875
0.040816 8.00 196

0.170351 131.00 769
0.133884 81.00 605
0.004444 2.00 450
0.543981 470.00 864
0.649007 98.00 151

0.361702 51.00 141
0.207921 63.00 303
0.560554 162.00 289
0.037736 4.00 106
0.330247 107.00 324

0.245192 51.00 208
0.366972 40.00 109
0.308394 169.00 548
0.503341 226.00 449
0.076056 27.00 355

0.122699 20.00 163
0.189702 70.00 369
0.362140 88.00 243
0.263566 34.00 129
0.564576 153.00 271

0.794521 116.00 146
0.218987 173.00 790
0.216667 52.00 240
0.258667 97.00 375
0.011834 2.00 169

0.153153 34.00 222
0.309816 101.00 326
0.141304 39.00 276
0.856448 352.00 411
0.041096 6.00 146

0.006993 1.00 143
0.055838 11.00 197
0.538922 90.00 167
0.865979 504.00 582
0.033682 29.00 861

0.369881 280.00 757
0.642586 169.00 263
0.148325 62.00 418
0.082880 61.00 736
0.263158 30.00 114

0.300000 60.00 200
0.137771 89.00 646
0.100592 17.00 169
0.629464 141.00 224
0.331776 71.00 214

0.136000 17.00 125
0.357250 239.00 669
0.477564 149.00 312
0.060000 42.00 700
0.470760 322.00 684

0.018605 4.00 215
0.293388 71.00 242
0.304348 175.00 575
0.159292 18.00 113
0.724324 670.00 925

0.557971 77.00 138
0.342975 166.00 484
0.155629 47.00 302
0.326531 48.00 147
0.110048 23.00 209

0.290000 29.00 100
0.471519 298.00 632
0.458667 172.00 375
0.192308 35.00 182
0.086957 14.00 161

0.127273 14.00 110
0.271955 96.00 353
0.898058 185.00 206
0.158824 27.00 170
0.041401 13.00 314

0.026316 6.00 228
0.392256 233.00 594
0.398198 221.00 555
0.190068 111.00 584
0.496241 66.00 133

0.773663 188.00 243
0.042373 5.00 118
0.181818 48.00 264
0.127551 25.00 196
0.372671 60.00 161

0.795506 354.00 445
0.035948 22.00 612
0.271978 99.00 364
0.373913 301.00 805
0.022814 6.00 263

0.441667 53.00 120
0.108187 74.00 684
0.789062 202.00 256
0.076670 70.00 913
0.086364 19.00 220

0.851669 689.00 809
0.116505 72.00 618
0.196262 21.00 107
0.279898 110.00 393
0.054913 19.00 346

0.346821 60.00 173
0.209790 30.00 143
0.109515 61.00 557
0.016871 11.00 652
0.818391 356.00 435

0.059908 13.00 217
0.507463 68.00 134
0.543396 288.00 530
0.278824 237.00 850
0.107383 16.00 149

0.330189 105.00 318
0.363158 138.00 380
0.450151 149.00 331
0.195876 57.00 291
0.161830 145.00 896

0.986928 604.00 612
0.221880 144.00 649
0.113684 54.00 475
0.125000 21.00 168
0.055556 8.00 144

0.231683 117.00 505
0.014056 7.00 498
0.416382 122.00 293
0.331418 173.00 522
0.508046 221.00 435

0.015385 3.00 195
0.433775 262.00 604
0.083832 14.00 167
0.534091 329.00 616
0.434109 56.00 129

0.224490 55.00 245
0.542453 115.00 212
0.088106 20.00 227
0.583153 270.00 463
0.063063 14.00 222

0.303279 37.00 122
0.105978 39.00 368
0.200000 65.00 325
0.101545 46.00 453
0.786920 373.00 474

0.122378 35.00 286
0.197917 95.00 480
0.414894 117.00 282
0.419431 177.00 422
0.343949 54.00 157

0.081081 21.00 259
0.036765 5.00 136
0.285938 183.00 640
0.603476 382.00 633
0.488024 326.00 668

0.236392 152.00 643
0.072165 14.00 194
0.415973 250.00 601
0.176955 43.00 243
0.599398 199.00 332

0.301471 123.00 408
0.403614 67.00 166
0.171617 52.00 303
0.013495 10.00 741
0.606218 117.00 193

0.123967 15.00 121
0.057402 19.00 331
0.264055 155.00 587
0.574324 85.00 148
0.480493 234.00 487

0.140960 138.00 979
0.113030 72.00 637
0.273625 194.00 709
0.044534 11.00 247
0.923664 242.00 262

0.269231 35.00 130
0.391304 135.00 345
0.125612 77.00 613
0.182773 174.00 952
0.531250 238.00 448

0.214485 154.00 718
0.290262 155.00 534
0.092466 27.00 292
0.277159 199.00 718
0.626761 89.00 142

0.125813 58.00 461
0.729630 197.00 270
0.309055 157.00 508
0.166348 87.00 523
0.169355 21.00 124

0.203279 124.00 610
0.244444 33.00 135
0.204103 199.00 975
0.584239 215.00 368
0.259615 27.00 104

0.083333 9.00 108
0.481203 64.00 133
0.482877 282.00 584
0.132867 19.00 143
0.322115 67.00 208

0.308219 45.00 146
0.321340 259.00 806
0.137566 26.00 189
0.356994 342.00 958
0.373434 149.00 399

0.689320 71.00 103
0.018349 6.00 327
0.079365 10.00 126
0.343612 78.00 227
0.368794 156.00 423

0.144011 107.00 743
0.035417 34.00 960
0.578704 250.00 432
0.019355 3.00 155
0.721223 401.00 556

0.317343 86.00 271
0.079208 8.00 101
0.263780 67.00 254
0.760188 485.00 638
0.080831 35.00 433

0.129412 22.00 170
0.540486 267.00 494
0.260417 50.00 192
0.526316 80.00 152
0.046358 7.00 151

0.305000 61.00 200
0.312217 69.00 221
0.498316 148.00 297
0.124528 33.00 265
0.261905 66.00 252

0.155844 24.00 154
0.182724 55.00 301
0.568548 141.00 248
0.515625 66.00 128
0.075000 75.00 1000

0.246269 33.00 134
0.136842 26.00 190
0.391753 76.00 194
0.486692 128.00 263
0.232657 218.00 937

0.329060 77.00 234
0.276190 29.00 105
0.562245 551.00 980
0.312834 234.00 748
0.018284 13.00 711

0.605027 337.00 557
0.168050 81.00 482
0.249545 137.00 549
0.328859 49.00 149
0.148148 16.00 108

0.868946 305.00 351
0.391608 112.00 286
0.091613 71.00 775
0.102397 47.00 459
0.044931 39.00 868

0.243568 142.00 583
0.800000 100.00 125
0.144351 69.00 478
0.272436 255.00 936
0.035907 20.00 557

0.124444 28.00 225
0.308571 108.00 350
0.480392 98.00 204
0.028601 28.00 979
0.556348 390.00 701

0.177778 40.00 225
0.455621 154.00 338
0.266150 103.00 387
0.512397 62.00 121
0.091884 60.00 653

0.101289 55.00 543
0.139706 38.00 272
0.043419 32.00 737
0.861893 337.00 391
0.353007 317.00 898

0.273684 104.00 380
0.142268 138.00 970
0.740838 283.00 382
0.004107 2.00 487
0.338362 157.00 464

0.283465 36.00 127
0.328592 231.00 703
0.322368 49.00 152
0.106426 106.00 996
0.460177 156.00 339

0.340336 243.00 714
0.275362 38.00 138
0.387234 91.00 235
0.019737 6.00 304
0.482394 274.00 568

0.349776 156.00 446
0.066879 42.00 628
0.565000 113.00 200
0.336066 287.00 854
0.182590 86.00 471

0.005556 1.00 180
0.619048 65.00 105
0.405567 204.00 503
0.376263 149.00 396
0.093137 38.00 408

0.123077 48.00 390
0.414303 336.00 811
0.616228 281.00 456
0.205357 46.00 224
0.145161 36.00 248

0.169492 20.00 118
0.630769 82.00 130
0.293307 149.00 508
0.242991 234.00 963
0.161677 135.00 835

0.291045 117.00 402
0.146497 23.00 157
0.460850 412.00 894
0.544304 86.00 158
0.057554 8.00 139

0.389610 90.00 231
0.039024 8.00 205
0.648936 183.00 282
0.200935 43.00 214
0.223744 196.00 876

0.550000 165.00 300
0.091146 35.00 384
0.200000 23.00 115
0.129288 98.00 758
0.530000 53.00 100

0.434146 89.00 205
0.138889 15.00 108
0.513950 350.00 681
0.059777 59.00 987
0.354508 173.00 488

0.047619 7.00 147
0.288793 67.00 232
0.590395 209.00 354
0.396396 132.00 333
0.179217 119.00 664

0.355340 183.00 515
0.220000 33.00 150
0.116061 99.00 853
0.383544 303.00 790
0.427723 216.00 505

0.362007 202.00 558
0.343936 173.00 503
0.043564 22.00 505
0.480687 112.00 233
0.268478 247.00 920

0.498701 192.00 385
0.216495 126.00 582
0.218978 30.00 137
0.346369 186.00 537
0.223301 23.00 103

0.664336 95.00 143
0.187879 31.00 165
0.441860 285.00 645
0.007194 1.00 139
0.198300 70.00 353

0.102190 14.00 137
0.462963 50.00 108
0.385021 365.00 948
0.177843 122.00 686
0.375000 159.00 424

0.268657 36.00 134
0.005631 5.00 888
0.242991 26.00 107
0.550847 260.00 472
0.428152 292.00 682

0.259615 27.00 104
0.801147 419.00 523
0.321773 167.00 519
0.069295 58.00 837
0.043956 8.00 182

0.132530 22.00 166
0.778351 151.00 194
0.537634 300.00 558
0.045113 6.00 133
0.002155 1.00 464

0.368421 259.00 703
0.201600 126.00 625
0.175758 58.00 330
0.340220 247.00 726
0.413310 236.00 571

0.371795 145.00 390
0.065359 10.00 153
0.317881 48.00 151
0.662500 212.00 320
0.084453 44.00 521

0.355556 64.00 180
0.310734 55.00 177
0.275510 54.00 196
0.224678 122.00 543
0.334821 75.00 224

0.333333 63.00 189
0.594059 120.00 202
0.281437 141.00 501
0.276119 37.00 134
0.007634 1.00 131

0.252232 113.00 448
0.168874 102.00 604
0.176471 18.00 102
0.046053 7.00 152
0.859594 551.00 641

0.181818 60.00 330
0.023936 9.00 376
0.411960 124.00 301
0.064706 44.00 680
0.821429 92.00 112

0.600509 236.00 393
0.055838 11.00 197
0.150000 39.00 260
0.534125 360.00 674
0.160839 46.00 286

0.364964 350.00 959
0.078603 36.00 458
0.161074 24.00 149
0.422222 133.00 315
0.470470 470.00 999

0.577259 198.00 343
0.135965 31.00 228
0.125000 56.00 448
0.394770 317.00 803
0.267800 252.00 941

0.906522 417.00 460
0.289340 57.00 197
0.010753 2.00 186
0.075630 18.00 238
0.217028 130.00 599

0.318182 105.00 330
0.494681 372.00 752
0.064935 25.00 385
0.343066 47.00 137
0.275229 30.00 109

0.322581 70.00 217
0.198718 31.00 156
0.173451 98.00 565
0.503218 391.00 777
0.299281 208.00 695

0.401837 350.00 871
0.044335 9.00 203
0.504975 203.00 402
0.397770 214.00 538
0.154058 112.00 727

0.202634 200.00 987
0.467626 65.00 139
0.191906 147.00 766
0.575928 512.00 889
0.055556 7.00 126

0.096197 43.00 447
0.005420 2.00 369
0.231065 180.00 779
0.669927 274.00 409
0.498168 136.00 273

0.496183 65.00 131
0.341935 106.00 310
0.162362 44.00 271
0.397260 58.00 146
0.092742 23.00 248

0.491694 148.00 301
0.165992 41.00 247
0.271357 54.00 199
0.214286 24.00 112
0.351351 39.00 111

0.651515 129.00 198
0.046512 6.00 129
0.366452 284.00 775
0.355670 345.00 970
0.082474 16.00 194

0.522088 130.00 249
0.260638 49.00 188
0.112069 13.00 116
0.484127 61.00 126
0.124767 67.00 537

0.385488 170.00 441
0.102362 13.00 127
0.160622 31.00 193
0.775956 142.00 183
0.083056 25.00 301

0.727899 634.00 871
0.092486 16.00 173
0.095915 54.00 563
0.086957 20.00 230
0.495968 123.00 248

0.036810 6.00 163
0.062069 9.00 145
0.656944 473.00 720
0.076190 8.00 105
0.662857 232.00 350

0.433735 72.00 166
0.084821 19.00 224
0.225077 219.00 973
0.672917 323.00 480
0.084388 20.00 237

0.815991 745.00 913
0.080808 24.00 297
0.333333 135.00 405
0.152778 33.00 216
0.119250 70.00 587

0.362745 37.00 102
0.035782 19.00 531
0.196581 23.00 117
0.418605 126.00 301
0.486364 214.00 440

0.354217 294.00 830
0.506250 81.00 160
0.178261 41.00 230
0.089631 51.00 569
0.369176 103.00 279

0.376712 55.00 146
0.120690 28.00 232
0.088000 22.00 250
0.827080 507.00 613
0.085271 11.00 129

0.135714 19.00 140
0.147879 122.00 825
0.358010 295.00 824
0.261745 78.00 298
0.598876 533.00 890

0.294479 48.00 163
0.534483 217.00 406
0.008403 4.00 476
0.542254 77.00 142
0.118227 24.00 203

0.033149 12.00 362
0.060345 7.00 116
0.391414 155.00 396
0.150000 30.00 200
0.867188 111.00 128

0.338462 110.00 325
0.564570 341.00 604
0.107383 16.00 149
0.455782 67.00 147
0.035088 4.00 114

0.047059 44.00 935
0.614035 70.00 114
0.125000 20.00 160
0.187631 179.00 954
0.526946 176.00 334

0.154095 143.00 928
0.661290 82.00 124
0.090909 16.00 176
0.297297 88.00 296
0.291925 47.00 161

0.080645 15.00 186
0.791391 239.00 302
0.171575 134.00 781
0.075758 10.00 132
0.384831 137.00 356

0.366112 242.00 661
0.226446 137.00 605
0.065327 13.00 199
0.291005 110.00 378
0.546296 59.00 108

0.605839 83.00 137
0.378330 213.00 563
0.199708 137.00 686
0.086147 74.00 859
0.228571 32.00 140

0.364162 63.00 173
0.092767 59.00 636
0.308442 95.00 308
0.142857 113.00 791
0.588235 260.00 442

0.105422 35.00 332
0.433333 52.00 120
0.104530 60.00 574
0.034121 13.00 381
0.820257 575.00 701

0.379464 85.00 224
0.044807 22.00 491
0.748092 98.00 131
0.034173 19.00 556
0.295789 281.00 950

0.264448 151.00 571
0.259843 33.00 127
0.305616 283.00 926
0.050179 14.00 279
0.616307 514.00 834

0.017903 7.00 391
0.629630 68.00 108
0.364198 59.00 162
0.345609 122.00 353
0.143876 121.00 841

0.115677 76.00 657
0.015152 3.00 198
0.220096 46.00 209
0.872340 164.00 188
0.273381 76.00 278

0.294444 53.00 180
0.095238 16.00 168
0.343434 306.00 891
0.492843 482.00 978
0.275762 190.00 689

0.120219 22.00 183
0.437908 134.00 306
0.242424 32.00 132
0.287273 237.00 825
0.412804 187.00 453

0.092199 13.00 141
0.085308 72.00 844
0.057500 23.00 400
0.814516 101.00 124
0.455657 298.00 654

0.069444 10.00 144
0.203209 38.00 187
0.384901 311.00 808
0.470665 361.00 767
0.373206 78.00 209

0.045455 7.00 154
0.201413 171.00 849
0.221698 47.00 212
0.872483 130.00 149
0.156863 16.00 102

0.003003 1.00 333
0.425667 335.00 787
0.042065 22.00 523
0.267516 42.00 157
0.758974 148.00 195

0.193833 44.00 227
0.077263 35.00 453
0.360319 316.00 877
0.191176 26.00 136
0.675916 609.00 901

0.141667 34.00 240
0.147541 18.00 122
0.228758 35.00 153
0.148760 36.00 242
0.830233 357.00 430

0.236715 49.00 207
0.008403 1.00 119
0.403646 310.00 768
0.752252 501.00 666
0.099213 63.00 635

0.373802 117.00 313
0.038760 10.00 258
0.189873 60.00 316
0.509901 206.00 404
0.389121 93.00 239

0.319938 207.00 647
0.391447 119.00 304
0.747100 322.00 431
0.017094 2.00 117
0.024194 3.00 124

0.670839 536.00 799
0.040541 9.00 222
0.039728 35.00 881
0.361582 64.00 177
0.386935 77.00 199

0.648107 291.00 449
0.050847 9.00 177
0.184426 135.00 732
0.190789 29.00 152
0.421769 62.00 147

0.502703 93.00 185
0.067669 9.00 133
0.046961 17.00 362
0.371736 242.00 651
0.510204 475.00 931

0.165517 24.00 145
0.339806 210.00 618
0.502392 210.00 418
0.143541 30.00 209
0.348708 189.00 542

0.491803 180.00 366
0.306122 60.00 196
0.167082 67.00 401
0.102210 37.00 362
0.431250 276.00 640

0.037037 17.00 459
0.113311 103.00 909
0.716088 227.00 317
0.139286 117.00 840
0.490741 53.00 108

