0.671779 219.00 326
0.159066 143.00 899
0.370927 296.00 798
0.119497 19.00 159
0.582996 144.00 247

0.607422 311.00 512
0.264286 37.00 140
0.319489 100.00 313
0.027739 20.00 721
0.680233 234.00 344

0.028926 21.00 726
0.035088 6.00 171
0.854545 141.00 165
0.606838 71.00 117
0.379310 66.00 174

0.545126 151.00 277
0.186567 25.00 134
0.809249 280.00 346
0.089368 58.00 649
0.267717 34.00 127

0.746606 165.00 221
0.211679 29.00 137
0.336930 281.00 834
0.341463 56.00 164
0.256757 247.00 962

0.239130 33.00 138
0.090625 58.00 640
0.643895 443.00 688
0.650307 106.00 163
0.276923 72.00 260

0.724138 84.00 116
0.245847 74.00 301
0.336283 38.00 113
0.177596 65.00 366
0.417910 56.00 134

0.048611 14.00 288
0.110759 105.00 948
0.190840 25.00 131
0.615385 80.00 130
0.931737 778.00 835

0.828571 87.00 105
0.046025 11.00 239
0.670000 67.00 100
0.062780 14.00 223
0.297450 105.00 353

0.234043 55.00 235
0.479339 464.00 968
0.628644 496.00 789
0.222494 91.00 409
0.338290 91.00 269

0.538175 289.00 537
0.367965 255.00 693
0.434783 80.00 184
0.345455 95.00 275
0.214511 68.00 317

0.529148 118.00 223
0.416974 113.00 271
0.268542 105.00 391
0.413870 185.00 447
0.264957 31.00 117

0.094726 88.00 929
0.678363 116.00 171
0.059459 11.00 185
0.956140 218.00 228
0.106870 14.00 131

0.982759 114.00 116
0.497732 439.00 882
0.307087 39.00 127
0.103118 86.00 834
0.015504 2.00 129

0.746032 141.00 189
0.672727 111.00 165
0.166667 28.00 168
0.296101 281.00 949
0.020000 2.00 100

0.154930 44.00 284
0.740458 194.00 262
0.938462 122.00 130
0.012959 6.00 463
0.054945 15.00 273

0.456250 73.00 160
0.131098 43.00 328
0.029520 8.00 271
0.621212 123.00 198
0.657795 173.00 263

0.473684 117.00 247
0.339953 291.00 856
0.330460 115.00 348
0.645864 445.00 689
0.109934 83.00 755

0.863551 462.00 535
0.035156 9.00 256
0.376328 248.00 659
0.202899 42.00 207
0.419580 360.00 858

1.000000 170.00 170
0.121212 16.00 132
0.381609 166.00 435
0.187713 55.00 293
0.210191 66.00 314

0.151665 123.00 811
0.455556 164.00 360
0.030303 4.00 132
0.481481 65.00 135
0.775056 348.00 449

0.284211 243.00 855
0.300926 65.00 216
0.093333 14.00 150
0.700265 264.00 377
0.523098 385.00 736

0.350063 279.00 797
0.255814 77.00 301
0.369792 71.00 192
0.564607 402.00 712
0.362500 87.00 240

0.689024 226.00 328
0.187082 168.00 898
0.108597 48.00 442
0.214008 110.00 514
0.702055 410.00 584

0.963855 160.00 166
0.558824 76.00 136
0.042793 19.00 444
0.245545 124.00 505
0.093023 12.00 129

0.080702 23.00 285
0.979920 732.00 747
0.258907 109.00 421
0.445860 140.00 314
0.135231 38.00 281

0.208122 164.00 788
0.118012 38.00 322
0.760174 523.00 688
0.269231 70.00 260
0.544944 97.00 178

0.400568 141.00 352
0.559392 405.00 724
0.470588 88.00 187
0.058394 8.00 137
0.410359 103.00 251

0.468966 68.00 145
0.215743 74.00 343
0.281734 91.00 323
0.326700 197.00 603
0.606579 461.00 760

0.178218 36.00 202
0.475356 434.00 913
0.631250 101.00 160
0.465116 60.00 129
0.151584 67.00 442

0.100962 21.00 208
0.161549 121.00 749
0.321429 36.00 112
0.879859 249.00 283
0.433498 88.00 203

0.237607 139.00 585
0.611111 66.00 108
0.046980 7.00 149
0.592814 99.00 167
0.410148 194.00 473

0.212644 74.00 348
0.147059 85.00 578
0.014815 2.00 135
0.922316 653.00 708
0.609375 78.00 128

0.115265 37.00 321
0.087336 60.00 687
0.776978 756.00 973
0.552448 79.00 143
0.371324 303.00 816

0.128548 77.00 599
0.600000 69.00 115
0.438066 145.00 331
0.439093 155.00 353
0.295168 281.00 952

0.775100 772.00 996
0.174312 19.00 109
0.244698 150.00 613
0.475610 78.00 164
0.232044 126.00 543

0.813253 270.00 332
0.247244 157.00 635
0.637398 392.00 615
0.118919 22.00 185
0.089474 17.00 190

0.696784 455.00 653
0.283217 162.00 572
0.175953 60.00 341
0.029891 22.00 736
0.712264 151.00 212

0.580537 173.00 298
0.611722 167.00 273
0.004975 2.00 402
0.675912 463.00 685
0.027523 3.00 109

0.492147 94.00 191
0.427673 68.00 159
0.873802 547.00 626
0.018182 2.00 110
0.094118 32.00 340

0.113426 98.00 864
0.986772 373.00 378
0.016064 4.00 249
0.189456 115.00 607
0.591241 243.00 411

0.589792 312.00 529
0.438406 242.00 552
0.601467 246.00 409
0.253731 136.00 536
0.016575 3.00 181

0.231423 109.00 471
0.697917 268.00 384
0.158730 40.00 252
0.356436 36.00 101
0.455090 152.00 334

0.846847 94.00 111
0.201342 30.00 149
0.119231 31.00 260
0.132812 17.00 128
0.596154 93.00 156

0.197452 31.00 157
0.512953 99.00 193
0.236842 126.00 532
0.400990 81.00 202
0.552000 138.00 250

0.207865 74.00 356
0.080786 37.00 458
0.464115 194.00 418
0.493617 232.00 470
0.649123 185.00 285

0.083333 52.00 624
0.217391 50.00 230
0.023715 12.00 506
0.728814 86.00 118
0.845387 678.00 802

0.128205 15.00 117
0.292237 192.00 657
0.685855 417.00 608
0.049180 6.00 122
0.742660 430.00 579

0.277056 64.00 231
0.589286 66.00 112
0.232238 219.00 943
0.590164 144.00 244
0.215278 62.00 288

0.023392 16.00 684
0.752717 277.00 368
0.467033 85.00 182
0.619266 135.00 218
0.038062 11.00 289

0.562069 163.00 290
0.832981 394.00 473
0.138462 27.00 195
0.304348 56.00 184
0.062992 40.00 635

0.486339 89.00 183
0.640884 232.00 362
0.328125 42.00 128
0.013648 11.00 806
0.430928 209.00 485

0.702055 410.00 584
0.005155 1.00 194
0.559091 246.00 440
0.080000 50.00 625
0.556787 201.00 361

0.952381 660.00 693
0.439693 401.00 912
0.184783 119.00 644
0.257903 155.00 601
0.065728 14.00 213

0.140575 44.00 313
0.201493 27.00 134
0.224719 60.00 267
0.415493 59.00 142
0.920319 231.00 251

0.539823 61.00 113
0.009804 1.00 102
0.221429 62.00 280
0.195767 37.00 189
0.942799 923.00 979

0.092166 60.00 651
0.250000 34.00 136
0.213930 43.00 201
0.575884 554.00 962
0.768519 83.00 108

0.331250 53.00 160
0.051163 11.00 215
0.869318 153.00 176
0.559055 71.00 127
0.090164 11.00 122

0.357143 40.00 112
0.226453 113.00 499
0.152493 52.00 341
0.478873 68.00 142
0.691011 123.00 178

0.121495 26.00 214
0.207921 21.00 101
0.532911 421.00 790
0.393443 240.00 610
0.644860 207.00 321

0.381818 42.00 110
0.980519 302.00 308
0.085938 11.00 128
0.095541 15.00 157
0.352459 86.00 244

0.423800 203.00 479
0.274368 76.00 277
0.264775 112.00 423
0.147668 57.00 386
0.792373 187.00 236

0.032051 10.00 312
0.406557 372.00 915
0.737069 171.00 232
0.474684 75.00 158
0.250700 179.00 714

0.447876 116.00 259
0.215543 147.00 682
0.826715 229.00 277
0.177866 45.00 253
0.233708 208.00 890

0.307692 36.00 117
0.697628 353.00 506
0.002066 1.00 484
0.776777 776.00 999
0.116788 32.00 274

0.143939 57.00 396
0.666667 108.00 162
0.425439 194.00 456
0.353418 305.00 863
0.311828 232.00 744

0.123188 17.00 138
0.842105 96.00 114
0.102740 60.00 584
0.647541 79.00 122
0.185606 49.00 264

0.292079 59.00 202
0.217195 48.00 221
0.030303 6.00 198
0.548638 141.00 257
0.809211 246.00 304

0.007812 1.00 128
0.243781 49.00 201
0.955882 195.00 204
0.476190 100.00 210
0.213650 72.00 337

0.586957 81.00 138
0.526946 352.00 668
0.602484 97.00 161
0.010619 6.00 565
0.169061 153.00 905

0.127749 122.00 955
0.357143 50.00 140
0.253401 149.00 588
0.761194 255.00 335
0.400666 361.00 901

0.303644 75.00 247
0.716200 588.00 821
0.066667 7.00 105
0.311321 33.00 106
0.495327 159.00 321

0.655172 76.00 116
0.178899 39.00 218
0.141256 63.00 446
0.632896 531.00 839
0.292614 103.00 352

0.538462 140.00 260
0.276139 103.00 373
0.827839 226.00 273
0.116854 52.00 445
0.137681 19.00 138

0.479371 244.00 509
0.365854 45.00 123
0.091912 50.00 544
0.147059 105.00 714
0.816327 200.00 245

0.549550 61.00 111
0.627119 74.00 118
0.112903 42.00 372
0.094118 80.00 850
0.518072 129.00 249

0.642547 444.00 691
0.463551 248.00 535
0.438806 147.00 335
0.035874 8.00 223
0.316038 67.00 212

0.288136 51.00 177
0.066946 16.00 239
0.558926 479.00 857
0.781034 453.00 580
0.205556 74.00 360

0.015248 12.00 787
0.282272 164.00 581
0.182692 19.00 104
0.439227 159.00 362
0.983723 967.00 983

0.374558 106.00 283
0.180392 46.00 255
0.212944 102.00 479
0.705882 672.00 952
0.425329 356.00 837

0.955204 725.00 759
0.429175 203.00 473
0.088358 85.00 962
0.414747 90.00 217
0.013966 5.00 358

0.198020 20.00 101
0.201629 99.00 491
0.140000 14.00 100
0.690265 78.00 113
0.675000 351.00 520

0.008439 2.00 237
0.201681 24.00 119
0.491057 302.00 615
0.508197 496.00 976
0.690909 152.00 220

0.475676 88.00 185
0.256831 188.00 732
0.785714 132.00 168
0.285714 112.00 392
0.096970 48.00 495

0.799796 783.00 979
0.424242 266.00 627
0.399731 297.00 743
0.269553 193.00 716
0.007752 1.00 129

0.866803 423.00 488
0.087912 16.00 182
0.537234 101.00 188
0.373333 84.00 225
0.039437 28.00 710

0.510526 485.00 950
0.457921 185.00 404
0.157319 115.00 731
0.259174 226.00 872
0.513021 197.00 384

0.807860 185.00 229
0.039735 12.00 302
0.205607 22.00 107
0.535168 175.00 327
0.307197 286.00 931

0.813765 201.00 247
0.029557 6.00 203
0.460145 254.00 552
0.595628 436.00 732
0.003731 1.00 268

0.231162 181.00 783
0.368327 207.00 562
0.044743 20.00 447
0.461538 48.00 104
0.796460 90.00 113

0.104603 50.00 478
0.514493 142.00 276
0.178771 32.00 179
0.730000 146.00 200
0.373418 118.00 316

0.400000 106.00 265
0.623722 305.00 489
0.027149 12.00 442
0.691710 267.00 386
0.157407 34.00 216

0.646226 274.00 424
0.235897 46.00 195
0.154309 77.00 499
0.765625 147.00 192
0.096774 18.00 186

0.097917 47.00 480
0.584320 395.00 676
0.483568 412.00 852
0.552273 243.00 440
0.182266 37.00 203

0.155689 52.00 334
0.207006 130.00 628
0.105991 69.00 651
0.665148 292.00 439
0.764706 182.00 238

0.825397 104.00 126
0.409722 59.00 144
0.551402 295.00 535
0.009174 3.00 327
0.100279 36.00 359

0.574074 62.00 108
0.404696 293.00 724
0.044625 22.00 493
0.167785 125.00 745
0.711149 421.00 592

0.174863 64.00 366
0.664286 372.00 560
0.672956 214.00 318
0.362934 94.00 259
0.025424 9.00 354

0.052192 25.00 479
0.810484 201.00 248
0.083333 12.00 144
0.375912 103.00 274
0.577143 101.00 175

0.320000 56.00 175
0.918854 385.00 419
0.312775 71.00 227
0.123539 74.00 599
0.225501 214.00 949

0.742671 456.00 614
0.045455 5.00 110
0.340517 79.00 232
0.113990 22.00 193
0.661538 86.00 130

0.600000 225.00 375
0.106748 87.00 815
0.365918 277.00 757
0.512945 317.00 618
0.318182 42.00 132

0.026455 15.00 567
0.064220 7.00 109
0.407643 64.00 157
0.652038 624.00 957
0.747283 550.00 736

0.180124 29.00 161
0.366762 128.00 349
0.766667 391.00 510
0.165468 23.00 139
0.419672 384.00 915

0.745455 82.00 110
0.079137 11.00 139
0.257862 82.00 318
0.443820 79.00 178
0.376963 72.00 191

0.547884 246.00 449
0.419591 287.00 684
0.230263 35.00 152
0.649425 339.00 522
0.051546 25.00 485

0.125523 30.00 239
0.496124 64.00 129
0.161538 42.00 260
0.626728 136.00 217
0.490694 290.00 591

0.260726 79.00 303
0.220273 113.00 513
0.707547 75.00 106
0.488636 129.00 264
0.226212 126.00 557

0.282178 57.00 202
0.504854 104.00 206
0.352941 96.00 272
0.276094 82.00 297
0.484687 364.00 751

0.874046 229.00 262
0.218623 54.00 247
0.153846 34.00 221
0.362319 200.00 552
0.288961 89.00 308

0.706931 357.00 505
0.619048 65.00 105
0.155440 60.00 386
0.204380 28.00 137
0.214286 72.00 336

0.336774 261.00 775
0.178082 26.00 146
0.493023 212.00 430
0.568720 120.00 211
0.321429 45.00 140

0.556231 183.00 329
0.490239 226.00 461
0.219601 121.00 551
0.616601 156.00 253
0.017271 10.00 579

0.122857 43.00 350
0.153153 34.00 222
0.445312 285.00 640
0.205714 36.00 175
0.970468 953.00 982

0.054054 24.00 444
0.491304 113.00 230
0.977157 385.00 394
0.253886 49.00 193
0.120482 30.00 249

0.173913 24.00 138
0.617647 105.00 170
0.860870 99.00 115
0.201299 31.00 154
0.044883 25.00 557

0.813387 401.00 493
0.168000 21.00 125
0.558824 57.00 102
0.114458 19.00 166
0.250804 78.00 311

0.389189 144.00 370
0.095291 85.00 892
0.564179 189.00 335
0.646154 84.00 130
0.212121 35.00 165

0.388013 123.00 317
0.132824 87.00 655
0.189759 189.00 996
0.217021 51.00 235
0.975610 160.00 164

0.093301 39.00 418
0.725036 501.00 691
0.037879 5.00 132
0.821782 166.00 202
0.220459 125.00 567

0.941685 436.00 463
0.093458 10.00 107
0.230769 183.00 793
0.294872 253.00 858
0.338645 85.00 251

0.851613 132.00 155
0.463519 216.00 466
0.039474 24.00 608
0.230159 29.00 126
0.320786 196.00 611

0.949612 245.00 258
0.274809 36.00 131
0.116041 34.00 293
0.554455 168.00 303
0.002208 1.00 453

0.325193 253.00 778
0.793103 138.00 174
0.018100 4.00 221
0.268293 44.00 164
0.495652 57.00 115

0.792176 648.00 818
0.099688 96.00 963
0.367021 69.00 188
0.073394 8.00 109
0.562882 461.00 819

0.415094 374.00 901
0.795775 678.00 852
0.070866 18.00 254
0.591449 249.00 421
0.026721 26.00 973

0.012579 2.00 159
0.340491 111.00 326
0.433333 182.00 420
0.170886 27.00 158
0.943128 199.00 211

0.143731 47.00 327
0.107914 15.00 139
0.236460 179.00 757
0.788198 748.00 949
0.624242 103.00 165

0.681214 359.00 527
0.023622 18.00 762
0.465347 47.00 101
0.356322 93.00 261
0.373206 78.00 209

0.350993 53.00 151
0.270710 183.00 676
0.651885 294.00 451
0.090090 20.00 222
0.533662 325.00 609

0.913947 308.00 337
0.534694 131.00 245
0.142857 23.00 161
0.112840 29.00 257
0.197531 112.00 567

0.180556 156.00 864
0.631922 194.00 307
0.285714 30.00 105
0.747664 160.00 214
0.050955 8.00 157

0.176923 23.00 130
0.402123 341.00 848
0.035354 21.00 594
0.835570 747.00 894
0.451827 136.00 301

0.016807 2.00 119
0.521429 73.00 140
0.404459 254.00 628
0.718427 694.00 966
0.237069 55.00 232

0.018617 7.00 376
0.651982 148.00 227
0.675225 526.00 779
0.329457 85.00 258
0.227273 120.00 528

0.619289 122.00 197
0.586498 278.00 474
0.163636 18.00 110
0.098551 34.00 345
0.433333 390.00 900

0.511628 418.00 817
0.263217 234.00 889
0.017738 8.00 451
0.695122 171.00 246
0.413333 62.00 150

0.424870 82.00 193
0.730769 133.00 182
0.491379 285.00 580
0.089431 11.00 123
0.164241 79.00 481

0.451852 61.00 135
0.985915 140.00 142
0.045872 25.00 545
0.338384 67.00 198
0.077720 15.00 193

0.549479 211.00 384
0.090643 31.00 342
0.570605 198.00 347
0.450142 316.00 702
0.237624 48.00 202

0.514523 124.00 241
0.603604 134.00 222
0.342926 143.00 417
0.380228 100.00 263
0.061644 9.00 146

0.082397 22.00 267
0.138277 69.00 499
0.239362 45.00 188
0.836538 87.00 104
0.600592 203.00 338

0.276423 68.00 246
0.669887 416.00 621
0.133333 22.00 165
0.472131 144.00 305
0.348485 46.00 132

0.534091 94.00 176
0.517241 195.00 377
0.062691 41.00 654
0.240310 31.00 129
0.542334 237.00 437

0.420495 119.00 283
0.514706 70.00 136
0.541667 91.00 168
0.068548 17.00 248
0.353285 242.00 685

0.480916 252.00 524
0.390977 52.00 133
0.426357 55.00 129
0.459459 51.00 111
0.144643 81.00 560

0.074663 61.00 817
0.740999 638.00 861
0.733656 303.00 413
0.044346 20.00 451
0.307527 143.00 465

0.126943 49.00 386
0.641026 250.00 390
0.771496 655.00 849
0.166124 51.00 307
0.192982 22.00 114

0.195473 95.00 486
0.703991 635.00 902
0.066116 8.00 121
0.753968 95.00 126
0.184358 99.00 537

0.731818 161.00 220
0.266667 88.00 330
0.040000 4.00 100
0.088435 13.00 147
0.778261 179.00 230

0.408293 256.00 627
0.292135 52.00 178
0.842105 144.00 171
0.108280 34.00 314
0.250000 118.00 472

0.575342 84.00 146
0.338129 47.00 139
0.319520 293.00 917
0.300546 55.00 183
0.363636 68.00 187

0.087500 14.00 160
0.630208 484.00 768
0.775000 93.00 120
0.195402 51.00 261
0.215190 68.00 316

0.348519 153.00 439
0.283531 167.00 589
0.434988 368.00 846
0.592233 183.00 309
0.240648 193.00 802

0.233668 93.00 398
0.344130 170.00 494
0.740552 725.00 979
0.576923 75.00 130
0.006593 3.00 455

0.704698 105.00 149
0.419718 149.00 355
0.242515 81.00 334
0.295597 47.00 159
0.235795 83.00 352

0.493261 183.00 371
0.092166 20.00 217
0.250794 79.00 315
0.262136 54.00 206
0.802083 308.00 384

0.564356 57.00 101
0.114516 71.00 620
0.235000 47.00 200
0.219158 151.00 689
0.767790 205.00 267

0.050279 9.00 179
0.099237 13.00 131
0.945946 350.00 370
0.739130 136.00 184
0.064426 23.00 357

0.319106 157.00 492
0.377562 350.00 927
0.837209 108.00 129
0.238208 101.00 424
0.133929 15.00 112

0.439153 83.00 189
0.164474 25.00 152
0.446602 138.00 309
0.572687 260.00 454
0.277487 106.00 382

0.109453 22.00 201
0.837580 263.00 314
0.473510 286.00 604
0.366667 77.00 210
0.114865 17.00 148

0.546067 243.00 445
0.390625 50.00 128
0.413882 322.00 778
0.354756 138.00 389
0.197368 45.00 228

0.590361 196.00 332
0.192982 121.00 627
0.185841 84.00 452
0.740741 140.00 189
0.191358 31.00 162

0.018519 11.00 594
0.028340 7.00 247
0.451852 122.00 270
0.864662 115.00 133
0.531818 117.00 220

0.745614 85.00 114
0.194332 48.00 247
0.235294 44.00 187
0.367199 253.00 689
0.350427 287.00 819

0.640684 337.00 526
0.475309 77.00 162
0.154605 47.00 304
0.161224 79.00 490
0.466102 55.00 118

0.104738 42.00 401
0.823529 238.00 289
0.862786 415.00 481
0.073129 43.00 588
0.037313 10.00 268

0.618785 112.00 181
0.239748 76.00 317
0.077022 60.00 779
0.639175 186.00 291
0.325926 44.00 135

0.027473 5.00 182
0.772512 163.00 211
0.555556 365.00 657
0.146341 90.00 615
0.395062 64.00 162

0.057500 23.00 400
0.238095 25.00 105
0.397946 310.00 779
0.522727 184.00 352
0.684211 104.00 152

0.056701 22.00 388
0.270833 65.00 240
0.384030 202.00 526
0.264605 77.00 291
0.924220 622.00 673

0.437500 133.00 304
0.049587 6.00 121
0.314103 49.00 156
0.526667 474.00 900
0.573770 140.00 244

0.134639 110.00 817
0.751756 642.00 854
0.892430 224.00 251
0.010526 6.00 570
0.109375 28.00 256

0.046729 5.00 107
0.529126 436.00 824
0.676798 668.00 987
0.034483 4.00 116
0.608371 407.00 669

0.763441 213.00 279
0.541838 395.00 729
0.121053 23.00 190
0.033289 25.00 751
0.441520 151.00 342

0.524272 108.00 206
0.051724 6.00 116
0.113402 22.00 194
0.961433 349.00 363
0.251101 57.00 227

0.053846 35.00 650
0.127371 47.00 369
0.710970 337.00 474
0.761905 128.00 168
0.250000 26.00 104

0.031056 5.00 161
0.195272 190.00 973
0.872483 130.00 149
0.749609 479.00 639
0.045198 8.00 177

0.377358 40.00 106
0.669565 385.00 575
0.457447 172.00 376
0.385475 69.00 179
0.012876 9.00 699

0.988571 173.00 175
0.379404 280.00 738
0.037915 8.00 211
0.442149 321.00 726
0.050802 19.00 374

0.443396 47.00 106
0.076923 12.00 156
0.808176 257.00 318
0.162667 61.00 375
0.402414 400.00 994

0.873874 97.00 111
0.135279 51.00 377
0.233035 182.00 781
0.063830 9.00 141
0.594030 199.00 335

0.544688 323.00 593
0.598639 88.00 147
0.020134 3.00 149
0.443165 308.00 695
0.290698 100.00 344

0.327273 72.00 220
0.802548 126.00 157
0.313830 59.00 188
0.139752 45.00 322
0.319196 286.00 896

0.167939 22.00 131
0.233898 207.00 885
0.364138 264.00 725
0.684564 102.00 149
0.449339 102.00 227

0.489607 212.00 433
0.272189 46.00 169
0.278689 136.00 488
0.191874 85.00 443
0.671498 278.00 414

0.506925 183.00 361
0.635514 204.00 321
0.490000 49.00 100
0.098326 94.00 956
0.166434 119.00 715

0.009302 2.00 215
0.313837 220.00 701
0.387097 384.00 992
0.590244 121.00 205
0.600000 90.00 150

0.473581 242.00 511
0.047344 41.00 866
0.682493 230.00 337
0.313487 258.00 823
0.380952 40.00 105

0.757246 209.00 276
0.092166 20.00 217
0.448739 267.00 595
0.192053 29.00 151
0.411111 148.00 360

0.182844 81.00 443
0.980296 597.00 609
0.165698 57.00 344
0.423729 50.00 118
0.149068 24.00 161

0.674419 319.00 473
0.244548 157.00 642
0.363636 40.00 110
0.401003 160.00 399
0.215859 98.00 454

0.245562 83.00 338
0.111919 77.00 688
0.129808 27.00 208
0.739645 250.00 338
0.674658 197.00 292

0.201493 81.00 402
0.377856 215.00 569
0.557279 467.00 838
0.017284 7.00 405
0.746606 165.00 221

0.011905 2.00 168
0.361111 104.00 288
0.800000 140.00 175
0.495495 55.00 111
0.226268 174.00 769

0.325000 39.00 120
0.875969 113.00 129
0.386916 207.00 535
0.307143 43.00 140
0.002732 1.00 366

0.133880 49.00 366
0.220472 28.00 127
0.310909 171.00 550
0.689655 380.00 551
0.543860 62.00 114

0.573209 184.00 321
0.216710 83.00 383
0.313869 129.00 411
0.041162 17.00 413
0.753036 186.00 247

0.255144 62.00 243
0.135379 75.00 554
0.627907 81.00 129
0.716129 111.00 155
0.170732 77.00 451

0.051282 6.00 117
0.020997 8.00 381
0.601667 361.00 600
0.911032 512.00 562
0.319277 53.00 166

0.351810 311.00 884
0.302600 128.00 423
0.165563 25.00 151
0.952703 141.00 148
0.127962 27.00 211

0.089041 13.00 146
0.900000 180.00 200
0.191429 67.00 350
0.477124 73.00 153
0.240204 141.00 587

0.210084 25.00 119
0.270588 69.00 255
0.488400 400.00 819
0.080268 72.00 897
0.850829 154.00 181

0.602094 460.00 764
0.010889 6.00 551
0.504559 166.00 329
0.382812 147.00 384
0.402062 78.00 194

0.100000 33.00 330
0.533960 511.00 957
0.217391 140.00 644
0.888502 255.00 287
0.158768 67.00 422

0.686347 186.00 271
0.336283 76.00 226
0.644699 225.00 349
0.016158 9.00 557
0.213974 49.00 229

0.465729 265.00 569
0.430168 77.00 179
0.352679 237.00 672
0.146341 90.00 615
0.507726 460.00 906

0.016949 7.00 413
0.458746 139.00 303
0.532934 267.00 501
0.222535 79.00 355
0.671166 547.00 815

0.491124 83.00 169
0.196429 22.00 112
0.650685 95.00 146
0.419162 70.00 167
0.133758 105.00 785

0.348361 85.00 244
0.398010 160.00 402
0.396985 79.00 199
0.299611 77.00 257
0.454545 70.00 154

0.153846 20.00 130
0.188088 60.00 319
0.212548 166.00 781
0.765854 157.00 205
0.576355 117.00 203

0.605263 414.00 684
0.017054 11.00 645
0.329957 228.00 691
0.084768 64.00 755
0.862454 696.00 807

0.549580 327.00 595
0.088937 41.00 461
0.308824 84.00 272
0.814815 110.00 135
0.140732 123.00 874

0.793388 96.00 121
0.523810 110.00 210
0.178082 26.00 146
0.279245 148.00 530
0.125000 23.00 184

0.082418 15.00 182
0.188841 88.00 466
0.420000 42.00 100
0.324074 35.00 108
0.879397 350.00 398

0.743103 431.00 580
0.251029 61.00 243
0.239506 194.00 810
0.396804 298.00 751
0.268116 37.00 138

0.418750 67.00 160
0.299252 120.00 401
0.180672 43.00 238
0.652695 109.00 167
0.350835 147.00 419

0.309958 221.00 713
0.316804 115.00 363
0.561576 342.00 609
0.113475 16.00 141
0.594059 60.00 101

0.295652 68.00 230
0.595801 454.00 762
0.295739 118.00 399
0.624365 123.00 197
0.085714 9.00 105

0.626087 72.00 115
0.180422 94.00 521
0.166667 19.00 114
0.758734 695.00 916
0.170213 24.00 141

0.023923 5.00 209
0.265403 56.00 211
0.699515 433.00 619
0.737643 194.00 263
0.171875 44.00 256

0.753333 226.00 300
0.011976 2.00 167
0.480769 100.00 208
0.542056 116.00 214
0.112593 76.00 675

0.644970 109.00 169
0.045198 16.00 354
0.988024 165.00 167
0.141994 47.00 331
0.077982 17.00 218

0.183594 47.00 256
0.364130 134.00 368
0.646489 267.00 413
0.068783 13.00 189
0.637741 463.00 726

0.105634 15.00 142
0.785714 451.00 574
0.097015 52.00 536
0.120198 97.00 807
0.790476 166.00 210

0.272959 107.00 392
0.115385 12.00 104
0.523256 135.00 258
0.433628 49.00 113
0.553719 469.00 847

0.635714 89.00 140
0.076512 43.00 562
0.550245 449.00 816
0.508475 90.00 177
0.132251 57.00 431

0.474359 74.00 156
0.431818 95.00 220
0.056000 7.00 125
0.496350 68.00 137
0.434389 96.00 221

0.559783 206.00 368
0.022901 3.00 131
0.190678 135.00 708
0.148196 115.00 776
0.978723 414.00 423

0.276243 50.00 181
0.139896 54.00 386
0.566188 355.00 627
0.431034 100.00 232
0.481651 105.00 218

0.285000 171.00 600
0.881062 763.00 866
0.041600 26.00 625
0.196262 21.00 107
0.497976 123.00 247

0.093923 17.00 181
0.746939 366.00 490
0.095771 77.00 804
0.106383 20.00 188
0.856410 334.00 390

0.574307 456.00 794
0.144737 44.00 304
0.364486 39.00 107
0.413333 62.00 150
0.397436 62.00 156

0.310897 97.00 312
0.250000 57.00 228
0.384615 45.00 117
0.615646 181.00 294
0.333333 55.00 165

0.448780 184.00 410
0.601504 160.00 266
0.294915 174.00 590
0.403101 52.00 129
0.153495 101.00 658

0.437376 220.00 503
0.782946 101.00 129
0.403670 88.00 218
0.259740 120.00 462
0.016129 7.00 434

0.224719 40.00 178
0.399177 97.00 243
0.416783 298.00 715
0.129032 32.00 248
0.735099 111.00 151

0.204978 140.00 683
0.352641 207.00 587
0.375276 170.00 453
0.084211 32.00 380
0.883378 659.00 746

0.196108 131.00 668
0.147838 106.00 717
0.347429 304.00 875
0.863135 391.00 453
0.346939 68.00 196

0.981087 415.00 423
0.565789 86.00 152
0.049645 7.00 141
0.016461 12.00 729
0.289439 222.00 767

0.200280 143.00 714
0.605455 333.00 550
0.255072 88.00 345
0.687898 108.00 157
0.155216 61.00 393

0.024793 6.00 242
0.519108 163.00 314
0.869919 107.00 123
0.464088 84.00 181
0.022222 8.00 360

0.308562 191.00 619
0.519048 109.00 210
0.418033 51.00 122
0.423729 50.00 118
0.230392 47.00 204

0.176183 108.00 613
0.265284 243.00 916
0.432515 141.00 326
0.898230 203.00 226
0.126235 115.00 911

0.068862 23.00 334
0.675937 559.00 827
0.842593 182.00 216
0.005051 3.00 594
0.306186 297.00 970

0.180606 149.00 825
0.320000 272.00 850
0.016260 6.00 369
0.857616 259.00 302
0.526846 314.00 596

0.844037 92.00 109
0.154440 40.00 259
0.129518 43.00 332
0.541436 98.00 181
0.234813 201.00 856

0.118012 38.00 322
0.671329 96.00 143
0.420000 42.00 100
0.114823 55.00 479
0.581006 104.00 179

0.362069 42.00 116
0.811813 591.00 728
0.197605 33.00 167
0.113725 87.00 765
0.411003 127.00 309

0.353659 58.00 164
0.020921 5.00 239
0.768212 232.00 302
0.147741 121.00 819
0.611722 501.00 819

0.538153 268.00 498
0.121827 24.00 197
0.885159 501.00 566
0.123675 35.00 283
0.230088 26.00 113

0.512821 60.00 117
0.258333 31.00 120
0.389706 212.00 544
0.683391 395.00 578
0.060700 59.00 972

0.117284 19.00 162
0.583893 174.00 298
0.788932 613.00 777
0.353319 165.00 467
0.055838 11.00 197

0.140325 95.00 677
0.110302 106.00 961
0.890110 162.00 182
0.487113 189.00 388
0.274510 42.00 153

0.784543 670.00 854
0.191453 112.00 585
0.083333 16.00 192
0.696000 87.00 125
0.145985 20.00 137

0.780000 390.00 500
0.278075 52.00 187
0.008850 1.00 113
0.527027 78.00 148
0.302817 86.00 284

0.426877 216.00 506
0.348148 47.00 135
0.331006 237.00 716
0.239837 118.00 492
0.551845 314.00 569

0.043478 5.00 115
0.555556 85.00 153
0.637149 295.00 463
0.593333 267.00 450
0.071672 42.00 586

0.438735 111.00 253
0.587302 259.00 441
0.338279 114.00 337
0.135338 18.00 133
0.401961 82.00 204

0.480692 361.00 751
0.193146 62.00 321
0.194245 27.00 139
0.788732 112.00 142
0.236760 76.00 321

0.270349 93.00 344
0.509615 106.00 208
0.006305 5.00 793
0.590406 160.00 271
0.523929 208.00 397

0.206897 144.00 696
0.575342 252.00 438
0.042017 20.00 476
0.325269 121.00 372
0.749049 197.00 263

0.312914 189.00 604
0.273743 49.00 179
0.618661 305.00 493
0.086957 14.00 161
0.610022 560.00 918

0.198758 64.00 322
0.724409 92.00 127
0.163968 81.00 494
0.166667 44.00 264
0.645161 100.00 155

0.144231 15.00 104
0.260563 37.00 142
0.586777 71.00 121
0.540323 67.00 124
0.367470 244.00 664

0.063077 41.00 650
0.188525 23.00 122
0.438825 269.00 613
0.676471 322.00 476
0.534483 62.00 116

0.387097 168.00 434
0.566390 546.00 964
0.268657 36.00 134
0.011952 3.00 251
0.662420 104.00 157

0.768000 96.00 125
0.576037 125.00 217
0.351225 301.00 857
0.167286 45.00 269
0.040323 40.00 992

0.863158 492.00 570
0.259843 33.00 127
0.033113 5.00 151
0.458621 133.00 290
0.285088 65.00 228

0.075188 10.00 133
0.144804 85.00 587
0.387261 304.00 785
0.697789 284.00 407
0.597087 123.00 206

0.381818 42.00 110
0.167373 79.00 472
0.640394 130.00 203
0.699176 509.00 728
0.011561 2.00 173

0.345098 88.00 255
0.515974 323.00 626
0.215476 181.00 840
0.687500 209.00 304
0.136882 36.00 263

0.566210 124.00 219
0.050336 15.00 298
0.838509 675.00 805
0.437117 285.00 652
0.009259 3.00 324

0.943750 151.00 160
0.250636 197.00 786
0.232112 133.00 573
0.125506 31.00 247
0.351275 124.00 353

0.075472 16.00 212
0.256329 81.00 316
0.486911 93.00 191
0.324094 152.00 469
0.757415 715.00 944

0.190909 21.00 110
0.792746 459.00 579
0.382353 273.00 714
0.323322 183.00 566
0.213873 37.00 173

0.991441 695.00 701
0.490741 53.00 108
0.061920 20.00 323
0.125000 36.00 288
0.228571 32.00 140

0.172638 53.00 307
0.544529 428.00 786
0.206003 151.00 733
0.298469 117.00 392
0.682692 71.00 104

0.052632 6.00 114
0.010638 3.00 282
0.919255 148.00 161
0.656000 164.00 250
0.263039 116.00 441

0.186667 84.00 450
0.492701 135.00 274
0.908163 178.00 196
0.060606 10.00 165
0.250000 50.00 200

0.269504 38.00 141
0.788462 82.00 104
0.046875 24.00 512
0.247601 129.00 521
0.549928 380.00 691

0.370892 237.00 639
0.178707 94.00 526
0.554745 76.00 137
0.451429 79.00 175
0.345254 251.00 727

0.629213 112.00 178
0.507109 107.00 211
0.083056 25.00 301
0.636822 505.00 793
0.040404 8.00 198

0.389677 302.00 775
0.390591 357.00 914
0.633929 142.00 224
0.248668 140.00 563
0.238267 66.00 277

0.899408 152.00 169
0.325153 53.00 163
0.045267 11.00 243
0.399340 121.00 303
0.229282 83.00 362

0.234399 154.00 657
0.014634 3.00 205
0.062016 16.00 258
0.747515 376.00 503
0.840678 248.00 295

0.313187 57.00 182
0.732203 432.00 590
0.260536 204.00 783
0.162234 61.00 376
0.438095 46.00 105

0.249042 195.00 783
0.604167 174.00 288
0.858093 387.00 451
0.034574 13.00 376
0.158228 25.00 158

0.083060 76.00 915
0.454545 55.00 121
0.430464 130.00 302
0.318367 78.00 245
0.611722 167.00 273

0.422843 348.00 823
0.534591 85.00 159
0.120690 21.00 174
0.767932 182.00 237
0.051852 7.00 135

0.770115 603.00 783
0.057882 47.00 812
0.009524 1.00 105
0.767742 119.00 155
0.294355 146.00 496

0.366505 151.00 412
0.127660 66.00 517
0.824859 146.00 177
0.096916 22.00 227
0.484472 78.00 161

0.568528 112.00 197
0.621849 296.00 476
0.315700 185.00 586
0.276753 75.00 271
0.117521 55.00 468

0.721154 150.00 208
0.840647 728.00 866
0.269231 84.00 312
0.054054 6.00 111
0.014563 6.00 412

0.276546 237.00 857
0.500000 85.00 170
0.361823 127.00 351
0.033493 7.00 209
0.727273 104.00 143

0.244505 89.00 364
0.929134 118.00 127
0.244444 55.00 225
0.211855 193.00 911
0.272436 255.00 936

0.593985 79.00 133
0.461538 72.00 156
0.010274 3.00 292
0.634033 272.00 429
0.200000 40.00 200

0.151468 98.00 647
0.283414 176.00 621
0.401442 334.00 832
0.659607 436.00 661
0.404682 121.00 299

0.513605 151.00 294
0.541899 97.00 179
0.160612 84.00 523
0.546729 117.00 214
0.132972 98.00 737

0.104072 23.00 221
0.123457 50.00 405
0.360976 74.00 205
0.869712 514.00 591
0.441011 314.00 712

0.473282 248.00 524
0.950000 361.00 380
0.090909 11.00 121
0.012658 2.00 158
0.373832 40.00 107

0.546296 177.00 324
0.122093 105.00 860
0.216138 150.00 694
0.702660 449.00 639
0.314685 45.00 143

0.601103 327.00 544
0.421875 81.00 192
0.196970 39.00 198
0.438776 129.00 294
0.237903 59.00 248

0.929019 445.00 479
0.365112 180.00 493
0.130653 26.00 199
0.161290 20.00 124
0.312500 90.00 288

0.612284 319.00 521
0.098820 67.00 678
0.195312 25.00 128
0.567493 206.00 363
0.431452 107.00 248

0.337255 86.00 255
0.518367 127.00 245
0.782297 654.00 836
0.014815 2.00 135
0.250000 44.00 176

0.781893 380.00 486
0.335357 221.00 659
0.213836 34.00 159
0.500000 78.00 156
0.064433 50.00 776

0.232432 43.00 185
0.355091 136.00 383
0.536585 176.00 328
0.081481 11.00 135
0.690058 118.00 171

0.705224 189.00 268
0.408000 51.00 125
0.190141 54.00 284
0.159794 31.00 194
0.439316 257.00 585

0.033898 8.00 236
0.880851 207.00 235
0.670759 601.00 896
0.193042 172.00 891
0.121429 51.00 420

0.005650 1.00 177
0.547445 75.00 137
0.423469 166.00 392
0.344262 84.00 244
0.580420 83.00 143

0.424821 178.00 419
0.169903 70.00 412
0.533333 144.00 270
0.090226 12.00 133
0.681592 274.00 402

0.516129 64.00 124
0.240385 50.00 208
0.917431 100.00 109
0.203008 27.00 133
0.025496 9.00 353

0.739759 307.00 415
0.022642 6.00 265
0.644860 69.00 107
0.048077 5.00 104
0.445055 81.00 182

0.365422 186.00 509
0.641758 292.00 455
0.653938 274.00 419
0.101796 34.00 334
0.136000 68.00 500

0.693182 183.00 264
0.281553 29.00 103
0.467033 170.00 364
0.156600 140.00 894
0.298667 112.00 375

0.222222 30.00 135
0.668508 363.00 543
0.019608 5.00 255
0.631466 586.00 928
0.360248 290.00 805

0.564728 301.00 533
0.858995 530.00 617
0.030303 8.00 264
0.104839 26.00 248
0.341202 159.00 466

0.740385 308.00 416
0.150602 25.00 166
0.059917 58.00 968
0.532819 138.00 259
0.418539 149.00 356

0.476019 397.00 834
0.032723 25.00 764
0.763485 184.00 241
0.412766 194.00 470
0.213699 78.00 365

0.109589 64.00 584
0.346701 268.00 773
0.702703 156.00 222
0.276740 163.00 589
0.463087 69.00 149

0.849315 124.00 146
0.086225 82.00 951
0.257384 61.00 237
0.544643 61.00 112
0.160000 60.00 375

0.284553 210.00 738
0.814815 616.00 756
0.352727 97.00 275
0.051205 17.00 332
0.393728 113.00 287

0.341530 125.00 366
0.271845 28.00 103
0.526316 120.00 228
0.595687 221.00 371
0.163636 18.00 110

0.036269 7.00 193
0.747604 234.00 313
0.089139 87.00 976
0.504545 111.00 220
0.523077 68.00 130

0.591837 145.00 245
0.368421 63.00 171
0.215190 34.00 158
0.003077 1.00 325
0.722222 91.00 126

0.057143 6.00 105
0.152466 34.00 223
0.880435 648.00 736
0.392537 263.00 670
0.413876 173.00 418

0.063830 9.00 141
0.220000 22.00 100
0.390671 268.00 686
0.930394 401.00 431
0.292958 104.00 355

0.893764 387.00 433
0.097561 28.00 287
0.789916 94.00 119
0.070796 24.00 339
0.053030 7.00 132

0.507599 167.00 329
0.234818 58.00 247
0.387097 96.00 248
0.655589 217.00 331
0.117397 83.00 707

0.152174 21.00 138
0.679054 201.00 296
0.340050 135.00 397
0.541284 59.00 109
0.177914 29.00 163

0.542636 70.00 129
0.020000 2.00 100
0.916981 243.00 265
0.132053 110.00 833
0.289007 163.00 564

0.525672 215.00 409
0.457746 65.00 142
0.318182 98.00 308
0.405941 82.00 202
0.198864 70.00 352

0.627429 549.00 875
0.866766 579.00 668
0.045000 9.00 200
0.325424 96.00 295
0.037662 29.00 770

0.406015 54.00 133
0.091716 62.00 676
0.755556 646.00 855
0.244275 32.00 131
0.401617 149.00 371

0.154613 62.00 401
0.817251 559.00 684
0.169643 19.00 112
0.700326 215.00 307
0.061947 7.00 113

0.463351 354.00 764
0.852783 475.00 557
0.178295 161.00 903
0.088319 31.00 351
0.317352 278.00 876

0.215517 25.00 116
0.317669 169.00 532
0.522727 92.00 176
0.513514 133.00 259
0.325000 104.00 320

0.780303 103.00 132
0.203822 96.00 471
0.346154 153.00 442
0.149686 119.00 795
0.423729 50.00 118

0.658824 112.00 170
0.516717 170.00 329
0.044776 33.00 737
0.174807 68.00 389
0.500000 64.00 128

0.516484 188.00 364
0.116162 23.00 198
0.448276 78.00 174
0.779661 322.00 413
0.042202 23.00 545

0.339474 129.00 380
0.439759 146.00 332
0.410909 113.00 275
0.590000 59.00 100
0.123675 35.00 283

0.918736 407.00 443
0.383028 167.00 436
0.231788 105.00 453
0.106383 15.00 141
0.264286 37.00 140

0.650862 151.00 232
0.469274 252.00 537
0.392650 203.00 517
0.212355 55.00 259
0.177215 28.00 158

0.358779 47.00 131
0.166667 138.00 828
0.576230 480.00 833
0.623288 91.00 146
0.176796 32.00 181

0.223368 130.00 582
0.023810 4.00 168
0.431421 173.00 401
0.405650 359.00 885
0.812500 156.00 192

0.506250 162.00 320
0.065957 31.00 470
0.680585 326.00 479
0.275862 32.00 116
0.372500 149.00 400

0.257143 27.00 105
0.688378 539.00 783
0.860606 568.00 660
0.031477 13.00 413
0.062914 38.00 604

0.647303 312.00 482
0.667665 223.00 334
0.485564 185.00 381
0.047138 14.00 297
0.049911 28.00 561

0.134375 129.00 960
0.402597 124.00 308
0.227642 28.00 123
0.685761 419.00 611
0.452442 176.00 389

0.676225 566.00 837
0.124498 62.00 498
0.005479 2.00 365
0.762637 694.00 910
0.331492 120.00 362

0.629032 117.00 186
0.166166 166.00 999
0.240554 191.00 794
0.716553 316.00 441
0.144000 18.00 125

0.120219 44.00 366
0.351724 255.00 725
0.761062 258.00 339
0.185629 62.00 334
0.483607 59.00 122

0.054945 10.00 182
0.192661 42.00 218
0.453074 420.00 927
0.777992 403.00 518
0.423469 415.00 980

0.032508 21.00 646
0.475046 257.00 541
0.020305 4.00 197
0.846014 467.00 552
0.526042 101.00 192

0.322204 193.00 599
0.515152 68.00 132
0.111922 46.00 411
0.327731 117.00 357
0.624113 88.00 141

0.194737 37.00 190
0.056225 28.00 498
0.727848 115.00 158
0.203438 71.00 349
0.714286 100.00 140

0.430380 170.00 395
0.419048 44.00 105
0.365127 245.00 671
0.444008 226.00 509
0.237354 122.00 514

0.862876 258.00 299
0.076923 9.00 117
0.286385 61.00 213
0.305310 69.00 226
0.367470 122.00 332

0.185547 95.00 512
0.922680 358.00 388
0.019194 10.00 521
0.539642 422.00 782
0.233480 53.00 227

0.003484 1.00 287
0.193029 72.00 373
0.698347 338.00 484
0.827586 192.00 232
0.178295 69.00 387

0.351974 107.00 304
0.096774 27.00 279
0.550796 450.00 817
0.082569 9.00 109
0.815884 226.00 277

0.081505 26.00 319
0.533835 71.00 133
0.070896 19.00 268
0.213740 28.00 131
0.995897 971.00 975

0.966555 289.00 299
0.119874 76.00 634
0.261324 75.00 287
0.503975 317.00 629
0.048780 24.00 492

0.072414 21.00 290
0.960000 408.00 425
0.584967 358.00 612
0.130769 17.00 130
0.155172 27.00 174

0.715596 156.00 218
0.220930 76.00 344
0.545455 66.00 121
0.415493 59.00 142
0.005693 3.00 527

0.100402 25.00 249
0.473430 98.00 207
0.466981 297.00 636
0.284211 54.00 190
0.576138 367.00 637

0.126316 24.00 190
0.551020 81.00 147
0.298611 43.00 144
0.385366 79.00 205
0.538462 133.00 247

0.460784 188.00 408
0.056604 6.00 106
0.473310 399.00 843
0.128205 15.00 117
0.778846 324.00 416

0.451705 318.00 704
0.173913 20.00 115
0.477011 83.00 174
0.262799 231.00 879
0.534700 339.00 634

0.055046 6.00 109
0.481366 155.00 322
0.478426 377.00 788
0.151899 24.00 158
0.729378 504.00 691

0.571429 76.00 133
0.470679 305.00 648
0.045455 14.00 308
0.107143 33.00 308
0.703704 76.00 108

0.373913 43.00 115
0.099174 12.00 121
0.208861 132.00 632
0.722571 461.00 638
0.498807 209.00 419

0.414530 194.00 468
0.596042 512.00 859
0.442308 207.00 468
0.151079 42.00 278
0.293413 49.00 167

0.291063 241.00 828
0.442384 334.00 755
0.117647 30.00 255
0.660377 70.00 106
0.384615 110.00 286

0.003341 3.00 898
0.818182 108.00 132
0.625000 70.00 112
0.029268 6.00 205
0.425197 162.00 381

0.189189 28.00 148
0.184080 111.00 603
0.826667 124.00 150
0.571429 68.00 119
0.130380 103.00 790

0.779783 216.00 277
0.109836 67.00 610
0.694105 624.00 899
0.171053 39.00 228
0.143969 37.00 257

0.357542 128.00 358
0.852476 809.00 949
0.034965 10.00 286
0.600000 63.00 105
0.057143 6.00 105

0.268657 54.00 201
0.705729 271.00 384
0.449367 142.00 316
0.423913 117.00 276
0.053476 10.00 187

0.098684 60.00 608
0.478528 78.00 163
0.506623 153.00 302
0.312883 51.00 163
0.507177 106.00 209

0.143177 64.00 447
0.169312 64.00 378
0.365079 46.00 126
0.234421 79.00 337
0.986014 282.00 286

0.809273 768.00 949
0.426617 343.00 804
0.045249 10.00 221
0.354386 101.00 285
0.266990 55.00 206

0.792961 383.00 483
0.009346 1.00 107
0.395543 142.00 359
0.684426 167.00 244
0.020057 7.00 349

0.566038 60.00 106
0.699831 415.00 593
0.231203 123.00 532
0.161468 88.00 545
0.241150 109.00 452

0.976744 168.00 172
0.262487 247.00 941
0.386364 68.00 176
0.211268 30.00 142
0.062500 27.00 432

0.194444 21.00 108
0.157143 22.00 140
0.578059 137.00 237
0.620853 524.00 844
0.353020 263.00 745

0.227174 209.00 920
0.856000 107.00 125
0.060870 7.00 115
0.047535 27.00 568
0.705069 153.00 217

0.769345 517.00 672
0.098726 31.00 314
0.024194 3.00 124
0.279863 164.00 586
0.724576 171.00 236

0.673333 101.00 150
0.812834 608.00 748
0.270042 64.00 237
0.097973 29.00 296
0.040323 5.00 124

0.725458 436.00 601
0.286822 37.00 129
0.183515 118.00 643
0.132768 47.00 354
0.568129 246.00 433

0.618119 539.00 872
0.062963 17.00 270
0.062900 59.00 938
0.875472 232.00 265
0.281955 75.00 266

0.549839 342.00 622
0.055556 9.00 162
0.101533 53.00 522
0.474320 157.00 331
0.721805 96.00 133

0.122340 23.00 188
0.121604 94.00 773
0.694690 157.00 226
0.466418 125.00 268
0.497537 101.00 203

0.131833 82.00 622
1.000000 187.00 187
0.436742 252.00 577
0.165810 129.00 778
0.167683 55.00 328

0.246835 39.00 158
0.764151 162.00 212
0.183526 127.00 692
0.123512 83.00 672
0.584000 73.00 125

0.888149 667.00 751
0.142119 55.00 387
0.196335 75.00 382
0.609959 294.00 482
0.063508 63.00 992

0.656535 432.00 658
0.885246 324.00 366
0.091603 12.00 131
0.051813 20.00 386
0.215909 38.00 176

0.940171 110.00 117
0.330341 184.00 557
0.132251 57.00 431
0.297917 143.00 480
0.195531 35.00 179

0.718182 79.00 110
0.054795 12.00 219
0.276952 149.00 538
0.459854 189.00 411
0.391061 70.00 179

0.488742 369.00 755
0.704433 429.00 609
0.002674 1.00 374
0.566303 363.00 641
0.141593 16.00 113

0.035765 25.00 699
0.534060 196.00 367
0.926740 253.00 273
0.083770 16.00 191
0.320312 41.00 128

0.195266 165.00 845
0.810606 107.00 132
0.402778 87.00 216
0.425134 159.00 374
0.070064 11.00 157

0.500000 52.00 104
0.176744 38.00 215
0.217054 56.00 258
0.264286 74.00 280
0.737986 645.00 874

0.389831 230.00 590
0.456604 121.00 265
0.241611 36.00 149
0.325581 56.00 172
0.484848 80.00 165

0.312057 44.00 141
0.296657 213.00 718
0.279938 180.00 643
0.165746 90.00 543
0.840611 770.00 916

0.360958 196.00 543
0.117647 14.00 119
0.900369 244.00 271
0.033033 22.00 666
0.485981 52.00 107

0.589212 142.00 241
0.150754 60.00 398
0.027335 12.00 439
0.610077 557.00 913
0.522523 58.00 111

0.706173 286.00 405
0.150246 61.00 406
0.091463 30.00 328
0.421687 280.00 664
0.531025 368.00 693

0.030418 8.00 263
0.188976 24.00 127
0.214748 166.00 773
0.642157 262.00 408
0.823050 707.00 859

0.439716 186.00 423
0.873626 159.00 182
0.048872 13.00 266
0.322368 49.00 152
0.215259 79.00 367

0.251778 177.00 703
0.699187 344.00 492
0.268617 101.00 376
0.338462 264.00 780
0.343750 55.00 160

0.987421 157.00 159
0.212766 30.00 141
0.104762 11.00 105
0.133333 18.00 135
0.465784 211.00 453

0.727689 318.00 437
0.361314 99.00 274
0.497175 176.00 354
0.074074 8.00 108
0.239362 135.00 564

0.778947 444.00 570
0.325153 53.00 163
0.083789 46.00 549
0.613139 84.00 137
0.098182 81.00 825

0.661972 94.00 142
0.178571 40.00 224
0.369369 41.00 111
0.055306 37.00 669
0.640884 116.00 181

0.452459 414.00 915
0.403846 231.00 572
0.260870 36.00 138
0.656504 323.00 492
0.124658 91.00 730

0.669725 73.00 109
0.141667 17.00 120
0.056711 30.00 529
0.426752 67.00 157
0.606299 77.00 127

0.953125 305.00 320
0.553648 129.00 233
0.023546 17.00 722
0.206897 54.00 261
0.160858 60.00 373

0.109312 27.00 247
0.239726 35.00 146
0.771144 310.00 402
0.342857 96.00 280
0.433766 167.00 385

0.300945 223.00 741
0.664062 170.00 256
0.736667 221.00 300
0.027685 25.00 903
0.172185 26.00 151

0.591241 243.00 411
0.283082 169.00 597
0.427984 208.00 486
0.565217 169.00 299
0.033810 26.00 769

0.560526 426.00 760
0.069051 56.00 811
0.887500 142.00 160
0.222857 78.00 350
0.161435 36.00 223

0.168776 40.00 237
0.111864 33.00 295
0.963504 132.00 137
0.345533 321.00 929
0.307692 40.00 130

0.023631 22.00 931
0.103933 37.00 356
0.789474 120.00 152
0.470514 375.00 797
0.513043 59.00 115

0.683099 194.00 284
0.485507 201.00 414
0.059829 7.00 117
0.123147 108.00 877
0.553030 146.00 264

0.280488 69.00 246
0.456753 301.00 659
0.120455 106.00 880
0.443182 117.00 264
0.598540 82.00 137

0.419689 81.00 193
0.028846 6.00 208
0.593023 102.00 172
0.430345 312.00 725
0.430645 267.00 620

0.459119 365.00 795
0.232082 68.00 293
0.764984 485.00 634
0.037037 4.00 108
0.406439 202.00 497

0.729249 369.00 506
0.018072 3.00 166
0.694611 464.00 668
0.031250 4.00 128
0.430108 200.00 465

0.719101 128.00 178
0.069930 10.00 143
0.066124 65.00 983
0.937931 272.00 290
0.111449 110.00 987

0.653226 81.00 124
0.306914 182.00 593
0.292225 218.00 746
0.146520 120.00 819
0.500000 56.00 112

0.784615 561.00 715
0.015873 3.00 189
0.498392 155.00 311
0.554472 341.00 615
0.048919 43.00 879

0.030000 3.00 100
0.652038 208.00 319
0.469512 154.00 328
0.429078 121.00 282
0.323529 88.00 272

0.289835 211.00 728
0.715152 118.00 165
0.268166 155.00 578
0.310811 46.00 148
0.316854 141.00 445

0.035294 6.00 170
0.312500 75.00 240
0.834884 359.00 430
0.710407 157.00 221
0.004213 3.00 712

0.666667 74.00 111
0.915663 228.00 249
0.189857 146.00 769
0.015113 12.00 794
0.109890 20.00 182

0.293651 74.00 252
0.541502 137.00 253
0.137973 113.00 819
0.800000 116.00 145
0.130045 58.00 446

0.204114 129.00 632
0.312910 143.00 457
0.598291 70.00 117
0.242604 41.00 169
0.538462 84.00 156

0.101124 63.00 623
0.461538 180.00 390
0.321602 265.00 824
0.464286 130.00 280
0.549669 83.00 151

0.140187 15.00 107
0.321678 46.00 143
0.601626 74.00 123
0.156977 27.00 172
0.673697 543.00 806

0.064286 9.00 140
0.330465 192.00 581
0.689106 563.00 817
0.396450 134.00 338
0.423249 284.00 671

0.276699 57.00 206
0.336634 68.00 202
0.443850 83.00 187
0.657534 192.00 292
0.188005 163.00 867

0.617647 84.00 136
0.093160 79.00 848
0.283582 38.00 134
0.666667 110.00 165
0.238462 62.00 260

0.021583 9.00 417
0.502304 327.00 651
0.246429 69.00 280
0.401198 67.00 167
0.728358 488.00 670

0.147929 50.00 338
0.754417 427.00 566
0.651497 544.00 835
0.012048 3.00 249
0.334816 301.00 899

0.062762 30.00 478
0.409639 102.00 249
0.386100 300.00 777
0.283721 61.00 215
0.755582 643.00 851

0.102410 34.00 332
0.688202 490.00 712
0.027273 27.00 990
0.760920 331.00 435
0.323671 67.00 207

0.619469 490.00 791
0.426267 185.00 434
0.758108 561.00 740
0.042313 30.00 709
0.055351 15.00 271

0.345361 67.00 194
0.429577 61.00 142
0.114780 73.00 636
0.247908 237.00 956
0.760870 140.00 184

0.570552 93.00 163
0.364130 67.00 184
0.172906 97.00 561
0.488550 64.00 131
0.303922 155.00 510

0.303333 182.00 600
0.300000 84.00 280
0.118388 47.00 397
0.852598 804.00 943
0.325792 144.00 442

0.519553 372.00 716
0.058626 35.00 597
0.560684 328.00 585
0.373134 125.00 335
0.387931 45.00 116

0.062808 51.00 812
0.995392 216.00 217
0.192547 31.00 161
0.389189 72.00 185
0.259117 135.00 521

0.862559 182.00 211
0.043210 7.00 162
0.465116 160.00 344
0.081879 61.00 745
0.446224 195.00 437

0.689076 82.00 119
0.452703 67.00 148
0.135135 35.00 259
0.515483 283.00 549
0.104895 15.00 143

0.424342 129.00 304
0.145161 45.00 310
0.171633 144.00 839
0.485948 415.00 854
0.673077 420.00 624

0.207547 22.00 106
0.524064 98.00 187
0.127907 55.00 430
0.679666 244.00 359
0.358209 192.00 536

0.453032 381.00 841
0.348253 319.00 916
0.311864 92.00 295
0.496689 75.00 151
0.288235 49.00 170

0.429213 382.00 890
0.200000 40.00 200
0.461538 216.00 468
0.391877 357.00 911
0.414953 222.00 535

0.410256 64.00 156
0.100917 11.00 109
0.897196 96.00 107
0.108597 24.00 221
0.387701 145.00 374

0.214047 64.00 299
0.127349 61.00 479
0.551867 133.00 241
0.500000 145.00 290
0.507143 71.00 140

0.180556 143.00 792
0.130435 15.00 115
0.308725 138.00 447
0.766972 418.00 545
0.511765 174.00 340

0.289720 31.00 107
0.452414 328.00 725
0.733333 187.00 255
0.328125 42.00 128
0.094340 10.00 106

0.171271 62.00 362
0.288779 175.00 606
0.360902 96.00 266
0.280120 186.00 664
0.800000 152.00 190

0.454023 79.00 174
0.570776 125.00 219
0.112903 14.00 124
0.285088 65.00 228
0.474138 55.00 116

0.773414 256.00 331
0.124490 61.00 490
0.280000 28.00 100
0.195900 86.00 439
0.528926 512.00 968

0.260181 115.00 442
0.802139 600.00 748
0.215789 41.00 190
0.471154 98.00 208
0.153509 35.00 228

0.458101 164.00 358
0.142857 38.00 266
0.541850 123.00 227
0.103704 14.00 135
0.657025 159.00 242

0.270000 27.00 100
0.238267 66.00 277
0.812362 368.00 453
0.350649 54.00 154
0.235837 179.00 759

0.260870 60.00 230
0.528037 226.00 428
0.036896 29.00 786
0.153710 87.00 566
0.920759 825.00 896

0.316176 129.00 408
0.850467 91.00 107
0.239837 59.00 246
0.209677 26.00 124
0.282528 76.00 269

0.063043 29.00 460
0.606635 128.00 211
0.100334 30.00 299
0.929174 551.00 593
0.201465 55.00 273

0.542707 413.00 761
0.105140 45.00 428
0.953159 875.00 918
0.022414 13.00 580
0.276730 44.00 159

0.346341 71.00 205
0.853854 853.00 999
0.164474 25.00 152
0.298137 240.00 805
0.238298 56.00 235

0.108108 32.00 296
0.526316 80.00 152
0.794294 529.00 666
0.186992 23.00 123
0.283019 45.00 159

0.404284 302.00 747
0.356674 163.00 457
0.056075 6.00 107
0.381607 361.00 946
0.700624 337.00 481

0.407143 57.00 140
0.166000 83.00 500
0.805970 108.00 134
0.031818 7.00 220
0.488000 61.00 125

0.329268 108.00 328
0.836066 153.00 183
0.106195 60.00 565
0.321782 195.00 606
0.307692 116.00 377

0.605556 218.00 360
0.269608 55.00 204
0.589226 175.00 297
0.338843 41.00 121
0.097744 13.00 133

0.332203 196.00 590
0.115152 19.00 165
0.254902 26.00 102
0.622449 122.00 196
0.577391 332.00 575

0.349057 74.00 212
0.545455 306.00 561
0.432133 312.00 722
0.048276 21.00 435
0.530000 106.00 200

0.505495 92.00 182
0.453552 83.00 183
0.084788 34.00 401
0.815385 477.00 585
0.040404 32.00 792

0.277372 152.00 548
0.326154 106.00 325
0.028369 12.00 423
0.828866 402.00 485
0.441402 403.00 913

0.415354 211.00 508
0.452454 295.00 652
0.021164 4.00 189
0.086614 33.00 381
0.925466 149.00 161

0.524194 65.00 124
0.144654 23.00 159
0.575472 61.00 106
0.584071 66.00 113
0.064838 26.00 401

0.286872 177.00 617
0.238095 65.00 273
0.539735 163.00 302
0.447154 55.00 123
0.390023 172.00 441

0.063241 16.00 253
0.235632 41.00 174
0.655172 76.00 116
0.483709 193.00 399
0.459677 57.00 124

0.120968 15.00 124
0.819444 118.00 144
0.397436 62.00 156
0.377483 57.00 151
0.188889 34.00 180

0.134420 132.00 982
0.030675 10.00 326
0.865052 750.00 867
0.012113 9.00 743
0.855721 172.00 201

0.250970 194.00 773
0.682927 476.00 697
0.676617 408.00 603
0.067982 62.00 912
0.222543 154.00 692

0.351955 126.00 358
0.327778 177.00 540
0.514563 53.00 103
0.637255 130.00 204
0.075342 11.00 146

0.034247 5.00 146
0.122302 17.00 139
0.055556 17.00 306
0.752000 94.00 125
0.936819 430.00 459

0.100000 10.00 100
0.475842 325.00 683
0.162195 133.00 820
0.567434 345.00 608
0.597633 303.00 507

0.325444 55.00 169
0.190751 33.00 173
0.077465 33.00 426
0.461988 79.00 171
0.843552 399.00 473

0.015679 9.00 574
0.837838 93.00 111
0.193309 52.00 269
0.320783 213.00 664
0.533654 222.00 416

0.312069 181.00 580
0.008451 3.00 355
0.713235 97.00 136
0.020725 4.00 193
0.847222 122.00 144

0.789091 217.00 275
0.003656 2.00 547
0.826131 822.00 995
0.122642 39.00 318
0.159919 79.00 494

0.255172 37.00 145
0.055556 15.00 270
0.361868 186.00 514
0.415094 44.00 106
0.817805 395.00 483

0.468647 142.00 303
0.464627 243.00 523
0.653768 321.00 491
0.048810 41.00 840
0.267574 118.00 441

0.244604 68.00 278
0.142857 59.00 413
0.428571 48.00 112
0.435583 71.00 163
0.643357 92.00 143

0.645078 249.00 386
0.007474 5.00 669
0.203209 38.00 187
0.058442 9.00 154
0.989011 180.00 182

0.084320 57.00 676
0.578431 59.00 102
0.797085 711.00 892
0.432692 45.00 104
0.009162 7.00 764

0.689024 113.00 164
0.084942 22.00 259
0.091892 17.00 185
0.987069 229.00 232
0.048518 18.00 371

0.761364 201.00 264
0.478873 68.00 142
0.240122 79.00 329
0.407407 99.00 243
0.015267 4.00 262

0.516062 498.00 965
0.101266 24.00 237
0.256198 31.00 121
0.245470 149.00 607
0.777426 737.00 948

0.244048 41.00 168
0.526860 255.00 484
0.505051 200.00 396
0.136095 69.00 507
0.487288 115.00 236

0.100000 16.00 160
0.121212 24.00 198
0.692893 546.00 788
0.980583 101.00 103
0.003030 1.00 330

0.001342 1.00 745
0.301552 136.00 451
0.475000 114.00 240
0.836735 246.00 294
0.284553 105.00 369

0.423313 138.00 326
0.395161 49.00 124
0.009690 5.00 516
0.490842 134.00 273
0.578652 206.00 356

0.673171 138.00 205
0.409449 52.00 127
0.140998 130.00 922
0.488688 108.00 221
0.184416 71.00 385

0.210856 101.00 479
0.317708 61.00 192
0.755869 161.00 213
0.538095 452.00 840
0.078125 20.00 256

0.323478 186.00 575
0.851449 470.00 552
0.019512 4.00 205
0.080460 21.00 261
0.621795 485.00 780

0.898305 106.00 118
0.635036 87.00 137
0.089419 60.00 671
0.093264 18.00 193
0.186858 182.00 974

0.178082 104.00 584
0.259136 78.00 301
0.059880 10.00 167
0.813187 148.00 182
0.590668 557.00 943

0.994152 170.00 171
0.074074 16.00 216
0.031915 9.00 282
0.668770 212.00 317
0.129747 41.00 316

0.890909 147.00 165
0.533627 484.00 907
0.211236 94.00 445
0.127168 88.00 692
0.136986 20.00 146

0.887052 322.00 363
0.202429 100.00 494
0.247148 195.00 789
0.354571 128.00 361
0.207921 105.00 505

0.113861 46.00 404
0.229487 179.00 780
0.571059 221.00 387
0.791045 477.00 603
0.195862 142.00 725

0.650820 397.00 610
0.432526 125.00 289
0.160000 16.00 100
0.385260 230.00 597
0.265152 105.00 396

0.440476 111.00 252
0.142268 69.00 485
0.084257 38.00 451
0.290398 124.00 427
0.941748 194.00 206

0.214286 138.00 644
0.196117 101.00 515
0.089494 23.00 257
0.541136 467.00 863
0.858696 158.00 184

0.470096 393.00 836
0.912393 427.00 468
0.195652 36.00 184
0.230769 39.00 169
0.091304 21.00 230

0.082677 21.00 254
0.264151 70.00 265
0.039400 21.00 533
0.980723 407.00 415
0.533520 191.00 358

0.108491 23.00 212
0.383234 128.00 334
0.027242 24.00 881
0.471605 382.00 810
0.910828 143.00 157

0.473149 326.00 689
0.473571 439.00 927
0.112628 33.00 293
0.120950 56.00 463
0.718946 573.00 797

0.200903 89.00 443
0.742382 536.00 722
0.118026 55.00 466
0.617647 126.00 204
0.220779 34.00 154

0.128589 103.00 801
0.590000 59.00 100
0.196581 23.00 117
0.632411 160.00 253
0.356077 334.00 938

0.969466 127.00 131
0.157895 27.00 171
0.186047 72.00 387
0.401869 129.00 321
0.186139 94.00 505

0.256180 114.00 445
0.555000 111.00 200
0.376518 93.00 247
0.407960 82.00 201
0.303329 246.00 811

0.334873 145.00 433
0.668317 270.00 404
0.447552 128.00 286
0.042857 21.00 490
0.406615 209.00 514

0.740072 205.00 277
0.237389 80.00 337
0.183206 48.00 262
0.640212 242.00 378
0.098237 39.00 397

0.588816 179.00 304
0.677711 675.00 996
0.388430 94.00 242
0.079646 9.00 113
0.168317 17.00 101

0.089069 22.00 247
0.396923 129.00 325
0.094787 60.00 633
0.923577 568.00 615
0.400000 40.00 100

0.050998 23.00 451
0.810909 223.00 275
0.094801 31.00 327
0.750000 93.00 124
0.195775 139.00 710

0.169811 18.00 106
0.468750 60.00 128
0.332174 191.00 575
0.171254 56.00 327
0.752212 85.00 113

0.742574 75.00 101
0.102362 13.00 127
0.692617 516.00 745
0.056872 12.00 211
0.311947 282.00 904

0.523308 348.00 665
0.082278 39.00 474
0.586124 245.00 418
0.627451 64.00 102
0.081040 53.00 654

0.345149 185.00 536
0.323420 87.00 269
0.120192 25.00 208
0.490566 78.00 159
0.617188 316.00 512

0.266129 33.00 124
0.760599 305.00 401
0.222892 37.00 166
0.245399 240.00 978
0.404255 171.00 423

0.035294 15.00 425
0.030351 19.00 626
0.797727 351.00 440
0.481195 435.00 904
0.554852 263.00 474

0.060606 18.00 297
0.663830 468.00 705
0.567010 110.00 194
0.305835 152.00 497
0.304239 122.00 401

0.728111 158.00 217
0.227642 28.00 123
0.475309 77.00 162
0.047619 9.00 189
0.423077 55.00 130

0.607143 408.00 672
0.363128 65.00 179
0.091837 36.00 392
0.084052 39.00 464
0.757812 97.00 128

0.095890 84.00 876
0.136905 23.00 168
0.170732 84.00 492
0.931106 446.00 479
0.563380 80.00 142

0.408403 243.00 595
0.646382 393.00 608
0.023529 18.00 765
0.753501 269.00 357
0.066519 30.00 451

0.543175 390.00 718
0.282895 43.00 152
0.321121 149.00 464
0.403101 104.00 258
0.353293 59.00 167

0.509434 54.00 106
0.410628 85.00 207
0.046729 10.00 214
0.710983 123.00 173
0.221190 119.00 538

0.272500 109.00 400
0.242806 135.00 556
0.679070 146.00 215
0.390698 84.00 215
0.316993 97.00 306

0.234086 228.00 974
0.680912 478.00 702
0.560976 92.00 164
0.409922 314.00 766
0.012658 4.00 316

0.770992 101.00 131
0.564688 371.00 657
0.409266 212.00 518
0.131004 120.00 916
0.026144 4.00 153

0.856423 340.00 397
0.120120 40.00 333
0.240106 182.00 758
0.336066 41.00 122
0.344482 103.00 299

0.276471 47.00 170
0.290373 187.00 644
0.537037 145.00 270
0.117241 34.00 290
0.683824 93.00 136

0.386973 303.00 783
0.903308 355.00 393
0.272727 51.00 187
0.306373 125.00 408
0.030733 13.00 423

0.087894 53.00 603
0.646930 295.00 456
0.355072 245.00 690
0.735537 89.00 121
0.074074 8.00 108

0.459016 112.00 244
0.421365 142.00 337
0.661538 215.00 325
0.056000 7.00 125
0.305825 63.00 206

0.548618 536.00 977
0.518248 71.00 137
0.103896 48.00 462
0.171429 54.00 315
0.558036 125.00 224

0.126374 23.00 182
0.289017 50.00 173
0.455385 148.00 325
0.920000 230.00 250
0.105747 46.00 435

0.112500 27.00 240
0.777328 192.00 247
0.029333 11.00 375
0.084034 40.00 476
0.891720 140.00 157

0.670455 118.00 176
0.409357 70.00 171
0.684426 167.00 244
0.009174 1.00 109
0.122137 32.00 262

0.413655 103.00 249
0.250000 49.00 196
0.320611 42.00 131
0.891192 344.00 386
0.026455 10.00 378

0.773060 528.00 683
0.626609 146.00 233
0.359886 253.00 703
0.067227 8.00 119
0.070205 41.00 584

0.144721 122.00 843
0.908696 418.00 460
0.290503 52.00 179
0.058154 46.00 791
0.497784 337.00 677

0.894309 110.00 123
0.840136 247.00 294
0.110169 26.00 236
0.048077 5.00 104
0.011834 2.00 169

0.921250 737.00 800
0.098468 45.00 457
0.081911 24.00 293
0.673469 198.00 294
0.124041 97.00 782

0.092050 22.00 239
0.630376 469.00 744
0.815789 93.00 114
0.066304 61.00 920
0.292350 107.00 366

0.504082 247.00 490
0.168874 153.00 906
0.509174 111.00 218
0.461017 272.00 590
0.259690 67.00 258

0.115668 110.00 951
0.590625 189.00 320
0.022059 12.00 544
0.731481 79.00 108
0.444444 116.00 261

0.100000 73.00 730
0.750636 295.00 393
0.772308 251.00 325
0.224543 86.00 383
0.055255 51.00 923

0.365385 209.00 572
0.075000 12.00 160
0.034091 9.00 264
0.925373 310.00 335
0.501931 260.00 518

0.711370 244.00 343
0.299338 226.00 755
0.177885 37.00 208
0.141809 58.00 409
0.571429 80.00 140

0.111702 42.00 376
0.005747 1.00 174
0.979021 140.00 143
0.446855 206.00 461
0.351101 303.00 863

0.142045 100.00 704
0.205499 142.00 691
0.532258 66.00 124
0.139032 135.00 971
0.884259 382.00 432

0.897059 427.00 476
0.209677 52.00 248
0.017176 9.00 524
0.306864 228.00 743
0.467290 50.00 107

0.040094 17.00 424
0.440476 74.00 168
0.831707 341.00 410
0.081481 44.00 540
0.506410 79.00 156

0.462943 431.00 931
0.416040 166.00 399
0.409901 207.00 505
0.104135 68.00 653
0.504819 419.00 830

0.507177 106.00 209
0.527473 96.00 182
0.017391 2.00 115
0.582011 330.00 567
0.268382 73.00 272

0.508966 369.00 725
0.299401 50.00 167
0.807947 122.00 151
0.027104 19.00 701
0.256600 243.00 947

0.704280 362.00 514
0.361502 77.00 213
0.274627 92.00 335
0.118343 20.00 169
0.436364 48.00 110

0.087613 87.00 993
0.633466 318.00 502
0.524272 54.00 103
0.105828 69.00 652
0.551020 108.00 196

0.210682 71.00 337
0.260274 76.00 292
0.410853 159.00 387
0.373016 47.00 126
0.641770 464.00 723

0.824468 310.00 376
0.531401 110.00 207
0.204762 86.00 420
0.082192 24.00 292
0.260116 45.00 173

0.471014 325.00 690
0.720126 229.00 318
0.345455 114.00 330
0.060606 10.00 165
0.305882 104.00 340

0.660550 144.00 218
0.059666 25.00 419
0.145299 17.00 117
0.690608 250.00 362
0.345324 48.00 139

0.473101 299.00 632
0.613115 187.00 305
0.361345 258.00 714
0.194690 44.00 226
0.257261 62.00 241

0.288703 69.00 239
0.396226 42.00 106
0.568765 244.00 429
0.009868 3.00 304
0.634454 151.00 238

0.723958 695.00 960
0.112172 94.00 838
0.097430 91.00 934
0.406103 173.00 426
0.560748 120.00 214

0.836364 276.00 330
0.157233 75.00 477
0.257576 153.00 594
0.483025 313.00 648
0.165385 86.00 520

0.599190 148.00 247
0.156923 51.00 325
0.503597 70.00 139
0.426966 76.00 178
0.208577 107.00 513

0.093750 39.00 416
0.208054 31.00 149
0.471735 242.00 513
0.720000 72.00 100
0.407692 106.00 260

0.306620 176.00 574
0.235294 76.00 323
0.813953 735.00 903
0.397129 83.00 209
0.151786 17.00 112

0.610656 298.00 488
0.090909 11.00 121
0.720930 93.00 129
0.179931 52.00 289
0.299145 35.00 117

0.438272 71.00 162
0.611722 167.00 273
0.250423 148.00 591
0.116931 96.00 821
0.484290 447.00 923

0.862524 458.00 531
0.064950 58.00 893
0.397796 397.00 998
0.085938 55.00 640
0.489292 297.00 607

0.095607 37.00 387
0.062081 37.00 596
0.809524 119.00 147
0.795918 117.00 147
0.138889 20.00 144

0.216288 162.00 749
0.014218 3.00 211
0.535135 99.00 185
0.807611 764.00 946
0.324232 285.00 879

0.411017 194.00 472
0.750000 642.00 856
0.024038 5.00 208
0.438095 46.00 105
0.278481 44.00 158

0.332192 97.00 292
0.638009 141.00 221
0.836283 189.00 226
0.094444 17.00 180
0.002463 1.00 406

0.212418 65.00 306
0.572917 110.00 192
0.378378 98.00 259
0.447581 111.00 248
0.285539 233.00 816

0.693721 453.00 653
0.408946 128.00 313
0.175000 42.00 240
0.443787 75.00 169
0.178862 110.00 615

0.760825 369.00 485
0.225806 210.00 930
0.584000 73.00 125
0.066901 19.00 284
0.263158 60.00 228

0.127059 54.00 425
0.840708 95.00 113
0.297203 85.00 286
0.335385 109.00 325
0.302026 164.00 543

0.403846 168.00 416
0.683109 457.00 669
0.073171 54.00 738
0.564865 209.00 370
0.172662 96.00 556

0.695312 89.00 128
0.320896 43.00 134
0.492308 96.00 195
0.198537 190.00 957
0.197531 32.00 162

0.244275 32.00 131
0.175227 116.00 662
0.801587 101.00 126
0.235294 24.00 102
0.440464 418.00 949

0.696970 667.00 957
0.156425 28.00 179
0.125874 18.00 143
0.622951 342.00 549
0.297794 81.00 272

0.249211 79.00 317
0.211382 26.00 123
0.864706 147.00 170
0.320896 43.00 134
0.246269 33.00 134

0.199422 69.00 346
0.210526 156.00 741
0.364486 39.00 107
0.950617 231.00 243
0.178571 20.00 112

0.166667 54.00 324
0.813536 589.00 724
0.349699 349.00 998
0.538462 189.00 351
0.032432 6.00 185

0.289157 48.00 166
0.132733 118.00 889
0.101251 89.00 879
0.971154 101.00 104
0.403509 69.00 171

0.762712 90.00 118
0.279330 100.00 358
0.596685 324.00 543
0.095406 81.00 849
0.165746 30.00 181

0.806061 133.00 165
0.113074 96.00 849
0.025974 6.00 231
0.751244 151.00 201
0.203488 35.00 172

0.489362 115.00 235
0.193548 24.00 124
0.199134 46.00 231
0.357143 55.00 154
0.656977 113.00 172

0.268456 80.00 298
0.087379 9.00 103
0.937908 574.00 612
0.179293 71.00 396
0.421875 297.00 704

0.486716 458.00 941
0.162722 55.00 338
0.014599 10.00 685
0.297872 42.00 141
0.942408 720.00 764

0.371212 49.00 132
0.971591 342.00 352
0.173184 31.00 179
0.222989 97.00 435
0.155556 21.00 135

0.619764 577.00 931
0.285350 224.00 785
0.050279 9.00 179
0.406514 337.00 829
0.534125 180.00 337

0.429017 275.00 641
0.466667 49.00 105
0.829457 107.00 129
0.007843 2.00 255
0.167785 25.00 149

0.045918 9.00 196
0.329114 78.00 237
0.320930 138.00 430
0.845714 444.00 525
0.353448 82.00 232

0.600000 306.00 510
0.760736 248.00 326
0.409420 113.00 276
0.107143 12.00 112
0.022654 14.00 618

0.614594 598.00 973
0.443478 153.00 345
0.267717 34.00 127
0.440321 439.00 997
0.131624 77.00 585

0.692982 316.00 456
0.059801 18.00 301
0.763538 423.00 554
0.200000 46.00 230
0.181818 30.00 165

0.181319 66.00 364
0.492647 67.00 136
0.278207 180.00 647
0.166667 50.00 300
0.785714 209.00 266

0.334056 154.00 461
0.670819 377.00 562
0.286957 33.00 115
0.330357 37.00 112
0.279661 66.00 236

0.640000 80.00 125
0.794521 290.00 365
0.036364 8.00 220
0.247525 25.00 101
0.182353 62.00 340

0.218341 50.00 229
0.824675 127.00 154
0.385321 168.00 436
0.262976 228.00 867
0.203463 47.00 231

0.743802 90.00 121
0.729201 447.00 613
0.118367 29.00 245
0.033613 4.00 119
0.284483 33.00 116

0.336634 68.00 202
0.386534 155.00 401
0.479393 221.00 461
0.680000 187.00 275
0.017500 7.00 400

0.534351 70.00 131
0.033508 32.00 955
0.070312 18.00 256
0.557823 82.00 147
0.702213 349.00 497

0.615873 194.00 315
0.141732 90.00 635
0.630653 251.00 398
0.376404 134.00 356
0.136111 49.00 360

0.556591 418.00 751
0.457447 172.00 376
0.243564 123.00 505
0.131687 64.00 486
0.511458 491.00 960

0.004444 3.00 675
0.256716 86.00 335
0.422939 236.00 558
0.337615 184.00 545
0.878205 548.00 624

0.367568 68.00 185
0.119497 38.00 318
0.045977 36.00 783
0.538043 99.00 184
0.827338 230.00 278

0.100858 47.00 466
0.543624 81.00 149
0.546053 83.00 152
0.552381 58.00 105
0.160000 36.00 225

0.302857 106.00 350
0.068182 39.00 572
0.518519 98.00 189
0.546512 141.00 258
0.464730 448.00 964

0.265795 122.00 459
0.620370 67.00 108
0.920981 338.00 367
0.036585 12.00 328
0.050691 11.00 217

0.065041 8.00 123
0.295872 129.00 436
0.957576 158.00 165
0.188679 20.00 106
0.393939 338.00 858

0.264128 215.00 814
0.434211 132.00 304
0.093264 18.00 193
0.396226 63.00 159
0.714099 547.00 766

0.021127 15.00 710
0.140584 53.00 377
0.915254 108.00 118
0.160656 49.00 305
0.661157 240.00 363

0.012759 8.00 627
0.648241 387.00 597
0.390424 212.00 543
0.837466 304.00 363
0.012158 4.00 329

0.093750 27.00 288
0.689076 164.00 238
0.053407 29.00 543
0.416667 60.00 144
0.646617 86.00 133

0.056180 20.00 356
0.930909 512.00 550
0.644550 272.00 422
0.014706 2.00 136
0.254157 214.00 842

0.010830 3.00 277
0.760925 296.00 389
0.003322 3.00 903
0.554974 212.00 382
0.569697 94.00 165

0.274131 71.00 259
0.224359 35.00 156
0.351064 66.00 188
0.812977 426.00 524
0.234375 30.00 128

0.110811 41.00 370
0.290870 274.00 942
0.414286 58.00 140
0.346614 174.00 502
0.732759 85.00 116

0.206967 101.00 488
0.338415 111.00 328
0.509044 394.00 774
0.211538 22.00 104
0.634058 175.00 276

0.322176 77.00 239
0.065934 24.00 364
0.642127 314.00 489
0.064655 30.00 464
0.806527 346.00 429

0.367486 269.00 732
0.632948 219.00 346
0.569343 78.00 137
0.257310 44.00 171
0.071429 11.00 154

0.126316 36.00 285
0.340426 96.00 282
0.318966 37.00 116
0.559829 131.00 234
0.553114 302.00 546

0.545000 218.00 400
0.721154 75.00 104
0.098765 24.00 243
0.016260 6.00 369
0.514706 350.00 680

0.143382 39.00 272
0.258065 72.00 279
0.602423 547.00 908
0.868852 212.00 244
0.025263 12.00 475

0.380880 251.00 659
0.326531 48.00 147
0.663223 321.00 484
0.367347 126.00 343
0.162162 30.00 185

0.289655 42.00 145
0.174229 96.00 551
0.211957 78.00 368
0.669267 429.00 641
0.554140 87.00 157

0.278468 269.00 966
0.921260 117.00 127
0.259740 40.00 154
0.396000 99.00 250
0.051136 9.00 176

0.702247 125.00 178
0.153061 30.00 196
0.136915 79.00 577
0.247706 27.00 109
0.663934 81.00 122

0.703704 247.00 351
0.152000 38.00 250
0.044776 9.00 201
0.476636 51.00 107
0.520202 412.00 792

0.469274 84.00 179
0.330508 39.00 118
0.138571 97.00 700
0.360434 266.00 738
0.598174 131.00 219

0.305435 281.00 920
0.437209 94.00 215
0.801724 93.00 116
0.155807 110.00 706
0.198980 39.00 196

0.530899 189.00 356
0.270677 36.00 133
0.263941 71.00 269
0.539474 82.00 152
0.293860 268.00 912

0.644578 107.00 166
0.615385 136.00 221
0.465969 89.00 191
0.118267 101.00 854
0.056701 11.00 194

0.484247 415.00 857
0.258621 30.00 116
0.133333 18.00 135
0.801909 336.00 419
0.220202 218.00 990

0.581011 563.00 969
0.183673 27.00 147
0.050898 17.00 334
0.618785 336.00 543
0.465160 247.00 531

0.758850 343.00 452
0.667774 603.00 903
0.053659 22.00 410
0.042048 23.00 547
0.377462 345.00 914

0.714090 522.00 731
0.391361 299.00 764
0.322430 69.00 214
0.195225 139.00 712
0.278571 39.00 140

0.091503 42.00 459
0.650146 446.00 686
0.028302 3.00 106
0.305556 110.00 360
0.826923 129.00 156

0.231198 166.00 718
0.450549 164.00 364
0.204489 82.00 401
0.140992 108.00 766
0.873333 131.00 150

0.417067 347.00 832
0.045045 5.00 111
0.386740 70.00 181
0.629442 124.00 197
0.417391 144.00 345

0.122628 84.00 685
0.764634 627.00 820
0.741866 342.00 461
0.254062 172.00 677
0.016575 12.00 724

0.546099 462.00 846
0.621387 215.00 346
0.184211 28.00 152
0.393443 72.00 183
0.156373 119.00 761

0.258652 142.00 549
0.687500 121.00 176
0.425373 57.00 134
0.223881 60.00 268
0.303030 100.00 330

0.457547 194.00 424
0.260504 31.00 119
0.156250 40.00 256
0.915190 723.00 790
0.112693 95.00 843

0.302013 45.00 149
0.508197 465.00 915
0.043137 33.00 765
0.092437 55.00 595
0.954911 593.00 621

0.174370 83.00 476
0.135338 18.00 133
0.703704 209.00 297
0.632911 150.00 237
0.254808 53.00 208

0.410042 196.00 478
0.012579 2.00 159
0.847826 117.00 138
0.573427 82.00 143
0.057576 19.00 330

0.089552 12.00 134
0.032692 17.00 520
0.550388 71.00 129
0.913428 517.00 566
0.307018 140.00 456

0.592000 148.00 250
0.324074 70.00 216
0.117778 53.00 450
0.597734 422.00 706
0.268542 105.00 391

0.876147 191.00 218
0.187251 94.00 502
0.112927 76.00 673
0.436735 107.00 245
0.289062 37.00 128

0.650877 371.00 570
0.046647 16.00 343
0.630058 109.00 173
0.494872 386.00 780
0.079511 26.00 327

0.095672 84.00 878
0.496667 447.00 900
0.122449 24.00 196
0.221610 201.00 907
0.964602 327.00 339

0.665399 175.00 263
0.078689 72.00 915
0.308333 74.00 240
0.837563 495.00 591
0.009058 5.00 552

0.224947 211.00 938
0.510870 235.00 460
0.289655 42.00 145
0.575251 172.00 299
0.300380 79.00 263

0.285235 85.00 298
0.573099 98.00 171
0.797909 229.00 287
0.114407 54.00 472
0.125926 17.00 135

0.385965 66.00 171
0.697413 620.00 889
0.563636 62.00 110
0.236842 36.00 152
0.011299 4.00 354

0.191781 28.00 146
0.233645 25.00 107
0.442387 430.00 972
0.830028 293.00 353
0.207221 132.00 637

0.151515 55.00 363
0.109453 66.00 603
0.359788 68.00 189
0.782493 295.00 377
0.495798 177.00 357

0.225681 58.00 257
0.658507 538.00 817
0.736434 380.00 516
0.195301 133.00 681
0.080000 10.00 125

0.046296 5.00 108
0.145644 112.00 769
0.612903 95.00 155
0.233716 61.00 261
0.867347 255.00 294

0.005319 1.00 188
0.293103 34.00 116
0.229814 148.00 644
0.972868 251.00 258
0.397790 72.00 181

0.137755 27.00 196
0.227273 25.00 110
0.267081 129.00 483
0.678010 518.00 764
0.591463 97.00 164

0.541254 164.00 303
0.220358 197.00 894
0.403587 90.00 223
0.732044 265.00 362
0.004464 1.00 224

0.373016 47.00 126
0.183486 40.00 218
0.696629 124.00 178
0.023766 13.00 547
0.622699 203.00 326

0.878409 773.00 880
0.411392 65.00 158
0.114286 36.00 315
0.333333 68.00 204
0.160772 50.00 311

0.086634 35.00 404
0.410256 48.00 117
0.878261 101.00 115
0.032768 29.00 885
0.494611 413.00 835

0.336343 298.00 886
0.318182 77.00 242
0.259542 34.00 131
0.220339 65.00 295
0.768170 613.00 798

0.116216 86.00 740
0.055215 18.00 326
0.414188 181.00 437
0.444444 356.00 801
0.870330 396.00 455

0.698630 459.00 657
0.421488 51.00 121
0.277056 64.00 231
0.322785 51.00 158
0.184211 105.00 570

0.518248 71.00 137
0.052823 29.00 549
0.096220 28.00 291
0.670000 67.00 100
0.560870 129.00 230

0.317406 93.00 293
0.288828 212.00 734
0.269802 218.00 808
0.873112 289.00 331
0.150943 88.00 583

0.081365 31.00 381
0.942943 942.00 999
0.062500 61.00 976
0.049123 14.00 285
0.763819 456.00 597

0.933333 98.00 105
0.447699 107.00 239
0.354930 126.00 355
0.119266 26.00 218
0.037267 24.00 644

0.297436 116.00 390
0.879433 124.00 141
0.442675 139.00 314
0.208738 43.00 206
0.074766 8.00 107

0.507799 293.00 577
0.407080 276.00 678
0.366071 41.00 112
0.042373 15.00 354
0.580645 180.00 310

0.042394 17.00 401
0.854386 487.00 570
0.593878 582.00 980
0.125000 33.00 264
0.284615 148.00 520

0.154545 17.00 110
0.227437 63.00 277
0.847222 122.00 144
0.089189 33.00 370
0.577181 86.00 149

0.457308 316.00 691
0.299213 38.00 127
0.038050 32.00 841
0.203209 76.00 374
0.903448 131.00 145

0.314815 34.00 108
0.412037 89.00 216
0.183190 85.00 464
0.922456 571.00 619
0.074236 17.00 229

0.107843 11.00 102
0.414072 359.00 867
0.773392 529.00 684
0.360000 54.00 150
0.246787 96.00 389

0.269231 28.00 104
0.922297 273.00 296
0.250000 31.00 124
0.052288 8.00 153
0.414219 268.00 647

0.788000 197.00 250
0.274633 131.00 477
0.105263 14.00 133
0.541935 168.00 310
0.191781 70.00 365

0.382911 121.00 316
0.392157 60.00 153
0.745098 646.00 867
0.168712 55.00 326
0.208054 31.00 149

0.090465 74.00 818
0.698113 111.00 159
0.754757 357.00 473
0.116788 16.00 137
0.240000 24.00 100

0.329181 185.00 562
0.312253 79.00 253
0.683932 647.00 946
0.060797 29.00 477
0.513410 268.00 522

0.510363 197.00 386
0.564286 316.00 560
0.088942 37.00 416
0.047619 6.00 126
0.688889 124.00 180

0.325758 43.00 132
0.332096 179.00 539
0.406667 61.00 150
0.529577 188.00 355
0.307918 105.00 341

0.304015 159.00 523
0.847368 161.00 190
0.248945 59.00 237
0.031646 5.00 158
0.472603 69.00 146

0.359155 204.00 568
0.176471 33.00 187
0.620853 131.00 211
0.464844 119.00 256
0.280802 98.00 349

0.114407 27.00 236
0.314453 161.00 512
0.814189 241.00 296
0.006494 1.00 154
0.653846 68.00 104

0.358607 175.00 488
0.057377 21.00 366
0.097744 13.00 133
0.383838 190.00 495
1.000000 560.00 560

0.941606 129.00 137
0.335106 63.00 188
0.144000 108.00 750
0.417431 91.00 218
0.064417 21.00 326

0.706329 279.00 395
0.253731 34.00 134
0.025862 3.00 116
0.808260 274.00 339
0.104693 29.00 277

0.429752 156.00 363
0.545455 102.00 187
0.553571 93.00 168
0.280899 75.00 267
0.091018 76.00 835

0.167742 26.00 155
0.099593 49.00 492
0.843792 632.00 749
0.203579 91.00 447
0.587578 473.00 805

0.851852 368.00 432
0.102041 95.00 931
0.200617 65.00 324
0.083333 31.00 372
0.665441 181.00 272

0.412198 392.00 951
0.675768 198.00 293
0.054286 19.00 350
0.301047 115.00 382
0.455253 117.00 257

0.173913 60.00 345
0.078740 20.00 254
0.812500 156.00 192
0.241055 128.00 531
0.593952 550.00 926

0.175532 66.00 376
0.567010 440.00 776
0.268519 29.00 108
0.203661 89.00 437
0.688103 214.00 311

0.137482 95.00 691
0.456311 47.00 103
0.545802 143.00 262
0.348123 102.00 293
0.412017 96.00 233

0.426295 107.00 251
0.423729 50.00 118
0.044907 41.00 913
0.677333 254.00 375
0.322476 99.00 307

0.676364 186.00 275
0.104839 13.00 124
0.776644 685.00 882
0.103175 13.00 126
0.238095 185.00 777

0.552511 242.00 438
0.392857 99.00 252
0.543689 56.00 103
0.242857 51.00 210
0.167453 71.00 424

0.791126 731.00 924
0.182692 19.00 104
0.259603 196.00 755
0.065089 22.00 338
0.603960 61.00 101

0.009434 2.00 212
0.264865 49.00 185
0.219381 163.00 743
0.439394 87.00 198
0.961739 553.00 575

0.133641 58.00 434
0.534884 92.00 172
0.179641 90.00 501
0.242236 39.00 161
0.811623 810.00 998

0.010000 1.00 100
0.472414 137.00 290
0.245509 41.00 167
0.599558 271.00 452
0.572115 119.00 208

0.015284 14.00 916
0.117949 23.00 195
0.751592 118.00 157
0.946688 586.00 619
0.071240 27.00 379

0.171875 33.00 192
0.434447 169.00 389
0.237548 186.00 783
0.151079 63.00 417
0.905028 324.00 358

0.036364 6.00 165
0.671037 563.00 839
0.410377 87.00 212
0.754072 463.00 614
0.030534 4.00 131

0.396648 142.00 358
0.188976 24.00 127
0.658052 331.00 503
0.536383 258.00 481
0.123583 109.00 882

0.442509 127.00 287
0.760726 461.00 606
0.019802 2.00 101
0.524931 379.00 722
0.150424 71.00 472

0.371041 164.00 442
0.559524 423.00 756
0.215116 37.00 172
0.183824 25.00 136
0.576099 511.00 887

0.188525 23.00 122
0.384381 379.00 986
0.222222 30.00 135
0.273292 44.00 161
0.839827 194.00 231

0.417069 259.00 621
0.669683 296.00 442
0.140288 78.00 556
0.205240 47.00 229
0.469274 84.00 179

0.647059 77.00 119
0.095833 23.00 240
0.380117 65.00 171
0.713287 204.00 286
0.063545 57.00 897

0.012931 3.00 232
0.143758 114.00 793
0.863492 272.00 315
0.514493 142.00 276
0.362245 142.00 392

0.110544 65.00 588
0.101770 46.00 452
0.226667 51.00 225
0.855219 254.00 297
0.607843 62.00 102

0.125926 17.00 135
0.162500 65.00 400
0.691429 605.00 875
0.020619 6.00 291
0.904255 340.00 376

0.442396 192.00 434
0.971972 971.00 999
0.104294 68.00 652
0.076803 49.00 638
0.306050 86.00 281

0.536741 168.00 313
0.242718 25.00 103
0.268657 54.00 201
0.468401 126.00 269
0.383333 46.00 120

0.419192 83.00 198
0.295775 147.00 497
0.394299 332.00 842
0.680251 434.00 638
0.111717 82.00 734

0.118519 16.00 135
0.504606 493.00 977
0.315917 260.00 823
0.088372 19.00 215
0.875000 245.00 280

0.011013 5.00 454
0.075569 73.00 966
0.301075 140.00 465
0.987013 228.00 231
0.521951 428.00 820

0.070175 16.00 228
0.989474 376.00 380
0.043554 25.00 574
0.026359 16.00 607
0.768473 312.00 406

0.319018 52.00 163
0.884488 268.00 303
0.227273 40.00 176
0.121622 54.00 444
0.347779 321.00 923

0.248311 147.00 592
0.183280 57.00 311
0.824468 155.00 188
0.619772 163.00 263
0.022544 14.00 621

0.003750 3.00 800
0.266949 126.00 472
0.789474 240.00 304
0.678423 327.00 482
0.162921 87.00 534

0.672340 316.00 470
0.257310 44.00 171
0.331646 131.00 395
0.629828 587.00 932
0.010638 8.00 752

0.102804 22.00 214
0.080940 31.00 383
0.628571 88.00 140
0.118321 31.00 262
0.972222 105.00 108

0.172727 19.00 110
0.400000 60.00 150
0.729592 143.00 196
0.578231 85.00 147
0.017268 11.00 637

0.660000 66.00 100
0.519656 423.00 814
0.223577 55.00 246
0.081250 13.00 160
0.409310 255.00 623

0.129412 22.00 170
0.709434 188.00 265
0.334802 76.00 227
0.127721 88.00 689
0.599532 256.00 427

0.872642 185.00 212
0.038741 32.00 826
0.178261 123.00 690
0.505882 86.00 170
0.305785 74.00 242

0.319555 201.00 629
0.960317 121.00 126
0.058906 42.00 713
0.407834 354.00 868
0.154444 139.00 900

0.119718 34.00 284
0.200957 42.00 209
0.432927 142.00 328
0.405405 150.00 370
0.741538 241.00 325

0.238503 223.00 935
0.637097 158.00 248
0.475728 49.00 103
0.204176 88.00 431
0.337423 55.00 163

0.036437 36.00 988
0.792553 149.00 188
0.538647 223.00 414
0.098214 11.00 112
0.432485 221.00 511

0.150376 20.00 133
0.148387 46.00 310
0.130597 35.00 268
0.981366 316.00 322
0.491784 419.00 852

0.125786 20.00 159
0.607004 156.00 257
0.491204 363.00 739
0.039344 12.00 305
0.637527 299.00 469

0.104746 64.00 611
0.204678 35.00 171
0.082019 26.00 317
0.704142 119.00 169
0.801779 631.00 787

0.859259 116.00 135
0.500000 71.00 142
0.282282 94.00 333
0.169811 27.00 159
0.083700 19.00 227

0.267677 106.00 396
0.440678 78.00 177
0.689076 82.00 119
0.075848 38.00 501
0.429114 339.00 790

0.927928 206.00 222
0.005970 2.00 335
0.072072 8.00 111
0.484252 369.00 762
0.405556 73.00 180

0.149660 22.00 147
0.491935 61.00 124
0.569106 280.00 492
0.124378 25.00 201
0.574257 58.00 101

0.350746 47.00 134
0.310448 104.00 335
0.412121 136.00 330
0.521505 97.00 186
0.303571 34.00 112

0.431616 243.00 563
0.488889 132.00 270
0.136364 21.00 154
0.051908 34.00 655
0.790244 162.00 205

0.565144 334.00 591
0.255892 152.00 594
0.016949 4.00 236
0.540230 141.00 261
0.520958 174.00 334

0.416667 45.00 108
0.778243 186.00 239
0.259740 120.00 462
0.406114 186.00 458
0.041985 11.00 262

0.593156 156.00 263
0.420348 314.00 747
0.329825 94.00 285
0.102459 100.00 976
0.454054 84.00 185

0.040201 16.00 398
0.444882 113.00 254
0.279412 152.00 544
0.698864 123.00 176
0.434783 80.00 184

0.444444 160.00 360
0.339568 236.00 695
0.181384 76.00 419
0.275982 239.00 866
0.660550 72.00 109

0.329341 55.00 167
0.206667 93.00 450
0.262321 165.00 629
0.451404 209.00 463
0.652427 336.00 515

0.786802 155.00 197
0.251445 87.00 346
0.024460 17.00 695
0.562771 130.00 231
0.272727 75.00 275

0.318043 312.00 981
0.262450 195.00 743
0.947475 469.00 495
0.119342 29.00 243
0.250000 46.00 184

0.104418 52.00 498
0.378788 175.00 462
0.705645 175.00 248
0.453704 49.00 108
0.255952 43.00 168

0.111111 33.00 297
0.641593 145.00 226
0.518919 96.00 185
0.270833 117.00 432
0.357843 292.00 816

0.005085 3.00 590
0.457557 221.00 483
0.726477 664.00 914
0.275168 41.00 149
0.437845 317.00 724

0.044355 22.00 496
0.355670 138.00 388
0.375887 53.00 141
0.736301 215.00 292
0.384259 166.00 432

0.005714 1.00 175
0.586207 102.00 174
0.314000 157.00 500
0.532828 211.00 396
0.460064 432.00 939

0.646552 75.00 116
0.080882 11.00 136
0.270992 142.00 524
0.267943 56.00 209
0.633628 358.00 565

0.705357 79.00 112
0.297872 56.00 188
0.014493 3.00 207
0.015544 6.00 386
0.869396 446.00 513

0.727273 136.00 187
0.055263 21.00 380
0.053191 15.00 282
0.632399 203.00 321
0.432653 106.00 245

0.186916 40.00 214
0.526531 258.00 490
0.172093 37.00 215
0.804945 293.00 364
0.209559 114.00 544

0.430868 134.00 311
0.012245 3.00 245
0.457983 109.00 238
0.504000 63.00 125
0.494681 186.00 376

0.956574 793.00 829
0.261029 142.00 544
0.067961 7.00 103
0.500792 316.00 631
0.110507 61.00 552

0.259615 81.00 312
0.893421 679.00 760
0.155963 17.00 109
0.441860 152.00 344
0.153415 137.00 893

0.205556 37.00 180
0.608541 171.00 281
0.299145 70.00 234
0.599057 254.00 424
0.192508 185.00 961

0.500000 52.00 104
0.437500 70.00 160
0.263393 59.00 224
0.152672 20.00 131
0.543307 69.00 127

0.641026 250.00 390
0.629322 455.00 723
0.121212 20.00 165
0.380000 285.00 750
0.126667 57.00 450

0.701863 226.00 322
0.404878 249.00 615
0.069444 15.00 216
0.543147 107.00 197
0.178019 115.00 646

0.078292 22.00 281
0.936364 103.00 110
0.211640 40.00 189
0.262195 86.00 328
0.411864 243.00 590

0.032258 4.00 124
0.541787 188.00 347
0.718563 120.00 167
0.287500 46.00 160
0.313131 62.00 198

0.023209 23.00 991
0.523810 66.00 126
0.806950 209.00 259
0.406728 133.00 327
0.133971 84.00 627

0.041322 5.00 121
0.440476 74.00 168
0.524051 414.00 790
0.621622 69.00 111
0.270161 67.00 248

0.265957 75.00 282
0.529274 226.00 427
0.048009 41.00 854
0.633554 287.00 453
0.420690 61.00 145

0.376712 330.00 876
0.707165 227.00 321
0.378981 119.00 314
0.379592 93.00 245
0.060606 8.00 132

0.739899 293.00 396
0.297436 58.00 195
0.470588 96.00 204
0.138095 29.00 210
0.251429 132.00 525

0.107884 26.00 241
0.450867 156.00 346
0.105769 11.00 104
0.975000 195.00 200
0.258555 68.00 263

0.040000 14.00 350
0.842520 107.00 127
0.403846 273.00 676
0.259259 154.00 594
0.349593 86.00 246

0.648148 140.00 216
0.301282 47.00 156
0.236162 192.00 813
0.479705 130.00 271
0.236593 75.00 317

0.085106 12.00 141
0.554524 478.00 862
0.235099 213.00 906
0.334454 199.00 595
0.692810 106.00 153

0.963235 131.00 136
0.502128 118.00 235
0.060117 41.00 682
0.173077 27.00 156
0.197697 103.00 521

0.031746 16.00 504
0.974138 113.00 116
0.054845 30.00 547
0.020856 19.00 911
0.816901 116.00 142

0.942693 658.00 698
0.262563 209.00 796
0.402273 177.00 440
0.288256 81.00 281
0.005319 4.00 752

0.203046 40.00 197
0.168000 21.00 125
0.143396 114.00 795
0.726000 363.00 500
0.660194 68.00 103

0.151961 62.00 408
0.978723 184.00 188
0.135667 62.00 457
0.135593 16.00 118
0.500000 91.00 182

0.284810 45.00 158
0.275272 177.00 643
0.970149 130.00 134
0.284615 37.00 130
0.090395 16.00 177

0.194558 143.00 735
0.558333 67.00 120
0.372549 38.00 102
0.751534 490.00 652
0.018868 2.00 106

0.092827 44.00 474
0.875862 127.00 145
0.431193 47.00 109
0.360697 145.00 402
0.135667 62.00 457

0.290323 45.00 155
0.384793 334.00 868
0.223250 169.00 757
0.209877 34.00 162
0.792793 88.00 111

0.623053 200.00 321
0.359223 74.00 206
0.515254 152.00 295
0.255121 137.00 537
0.146040 118.00 808

0.778261 179.00 230
0.560748 60.00 107
0.471366 107.00 227
0.001859 1.00 538
0.095652 11.00 115

0.641756 541.00 843
0.068408 55.00 804
0.788462 82.00 104
0.398592 283.00 710
0.005305 4.00 754

0.051181 13.00 254
0.467290 50.00 107
0.791262 163.00 206
0.538710 334.00 620
0.048611 7.00 144

0.446602 92.00 206
0.045244 39.00 862
0.421260 107.00 254
0.492188 63.00 128
0.500000 129.00 258

0.159817 35.00 219
0.980422 651.00 664
0.155172 18.00 116
0.333333 38.00 114
0.268908 32.00 119

0.399610 205.00 513
0.428082 250.00 584
0.119159 51.00 428
0.640316 162.00 253
0.310345 72.00 232

0.572711 319.00 557
0.725191 95.00 131
0.028436 12.00 422
0.523529 89.00 170
0.043860 5.00 114

0.172481 89.00 516
0.173358 95.00 548
0.601695 142.00 236
0.166960 95.00 569
0.783172 242.00 309

0.873585 463.00 530
0.671593 409.00 609
0.125253 62.00 495
0.185430 28.00 151
0.040201 8.00 199

0.107612 41.00 381
0.235294 108.00 459
0.705357 79.00 112
0.447761 90.00 201
0.406926 94.00 231

0.250000 80.00 320
0.453061 111.00 245
0.779141 127.00 163
0.114983 33.00 287
0.301606 263.00 872

0.113269 35.00 309
0.230769 156.00 676
0.120805 54.00 447
0.792023 556.00 702
0.644444 87.00 135

0.367521 43.00 117
0.180043 83.00 461
0.175601 95.00 541
0.318182 70.00 220
0.855072 177.00 207

0.466527 446.00 956
0.502865 351.00 698
0.140442 108.00 769
0.723247 196.00 271
0.066784 38.00 569

0.032787 4.00 122
0.816667 441.00 540
0.023077 3.00 130
0.775862 270.00 348
0.251376 137.00 545

0.464151 123.00 265
0.576966 521.00 903
0.421659 183.00 434
0.125984 16.00 127
0.317365 53.00 167

0.878049 216.00 246
0.164671 55.00 334
0.371467 276.00 743
0.069264 32.00 462
0.416228 395.00 949

0.535714 60.00 112
0.380952 64.00 168
0.656250 399.00 608
0.175573 23.00 131
0.155462 37.00 238

0.218543 33.00 151
0.616438 135.00 219
0.333333 100.00 300
0.500000 56.00 112
0.225490 46.00 204

0.426087 49.00 115
0.540598 253.00 468
0.420455 74.00 176
0.273543 61.00 223
0.243750 39.00 160

0.085828 43.00 501
0.798627 349.00 437
0.431592 347.00 804
0.475687 225.00 473
0.107855 92.00 853

0.256410 100.00 390
0.054455 11.00 202
0.561404 96.00 171
1.000000 103.00 103
0.030544 23.00 753

0.566265 141.00 249
0.146532 131.00 894
0.173077 54.00 312
0.103933 74.00 712
0.904762 114.00 126

0.347134 109.00 314
0.221198 48.00 217
0.278710 216.00 775
0.714976 148.00 207
0.338824 144.00 425

0.777778 238.00 306
0.104348 12.00 115
0.442529 77.00 174
0.498623 181.00 363
0.073333 33.00 450

0.157576 26.00 165
0.021429 3.00 140
0.014403 7.00 486
0.845361 164.00 194
0.862637 157.00 182

0.129630 14.00 108
0.827586 96.00 116
0.469489 377.00 803
0.261053 124.00 475
0.216285 85.00 393

0.562766 529.00 940
0.054054 6.00 111
0.504380 403.00 799
0.532663 106.00 199
0.243176 98.00 403

0.210145 29.00 138
0.267373 227.00 849
0.436141 321.00 736
0.619048 325.00 525
0.364964 50.00 137

0.350962 73.00 208
0.259887 46.00 177
0.700000 231.00 330
0.307692 64.00 208
0.281399 177.00 629

0.528395 214.00 405
0.303448 44.00 145
0.096809 91.00 940
0.934673 186.00 199
0.028369 4.00 141

0.890625 855.00 960
0.113497 37.00 326
0.501805 417.00 831
0.075377 15.00 199
0.319955 287.00 897

0.109735 62.00 565
0.284153 52.00 183
0.982368 390.00 397
0.420000 63.00 150
0.099561 68.00 683

0.218182 24.00 110
0.006494 1.00 154
0.713376 112.00 157
0.710000 213.00 300
0.246575 72.00 292

0.033898 4.00 118
0.421725 132.00 313
0.538462 77.00 143
0.493865 161.00 326
0.414894 78.00 188

0.618881 531.00 858
0.381016 285.00 748
0.332117 91.00 274
0.326877 135.00 413
0.240909 53.00 220

0.294931 64.00 217
0.834135 347.00 416
0.343179 244.00 711
0.029024 22.00 758
0.397306 118.00 297

0.051414 40.00 778
0.071575 35.00 489
0.110294 15.00 136
0.856813 371.00 433
0.810651 137.00 169

0.994681 187.00 188
0.199360 187.00 938
0.350769 114.00 325
0.076923 11.00 143
0.284672 39.00 137

0.236364 26.00 110
0.134402 109.00 811
0.557895 265.00 475
0.226069 222.00 982
0.740426 174.00 235

0.914975 721.00 788
0.014212 11.00 774
0.228916 95.00 415
0.010000 2.00 200
0.734300 152.00 207

0.539823 244.00 452
0.210526 24.00 114
0.076087 14.00 184
0.490342 330.00 673
0.578199 244.00 422

0.379121 69.00 182
0.636792 135.00 212
0.155689 26.00 167
0.240157 61.00 254
0.490302 455.00 928

0.194946 54.00 277
0.391892 58.00 148
0.422374 370.00 876
0.886667 133.00 150
0.002950 1.00 339

0.040860 19.00 465
0.089844 23.00 256
0.977273 129.00 132
0.042969 11.00 256
0.750000 96.00 128

0.259259 91.00 351
0.793241 399.00 503
0.376963 216.00 573
0.391026 61.00 156
0.081395 28.00 344

0.444444 92.00 207
0.169892 79.00 465
0.787129 159.00 202
0.343333 103.00 300
0.153518 72.00 469

0.457627 54.00 118
0.060748 13.00 214
0.511002 209.00 409
0.468795 323.00 689
0.403846 63.00 156

0.363636 304.00 836
0.338028 72.00 213
0.045852 42.00 916
0.869565 320.00 368
0.283664 257.00 906

0.534483 62.00 116
0.210744 51.00 242
0.494382 88.00 178
0.066667 7.00 105
0.597328 313.00 524

0.290123 47.00 162
0.345455 114.00 330
0.624408 527.00 844
0.482213 244.00 506
0.161290 65.00 403

0.251185 53.00 211
0.294118 65.00 221
0.943662 201.00 213
0.336538 35.00 104
0.070423 40.00 568

0.405229 124.00 306
0.040909 27.00 660
0.081013 32.00 395
0.756190 397.00 525
0.618321 405.00 655

0.164286 46.00 280
0.126050 15.00 119
0.104762 88.00 840
0.612403 79.00 129
0.897436 175.00 195

0.183099 26.00 142
0.535593 316.00 590
0.078853 22.00 279
0.471074 228.00 484
0.629921 240.00 381

0.119605 97.00 811
0.582726 560.00 961
0.038961 6.00 154
0.191358 62.00 324
0.974194 151.00 155

0.151976 100.00 658
0.639769 222.00 347
0.625277 282.00 451
0.035817 25.00 698
0.445946 66.00 148

0.687500 88.00 128
0.006508 3.00 461
0.625767 204.00 326
0.528302 84.00 159
0.043478 8.00 184

0.252941 215.00 850
0.623786 257.00 412
0.326389 47.00 144
0.088146 29.00 329
0.610778 102.00 167

0.587734 345.00 587
0.594792 571.00 960
0.547619 92.00 168
0.033333 7.00 210
0.136752 16.00 117

0.516055 225.00 436
0.151515 45.00 297
0.112676 48.00 426
0.421769 124.00 294
0.701087 129.00 184

0.163529 139.00 850
0.537500 86.00 160
0.352403 154.00 437
0.457143 64.00 140
0.392897 354.00 901

0.625000 65.00 104
0.513514 171.00 333
0.409962 107.00 261
0.156648 86.00 549
0.193277 46.00 238

0.178571 20.00 112
0.672414 117.00 174
0.143860 41.00 285
0.101852 22.00 216
0.797909 229.00 287

0.097087 20.00 206
0.031464 23.00 731
0.971154 101.00 104
0.686469 208.00 303
0.117647 24.00 204

0.275434 111.00 403
0.408859 240.00 587
0.357724 44.00 123
0.621302 210.00 338
0.232514 123.00 529

0.150327 23.00 153
0.362216 255.00 704
0.660194 204.00 309
0.325397 82.00 252
0.400362 221.00 552

0.264151 126.00 477
0.739583 284.00 384
0.269231 28.00 104
0.525126 209.00 398
0.105263 12.00 114

0.014159 8.00 565
0.511905 172.00 336
0.404545 89.00 220
0.911932 321.00 352
0.057864 39.00 674

0.232143 52.00 224
0.515513 216.00 419
0.108333 13.00 120
0.052239 7.00 134
0.985294 134.00 136

0.470060 157.00 334
0.011070 6.00 542
0.273159 115.00 421
0.257143 27.00 105
0.884236 718.00 812

0.741685 669.00 902
0.578261 133.00 230
0.213592 132.00 618
0.316742 70.00 221
0.048951 14.00 286

0.686275 245.00 357
0.194937 77.00 395
0.296167 170.00 574
0.428571 66.00 154
0.297521 36.00 121

0.119850 32.00 267
0.618321 81.00 131
0.243478 28.00 115
0.753333 113.00 150
0.163636 18.00 110

0.134715 52.00 386
0.398305 47.00 118
0.217085 216.00 995
0.168269 105.00 624
0.983193 468.00 476

0.610860 135.00 221
0.835979 158.00 189
0.110092 60.00 545
0.292330 202.00 691
0.047970 13.00 271

0.203822 32.00 157
0.032349 23.00 711
0.204327 85.00 416
0.879747 695.00 790
0.578378 107.00 185

0.259434 55.00 212
0.588235 60.00 102
0.316583 63.00 199
0.467824 458.00 979
0.269565 31.00 115

0.483974 151.00 312
0.177866 45.00 253
0.228395 37.00 162
0.785288 395.00 503
0.227273 30.00 132

0.419689 81.00 193
0.378641 39.00 103
0.146067 26.00 178
0.210227 37.00 176
0.742739 179.00 241

0.459184 450.00 980
0.181034 21.00 116
0.194030 39.00 201
0.495726 58.00 117
0.571096 245.00 429

0.621951 102.00 164
0.221429 31.00 140
0.089872 63.00 701
0.888128 389.00 438
0.083756 33.00 394

0.091848 80.00 871
0.479042 80.00 167
0.452991 159.00 351
0.079277 57.00 719
0.799443 574.00 718

0.232258 36.00 155
0.345029 59.00 171
0.618227 502.00 812
0.026786 3.00 112
0.672727 74.00 110

0.290055 105.00 362
0.747967 92.00 123
0.062104 49.00 789
0.201058 38.00 189
0.598958 345.00 576

0.673171 414.00 615
0.039863 35.00 878
0.346154 36.00 104
0.338462 242.00 715
0.504202 60.00 119

0.679039 622.00 916
0.227468 53.00 233
0.008152 6.00 736
0.433107 382.00 882
0.554054 369.00 666

0.867238 405.00 467
0.219436 70.00 319
0.331429 58.00 175
0.308411 33.00 107
0.176554 125.00 708

0.350000 35.00 100
0.500000 159.00 318
0.120130 37.00 308
0.899177 437.00 486
0.031746 14.00 441

0.129973 49.00 377
0.570093 61.00 107
0.478125 306.00 640
0.275510 135.00 490
0.449857 157.00 349

0.052121 43.00 825
0.560976 207.00 369
0.264851 107.00 404
0.432653 106.00 245
0.586331 163.00 278

0.013416 13.00 969
0.199552 89.00 446
0.657480 167.00 254
0.270341 103.00 381
0.761494 265.00 348

0.294416 116.00 394
0.961618 927.00 964
0.552632 84.00 152
0.075885 45.00 593
0.018405 3.00 163

0.534653 54.00 101
0.326572 322.00 986
0.318072 132.00 415
0.678899 74.00 109
0.047619 8.00 168

0.634872 619.00 975
0.095133 43.00 452
0.136364 15.00 110
0.247247 247.00 999
0.788820 254.00 322

0.014113 7.00 496
0.639175 434.00 679
0.137157 55.00 401
0.641026 200.00 312
0.469697 310.00 660

0.375155 302.00 805
0.813073 709.00 872
0.275132 52.00 189
0.428336 260.00 607
0.005442 4.00 735

0.314815 34.00 108
0.674157 180.00 267
0.341404 141.00 413
0.187050 26.00 139
0.383784 213.00 555

0.900677 798.00 886
0.045997 27.00 587
0.257143 27.00 105
0.200000 20.00 100
0.489764 311.00 635

0.865000 173.00 200
0.221675 45.00 203
0.285714 36.00 126
0.135965 62.00 456
0.392786 196.00 499

0.220690 192.00 870
0.048327 13.00 269
0.799287 673.00 842
0.214689 76.00 354
0.615385 64.00 104

0.022472 18.00 801
0.347826 80.00 230
0.673267 68.00 101
0.175635 173.00 985
0.678534 648.00 955

0.767773 324.00 422
0.303922 31.00 102
0.345560 179.00 518
0.294253 128.00 435
0.186047 32.00 172

0.046154 18.00 390
0.607143 136.00 224
0.521505 291.00 558
0.299379 241.00 805
0.423423 47.00 111

0.880952 111.00 126
0.067010 39.00 582
0.546539 229.00 419
0.083333 18.00 216
0.326203 183.00 561

0.516484 188.00 364
0.620253 98.00 158
0.205263 39.00 190
0.354305 107.00 302
0.198830 34.00 171

0.069106 17.00 246
0.118321 62.00 524
0.057613 14.00 243
0.870748 256.00 294
0.782805 173.00 221

0.505821 391.00 773
0.710667 533.00 750
0.110465 19.00 172
0.500000 57.00 114
0.068063 39.00 573

0.562414 410.00 729
0.471579 224.00 475
0.684211 91.00 133
0.156766 95.00 606
0.020408 3.00 147

0.979310 284.00 290
0.073298 14.00 191
0.060032 38.00 633
0.764151 567.00 742
0.020699 16.00 773

0.579710 80.00 138
0.166667 37.00 222
0.553606 284.00 513
0.252078 91.00 361
0.353516 181.00 512

0.453652 323.00 712
0.148699 40.00 269
0.741127 710.00 958
0.236364 78.00 330
0.320939 164.00 511

0.293750 47.00 160
0.332075 176.00 530
0.188119 19.00 101
0.395793 207.00 523
0.691964 310.00 448

0.200000 38.00 190
0.616372 384.00 623
0.728938 199.00 273
0.052006 35.00 673
0.301471 41.00 136

0.828283 246.00 297
0.280323 104.00 371
0.167920 67.00 399
0.172414 45.00 261
0.449339 102.00 227

0.291262 30.00 103
0.281437 47.00 167
0.391931 136.00 347
0.642857 99.00 154
0.298319 213.00 714

0.031873 8.00 251
0.848649 471.00 555
0.512438 206.00 402
0.118902 39.00 328
0.391489 92.00 235

0.438596 50.00 114
0.211864 50.00 236
0.029557 6.00 203
0.713841 459.00 643
0.506494 78.00 154

0.171779 28.00 163
0.562500 162.00 288
0.429319 164.00 382
0.364532 74.00 203
0.369697 122.00 330

0.083333 9.00 108
0.565742 469.00 829
0.747525 302.00 404
0.335366 55.00 164
0.165289 20.00 121

0.519685 66.00 127
0.394495 43.00 109
0.213483 38.00 178
0.497487 99.00 199
0.269912 61.00 226

0.074627 10.00 134
0.609626 342.00 561
0.951456 490.00 515
0.174468 41.00 235
0.085561 48.00 561

0.454023 79.00 174
0.380531 215.00 565
0.276855 250.00 903
0.693878 170.00 245
0.098039 10.00 102

0.526112 272.00 517
0.097222 14.00 144
0.426887 362.00 848
0.327362 201.00 614
0.523179 79.00 151

0.191946 143.00 745
0.251572 40.00 159
0.403614 67.00 166
0.500000 59.00 118
0.561086 124.00 221

0.907436 598.00 659
0.510578 362.00 709
0.040000 6.00 150
0.321586 73.00 227
0.117904 27.00 229

0.055118 7.00 127
0.290780 82.00 282
0.694611 116.00 167
0.654167 314.00 480
0.205479 45.00 219

0.055258 31.00 561
0.503497 72.00 143
0.363636 52.00 143
0.128060 68.00 531
0.849699 424.00 499

0.100671 75.00 745
0.523179 79.00 151
0.125395 119.00 949
0.771987 237.00 307
0.377535 242.00 641

0.482824 253.00 524
0.104317 58.00 556
0.374517 97.00 259
0.596567 139.00 233
0.341935 106.00 310

0.136218 85.00 624
0.279621 59.00 211
0.542373 64.00 118
0.164286 115.00 700
0.772006 535.00 693

0.434932 254.00 584
0.548000 137.00 250
0.061728 15.00 243
0.507109 107.00 211
0.350275 255.00 728

0.996429 279.00 280
0.032120 15.00 467
0.232787 71.00 305
0.206122 101.00 490
0.432432 112.00 259

0.090692 38.00 419
0.273973 200.00 730
0.487557 431.00 884
0.753731 101.00 134
0.292181 71.00 243

0.057793 33.00 571
0.482759 56.00 116
0.755435 417.00 552
0.151079 21.00 139
0.454248 278.00 612

0.985632 686.00 696
0.368056 53.00 144
0.116279 30.00 258
0.400871 184.00 459
0.031285 28.00 895

0.715921 688.00 961
0.542169 225.00 415
0.056485 27.00 478
0.494253 129.00 261
0.092050 88.00 956

0.250513 244.00 974
0.867925 92.00 106
0.031674 7.00 221
0.126126 28.00 222
0.621370 535.00 861

0.020243 10.00 494
0.293956 107.00 364
0.396825 75.00 189
0.376749 350.00 929
0.812081 605.00 745

0.548309 227.00 414
0.936869 371.00 396
0.203822 32.00 157
0.084507 18.00 213
0.127962 27.00 211

0.992214 892.00 899
0.076812 53.00 690
0.059441 17.00 286
0.017341 3.00 173
0.755725 99.00 131

0.244259 117.00 479
0.541667 78.00 144
0.065903 23.00 349
0.628664 579.00 921
0.419847 110.00 262

0.724138 651.00 899
0.077338 43.00 556
0.493243 73.00 148
0.466151 241.00 517
0.141176 24.00 170

0.148148 28.00 189
0.145349 25.00 172
0.186851 54.00 289
0.725153 591.00 815
0.695187 130.00 187

0.048128 9.00 187
0.844444 152.00 180
0.743363 84.00 113
0.055556 6.00 108
0.212389 24.00 113

0.868633 324.00 373
0.064748 9.00 139
0.394251 192.00 487
0.408333 98.00 240
0.164319 70.00 426

0.085492 66.00 772
1.000000 133.00 133
0.388636 171.00 440
0.408046 213.00 522
0.020690 3.00 145

0.100000 19.00 190
0.202586 47.00 232
0.661017 78.00 118
0.635417 366.00 576
0.301866 275.00 911

0.319372 305.00 955
0.716165 381.00 532
0.375405 232.00 618
0.339726 124.00 365
0.152367 103.00 676

0.823276 191.00 232
0.054374 23.00 423
0.480769 75.00 156
0.330243 285.00 863
0.210198 202.00 961

0.538462 91.00 169
0.034364 10.00 291
0.181818 94.00 517
0.562914 85.00 151
0.585034 86.00 147

0.782609 216.00 276
0.025063 10.00 399
0.642857 99.00 154
0.240506 76.00 316
0.212212 212.00 999

0.227273 55.00 242
0.849840 266.00 313
0.158996 38.00 239
0.360169 85.00 236
0.305322 109.00 357

0.205882 189.00 918
0.244186 63.00 258
0.634021 123.00 194
0.458078 224.00 489
0.358255 230.00 642

0.368764 170.00 461
0.638298 240.00 376
0.207627 49.00 236
0.398601 57.00 143
0.288684 125.00 433

0.759259 205.00 270
0.649281 361.00 556
0.032172 12.00 373
0.094891 13.00 137
0.364407 129.00 354

0.515504 133.00 258
0.558789 480.00 859
0.179104 24.00 134
0.570796 129.00 226
0.073986 31.00 419

0.140584 106.00 754
0.291005 55.00 189
0.256250 82.00 320
0.977865 751.00 768
0.233062 86.00 369

0.126866 102.00 804
0.148903 95.00 638
0.353982 240.00 678
0.444444 56.00 126
0.821429 115.00 140

0.429864 95.00 221
0.088235 9.00 102
0.909722 393.00 432
0.229759 210.00 914
0.240876 33.00 137

0.474261 433.00 913
0.065934 30.00 455
0.743820 662.00 890
0.551069 232.00 421
0.067073 11.00 164

0.505028 452.00 895
0.479407 291.00 607
0.089286 10.00 112
0.216958 174.00 802
0.607038 207.00 341

0.078859 47.00 596
0.383502 265.00 691
0.092006 61.00 663
0.358636 326.00 909
0.987531 396.00 401

0.019950 8.00 401
0.433071 220.00 508
0.315029 218.00 692
0.767677 228.00 297
0.365796 154.00 421

0.241218 103.00 427
0.756784 753.00 995
0.049751 20.00 402
0.319444 92.00 288
0.535211 114.00 213

0.860606 142.00 165
0.844444 114.00 135
0.077160 75.00 972
0.079365 30.00 378
0.043103 5.00 116

0.182301 103.00 565
0.580952 61.00 105
0.321138 79.00 246
0.320093 137.00 428
0.495549 167.00 337

0.718346 278.00 387
0.234914 109.00 464
0.281301 173.00 615
0.234375 30.00 128
0.432602 138.00 319

0.480256 450.00 937
0.545455 138.00 253
0.317221 105.00 331
0.221519 35.00 158
0.333333 37.00 111

0.620253 98.00 158
0.370607 116.00 313
0.054441 38.00 698
0.809955 716.00 884
0.045643 44.00 964

0.733333 231.00 315
0.350000 35.00 100
0.016272 11.00 676
0.550471 409.00 743
0.253333 38.00 150

0.530266 219.00 413
0.676871 199.00 294
0.207399 185.00 892
0.058651 20.00 341
0.423423 47.00 111

0.146479 52.00 355
0.651246 183.00 281
0.031646 5.00 158
0.987179 154.00 156
0.087065 70.00 804

0.890365 268.00 301
0.122449 24.00 196
0.649123 74.00 114
0.043478 9.00 207
0.187097 29.00 155

0.541573 241.00 445
0.437817 345.00 788
0.460259 249.00 541
0.131313 39.00 297
0.327869 60.00 183

0.815668 354.00 434
0.286408 59.00 206
0.527352 241.00 457
0.070248 51.00 726
0.198864 35.00 176

0.528926 128.00 242
0.234940 39.00 166
0.014973 14.00 935
0.685096 285.00 416
0.433962 115.00 265

0.238318 102.00 428
0.152318 23.00 151
0.120879 22.00 182
0.497110 258.00 519
0.888620 367.00 413

0.033613 4.00 119
0.451515 149.00 330
0.585890 191.00 326
0.144177 78.00 541
0.686391 348.00 507

0.479401 128.00 267
0.099432 70.00 704
0.317204 118.00 372
0.829060 194.00 234
0.175573 46.00 262

