0.053571 9.00 168
0.314193 290.00 923
0.301724 35.00 116
0.194896 168.00 862
0.536636 520.00 969

0.625397 197.00 315
0.472340 111.00 235
0.076142 15.00 197
0.086957 10.00 115
0.138365 44.00 318

0.079787 60.00 752
0.288043 53.00 184
0.842105 128.00 152
0.005502 4.00 727
0.185972 175.00 941

0.138979 128.00 921
0.987448 236.00 239
0.085271 44.00 516
0.113208 36.00 318
0.076923 10.00 130

0.370690 129.00 348
0.175182 24.00 137
0.532468 82.00 154
0.050715 39.00 769
0.266015 245.00 921

0.357407 193.00 540
0.114865 17.00 148
0.515723 82.00 159
0.269720 106.00 393
0.145631 30.00 206

0.470085 55.00 117
0.131519 58.00 441
0.058824 8.00 136
0.048193 16.00 332
0.690647 96.00 139

0.037543 11.00 293
0.375274 343.00 914
0.322718 152.00 471
0.454294 164.00 361
0.212435 41.00 193

0.097222 14.00 144
0.314019 168.00 535
0.131024 87.00 664
0.019925 16.00 803
0.836879 118.00 141

0.022936 15.00 654
0.194175 20.00 103
0.366492 70.00 191
0.455331 316.00 694
0.360656 44.00 122

0.358459 214.00 597
0.241379 56.00 232
0.503546 71.00 141
0.134686 73.00 542
0.161094 53.00 329

0.279683 106.00 379
0.666667 642.00 963
0.259962 137.00 527
0.190476 24.00 126
0.008403 1.00 119

0.007812 2.00 256
0.204819 85.00 415
0.295423 213.00 721
0.388982 233.00 599
0.500000 74.00 148

0.231293 170.00 735
0.124248 62.00 499
0.099476 19.00 191
0.442396 96.00 217
0.501475 170.00 339

0.007812 2.00 256
0.150235 64.00 426
0.046209 39.00 844
0.866941 632.00 729
0.330097 34.00 103

0.670732 110.00 164
0.458647 61.00 133
0.040373 13.00 322
0.105263 26.00 247
0.129630 14.00 108

0.042553 10.00 235
0.278302 118.00 424
0.268566 264.00 983
0.642424 106.00 165
0.165971 159.00 958

0.315927 121.00 383
0.133425 97.00 727
0.224080 134.00 598
0.691429 363.00 525
0.035806 28.00 782

0.039877 13.00 326
0.382883 255.00 666
0.126163 122.00 967
0.482270 68.00 141
0.366525 173.00 472

0.133172 55.00 413
0.308594 79.00 256
0.177751 147.00 827
0.051188 28.00 547
0.728417 405.00 556

0.332231 201.00 605
0.389344 285.00 732
0.543860 403.00 741
0.106719 27.00 253
0.028037 9.00 321

0.035433 9.00 254
0.046990 32.00 681
0.560920 244.00 435
0.683219 399.00 584
0.069264 16.00 231

0.159292 72.00 452
0.066414 35.00 527
0.315261 157.00 498
0.138614 28.00 202
0.720670 129.00 179

0.733333 539.00 735
0.153935 133.00 864
0.207506 94.00 453
0.239583 46.00 192
0.066667 38.00 570

0.179372 40.00 223
0.006757 3.00 444
0.141935 22.00 155
0.168019 145.00 863
0.904762 741.00 819

0.339048 178.00 525
0.090141 32.00 355
0.668966 97.00 145
0.078571 22.00 280
0.222222 28.00 126

0.291005 55.00 189
0.027523 15.00 545
0.202381 34.00 168
0.812565 776.00 955
0.060914 12.00 197

0.259740 40.00 154
0.372549 76.00 204
0.022124 5.00 226
0.534722 77.00 144
0.215385 70.00 325

0.008677 8.00 922
0.423077 165.00 390
0.168362 149.00 885
0.037037 5.00 135
0.764434 331.00 433

0.073270 54.00 737
0.419753 68.00 162
0.010417 3.00 288
0.491166 139.00 283
0.404580 265.00 655

0.022727 6.00 264
0.906344 300.00 331
0.351351 65.00 185
0.090476 19.00 210
0.028728 21.00 731

0.563025 134.00 238
0.090439 35.00 387
0.022801 14.00 614
0.439506 178.00 405
0.284519 68.00 239

0.165468 46.00 278
0.041667 6.00 144
0.463277 82.00 177
0.695652 80.00 115
0.035176 14.00 398

0.403941 164.00 406
0.076271 9.00 118
0.105263 22.00 209
0.545872 119.00 218
0.263393 177.00 672

0.428962 157.00 366
0.039948 31.00 776
0.365559 121.00 331
0.508108 94.00 185
0.060403 9.00 149

0.542353 461.00 850
0.020776 15.00 722
0.366667 77.00 210
0.101299 39.00 385
0.366197 52.00 142

0.049107 11.00 224
0.097561 20.00 205
0.468232 339.00 724
0.554622 198.00 357
0.231959 45.00 194

0.684713 430.00 628
0.025000 6.00 240
0.560510 176.00 314
0.092593 10.00 108
0.034052 30.00 881

0.636943 100.00 157
0.479452 70.00 146
0.006006 2.00 333
0.132530 22.00 166
0.144898 71.00 490

0.431138 72.00 167
0.014085 3.00 213
0.115183 22.00 191
0.026585 13.00 489
0.812133 415.00 511

0.019048 2.00 105
0.165000 33.00 200
0.725212 512.00 706
0.469027 106.00 226
0.022222 6.00 270

0.075893 17.00 224
0.760081 377.00 496
0.136364 15.00 110
0.045161 7.00 155
0.382514 70.00 183

0.600000 78.00 130
0.053763 20.00 372
0.044811 19.00 424
0.635229 458.00 721
0.071138 35.00 492

0.001718 1.00 582
0.312791 269.00 860
0.660377 140.00 212
0.282895 43.00 152
0.146341 18.00 123

0.132353 18.00 136
0.003534 1.00 283
0.437126 73.00 167
0.449312 359.00 799
0.379447 96.00 253

0.440589 419.00 951
0.039146 11.00 281
0.317647 81.00 255
0.052023 9.00 173
0.545833 262.00 480

0.139194 38.00 273
0.351020 258.00 735
0.303030 90.00 297
0.565733 525.00 928
0.039809 25.00 628

0.139423 29.00 208
0.067227 8.00 119
0.236220 30.00 127
0.681818 75.00 110
0.279793 54.00 193

0.815668 177.00 217
0.082759 12.00 145
0.343023 59.00 172
0.031579 6.00 190
0.123967 15.00 121

0.485714 68.00 140
0.133333 86.00 645
0.351852 247.00 702
0.277149 245.00 884
0.154098 47.00 305

0.285068 63.00 221
0.191489 27.00 141
0.109290 40.00 366
0.413598 292.00 706
0.393822 102.00 259

0.362791 78.00 215
0.607843 124.00 204
0.178010 34.00 191
0.077540 29.00 374
0.175141 31.00 177

0.120000 12.00 100
0.020548 3.00 146
0.243534 113.00 464
0.991150 112.00 113
0.018750 3.00 160

0.156352 48.00 307
0.421788 151.00 358
0.102941 14.00 136
0.343653 111.00 323
0.372840 302.00 810

0.522293 82.00 157
0.363309 101.00 278
0.066879 21.00 314
0.204082 110.00 539
0.241653 152.00 629

0.318003 242.00 761
0.057018 13.00 228
0.191781 84.00 438
0.261275 168.00 643
0.576000 144.00 250

0.201754 23.00 114
0.013415 11.00 820
0.262452 137.00 522
0.160000 20.00 125
0.759898 595.00 783

0.917431 100.00 109
0.133333 38.00 285
0.113333 17.00 150
0.222222 32.00 144
0.014184 2.00 141

0.471820 293.00 621
0.327138 88.00 269
0.054299 12.00 221
0.388158 59.00 152
0.156522 18.00 115

0.192308 45.00 234
0.102041 50.00 490
0.515513 432.00 838
0.260062 84.00 323
0.330275 36.00 109

0.064000 8.00 125
0.518325 99.00 191
0.542056 116.00 214
0.146919 31.00 211
0.122951 15.00 122

0.521971 392.00 751
0.228916 38.00 166
0.220339 26.00 118
0.267974 82.00 306
0.157233 100.00 636

0.222997 64.00 287
0.364130 335.00 920
0.289670 272.00 939
0.037037 16.00 432
0.486567 326.00 670

0.390909 43.00 110
0.088496 10.00 113
0.268456 40.00 149
0.221965 192.00 865
0.437956 60.00 137

0.218377 183.00 838
0.230357 129.00 560
0.571266 501.00 877
0.016129 2.00 124
0.361658 349.00 965

0.054455 11.00 202
0.005252 5.00 952
0.401180 136.00 339
0.368421 238.00 646
0.575000 69.00 120

0.357143 210.00 588
0.077670 24.00 309
0.059880 20.00 334
0.477876 54.00 113
0.426415 113.00 265

0.703448 102.00 145
0.310490 222.00 715
0.108187 37.00 342
0.126394 102.00 807
0.151625 42.00 277

0.598802 100.00 167
0.080764 55.00 681
0.351852 114.00 324
0.069204 20.00 289
0.299029 154.00 515

0.160883 51.00 317
0.237660 130.00 547
0.103960 21.00 202
0.877301 286.00 326
0.021622 4.00 185

0.666667 78.00 117
0.089239 34.00 381
0.060000 9.00 150
0.531868 242.00 455
0.044776 6.00 134

0.129252 76.00 588
0.476190 140.00 294
0.510870 141.00 276
0.231214 40.00 173
0.055147 15.00 272

0.789189 146.00 185
0.056673 31.00 547
0.219373 77.00 351
0.187391 107.00 571
0.145985 60.00 411

0.047872 9.00 188
0.386792 41.00 106
0.108460 50.00 461
0.218487 52.00 238
0.641849 500.00 779

0.039916 19.00 476
0.120344 42.00 349
0.085714 9.00 105
0.850932 411.00 483
0.308750 247.00 800

0.059259 32.00 540
0.132911 21.00 158
0.408377 156.00 382
0.236145 98.00 415
0.561446 233.00 415

0.343750 44.00 128
0.480000 48.00 100
0.016575 3.00 181
0.183267 46.00 251
0.375839 56.00 149

0.078212 14.00 179
0.676747 649.00 959
0.133333 14.00 105
0.267782 128.00 478
0.242120 169.00 698

0.758437 427.00 563
0.020619 4.00 194
0.161812 100.00 618
0.074960 47.00 627
0.382900 309.00 807

0.414747 90.00 217
0.107232 43.00 401
0.461957 170.00 368
0.253659 52.00 205
0.160256 25.00 156

0.282369 205.00 726
0.163763 47.00 287
0.491071 275.00 560
0.142857 80.00 560
0.320346 74.00 231

0.704663 136.00 193
0.051282 12.00 234
0.154799 50.00 323
0.345061 255.00 739
0.146589 101.00 689

0.654959 317.00 484
0.078947 9.00 114
0.242553 57.00 235
0.256080 179.00 699
0.165548 74.00 447

0.196481 67.00 341
0.454545 65.00 143
0.100000 12.00 120
0.574176 209.00 364
0.079602 16.00 201

0.513458 248.00 483
0.398230 135.00 339
0.095847 30.00 313
0.358209 48.00 134
0.038348 26.00 678

0.034884 9.00 258
0.549933 413.00 751
0.517483 74.00 143
0.152764 152.00 995
0.147059 30.00 204

0.352442 332.00 942
0.059406 6.00 101
0.017301 5.00 289
0.215054 40.00 186
0.756452 469.00 620

0.032500 26.00 800
0.826772 105.00 127
0.398305 47.00 118
0.034707 16.00 461
0.109489 15.00 137

0.198113 21.00 106
0.016393 6.00 366
0.401189 270.00 673
0.378251 320.00 846
0.404412 55.00 136

0.189189 56.00 296
0.183206 48.00 262
0.437500 119.00 272
0.338403 178.00 526
0.254808 53.00 208

0.404187 251.00 621
0.100000 33.00 330
0.598706 185.00 309
0.068075 58.00 852
0.227941 124.00 544

0.032828 13.00 396
0.293839 124.00 422
0.345779 213.00 616
0.087312 64.00 733
0.640100 514.00 803

0.704050 226.00 321
0.175097 45.00 257
0.157025 19.00 121
0.087209 45.00 516
0.282222 127.00 450

0.363636 44.00 121
0.503205 157.00 312
0.155779 31.00 199
0.218935 37.00 169
0.153276 124.00 809

0.220126 35.00 159
0.362768 152.00 419
0.486402 465.00 956
0.152966 147.00 961
0.175824 32.00 182

0.076923 22.00 286
0.210300 49.00 233
0.231707 38.00 164
0.087379 18.00 206
0.796526 642.00 806

0.620237 472.00 761
0.537585 472.00 878
0.134021 52.00 388
0.098976 29.00 293
0.003922 1.00 255

0.268519 29.00 108
0.107692 21.00 195
0.804167 193.00 240
0.198777 195.00 981
0.021739 3.00 138

0.388430 47.00 121
0.585915 208.00 355
0.091873 26.00 283
0.059322 21.00 354
0.278302 118.00 424

0.406452 126.00 310
0.080000 12.00 150
0.002151 2.00 930
0.543210 440.00 810
0.370370 80.00 216

0.274457 101.00 368
0.794147 787.00 991
0.267819 124.00 463
0.043933 21.00 478
0.018145 9.00 496

0.198020 40.00 202
0.592893 584.00 985
0.105691 26.00 246
0.142857 23.00 161
0.358974 42.00 117

0.239471 199.00 831
0.557007 469.00 842
0.056140 16.00 285
0.281481 152.00 540
0.263566 34.00 129

0.141176 24.00 170
0.294118 45.00 153
0.242081 107.00 442
0.625352 222.00 355
0.093525 13.00 139

0.145049 104.00 717
0.097643 29.00 297
0.808673 317.00 392
0.307937 97.00 315
0.041711 39.00 935

0.306393 254.00 829
0.772727 102.00 132
0.140741 19.00 135
0.031847 5.00 157
0.144444 52.00 360

0.177253 120.00 677
0.648903 207.00 319
0.209677 39.00 186
0.081761 13.00 159
0.276596 52.00 188

0.622642 66.00 106
0.093750 21.00 224
0.070485 16.00 227
0.605634 301.00 497
0.013189 11.00 834

0.008264 1.00 121
0.374494 370.00 988
0.556604 177.00 318
0.023256 3.00 129
0.436073 191.00 438

0.226744 39.00 172
0.067941 32.00 471
0.316406 81.00 256
0.547486 98.00 179
0.240157 61.00 254

0.165775 31.00 187
0.555752 314.00 565
0.032051 5.00 156
0.505348 378.00 748
0.137056 27.00 197

0.030769 4.00 130
0.298246 221.00 741
0.669565 77.00 115
0.333333 166.00 498
0.063830 12.00 188

0.433526 300.00 692
0.464953 199.00 428
0.177806 141.00 793
0.178862 44.00 246
0.146825 37.00 252

0.175000 28.00 160
0.394495 129.00 327
0.123158 117.00 950
0.380645 59.00 155
0.322667 121.00 375

0.397373 242.00 609
0.227723 23.00 101
0.577633 532.00 921
0.048000 6.00 125
0.148387 23.00 155

0.405882 69.00 170
0.336343 149.00 443
0.087635 73.00 833
0.217778 196.00 900
0.347826 80.00 230

0.020000 3.00 150
0.729651 251.00 344
0.253201 178.00 703
0.339901 69.00 203
0.054896 37.00 674

0.853710 817.00 957
0.002532 1.00 395
0.181818 40.00 220
0.252381 53.00 210
0.110656 54.00 488

0.182336 64.00 351
0.367521 43.00 117
0.265152 35.00 132
0.313869 43.00 137
0.266447 81.00 304

0.427273 94.00 220
0.099668 30.00 301
0.014925 2.00 134
0.501916 131.00 261
0.354545 78.00 220

0.034826 7.00 201
0.619658 435.00 702
0.020408 3.00 147
0.532872 154.00 289
0.190909 63.00 330

0.014706 7.00 476
0.219048 92.00 420
0.238034 184.00 773
0.155882 106.00 680
0.774247 463.00 598

0.091168 32.00 351
0.511327 158.00 309
0.433962 69.00 159
0.249258 168.00 674
0.111111 14.00 126

0.242038 38.00 157
0.493188 181.00 367
0.016000 2.00 125
0.460674 82.00 178
0.180095 38.00 211

0.477958 412.00 862
0.309745 267.00 862
0.170588 29.00 170
0.382979 54.00 141
0.061630 31.00 503

0.045603 14.00 307
0.077381 13.00 168
0.261682 28.00 107
0.861780 823.00 955
0.151685 27.00 178

0.278846 29.00 104
0.205752 186.00 904
0.852417 335.00 393
0.031496 4.00 127
0.036058 15.00 416

0.007519 7.00 931
0.150888 51.00 338
0.368557 143.00 388
0.509390 217.00 426
0.360000 72.00 200

0.179372 40.00 223
0.437229 101.00 231
0.168961 135.00 799
0.093525 39.00 417
0.519231 81.00 156

0.792079 80.00 101
0.021341 21.00 984
0.241888 164.00 678
0.105263 94.00 893
0.236735 58.00 245

0.256757 38.00 148
0.592233 305.00 515
0.048571 34.00 700
0.407895 62.00 152
0.091476 44.00 481

0.326590 226.00 692
0.444444 56.00 126
0.254464 57.00 224
0.369128 55.00 149
0.010661 5.00 469

0.105263 40.00 380
0.012225 10.00 818
0.842105 336.00 399
0.318618 166.00 521
0.122120 53.00 434

0.112971 54.00 478
0.269784 75.00 278
0.700000 77.00 110
0.050360 7.00 139
0.265725 207.00 779

0.373057 144.00 386
0.255435 94.00 368
0.110119 37.00 336
0.316750 191.00 603
0.344920 129.00 374

0.089041 26.00 292
0.117365 98.00 835
0.240803 72.00 299
0.148058 61.00 412
0.802020 397.00 495

0.328000 41.00 125
0.351220 216.00 615
0.289414 257.00 888
0.040000 4.00 100
0.394737 375.00 950

0.031746 4.00 126
0.041312 34.00 823
0.183432 31.00 169
0.694196 311.00 448
0.450586 269.00 597

0.643080 618.00 961
0.145833 21.00 144
0.232759 108.00 464
0.193662 55.00 284
0.185567 36.00 194

0.191111 172.00 900
0.112245 22.00 196
0.558919 517.00 925
0.165017 100.00 606
0.370370 40.00 108

0.246988 41.00 166
0.016949 2.00 118
0.476608 163.00 342
0.330435 38.00 115
0.326214 168.00 515

0.067729 17.00 251
0.303448 44.00 145
0.105085 31.00 295
0.473373 240.00 507
0.451420 302.00 669

0.048571 17.00 350
0.430457 424.00 985
0.347953 119.00 342
0.446367 129.00 289
0.131387 18.00 137

0.330275 144.00 436
0.048649 18.00 370
0.322785 153.00 474
0.492366 258.00 524
0.206651 87.00 421

0.274359 107.00 390
0.200581 69.00 344
0.535948 82.00 153
0.373206 78.00 209
0.016949 5.00 295

0.276995 59.00 213
0.441860 76.00 172
0.099415 17.00 171
0.376682 84.00 223
0.208122 41.00 197

0.046083 10.00 217
0.206612 25.00 121
0.312977 82.00 262
0.735219 286.00 389
0.097015 39.00 402

0.322957 166.00 514
0.055215 9.00 163
0.078740 10.00 127
0.855556 154.00 180
0.084416 13.00 154

0.752577 584.00 776
0.317460 100.00 315
0.133333 18.00 135
0.005076 1.00 197
0.191304 88.00 460

0.120000 15.00 125
0.635294 216.00 340
0.129870 20.00 154
0.009259 1.00 108
0.511278 68.00 133

0.004065 1.00 246
0.779754 570.00 731
0.305556 66.00 216
0.181223 83.00 458
0.129383 107.00 827

0.130653 52.00 398
0.390947 95.00 243
0.522843 103.00 197
0.320312 41.00 128
0.034483 4.00 116

0.326582 129.00 395
0.092937 75.00 807
0.804688 103.00 128
0.124606 79.00 634
0.049020 5.00 102

0.239748 76.00 317
0.095082 29.00 305
0.678832 93.00 137
0.285199 158.00 554
0.099526 21.00 211

0.148515 15.00 101
0.190551 121.00 635
0.171607 110.00 641
0.349829 205.00 586
0.537736 57.00 106

0.153277 145.00 946
0.607843 186.00 306
0.279891 103.00 368
0.041916 7.00 167
0.312849 56.00 179

0.058236 35.00 601
0.030942 22.00 711
0.435811 387.00 888
0.103825 19.00 183
0.769690 645.00 838

0.386935 77.00 199
0.839572 314.00 374
0.055728 18.00 323
0.044879 39.00 869
0.071508 64.00 895

0.606285 328.00 541
0.174138 101.00 580
0.066768 44.00 659
0.150628 36.00 239
0.403846 42.00 104

0.002762 2.00 724
0.786385 335.00 426
0.047244 6.00 127
0.101504 27.00 266
0.465347 94.00 202

0.047782 14.00 293
0.143590 28.00 195
0.167504 100.00 597
0.836283 189.00 226
0.202805 188.00 927

0.591346 123.00 208
0.172808 136.00 787
0.182994 99.00 541
0.431898 371.00 859
0.022161 8.00 361

0.633434 629.00 993
0.001805 1.00 554
0.339286 38.00 112
0.136364 69.00 506
0.288499 148.00 513

0.064516 10.00 155
0.390852 376.00 962
0.088154 32.00 363
0.208075 134.00 644
0.647619 68.00 105

0.052885 11.00 208
0.738703 376.00 509
0.080357 36.00 448
0.409894 116.00 283
0.119632 39.00 326

0.202899 28.00 138
0.512000 64.00 125
0.306250 49.00 160
0.137405 36.00 262
0.241645 94.00 389

0.422744 342.00 809
0.341629 151.00 442
0.393162 46.00 117
0.171617 104.00 606
0.073381 51.00 695

0.483696 89.00 184
0.221154 23.00 104
0.138603 121.00 873
0.210145 58.00 276
0.349315 51.00 146

0.696721 85.00 122
0.125698 45.00 358
0.017857 3.00 168
0.078947 9.00 114
0.485437 50.00 103

0.919521 537.00 584
0.132791 49.00 369
0.181818 120.00 660
0.042159 25.00 593
0.125000 115.00 920

0.077465 11.00 142
0.179856 25.00 139
0.244776 164.00 670
0.360452 319.00 885
0.536036 238.00 444

0.300000 63.00 210
0.723048 389.00 538
0.047244 6.00 127
0.272189 46.00 169
0.057087 29.00 508

0.100606 83.00 825
0.014768 7.00 474
0.362832 82.00 226
0.715232 108.00 151
0.206681 99.00 479

0.183486 20.00 109
0.035242 8.00 227
0.983607 120.00 122
0.078947 33.00 418
0.122449 18.00 147

0.043741 29.00 663
0.827160 134.00 162
0.113333 17.00 150
0.174419 60.00 344
0.246637 165.00 669

0.065421 7.00 107
0.018248 5.00 274
0.323607 244.00 754
0.027586 4.00 145
0.966960 439.00 454

0.143667 76.00 529
0.302617 266.00 879
0.721963 618.00 856
0.113014 99.00 876
0.115152 19.00 165

0.180266 95.00 527
0.632231 306.00 484
0.137380 43.00 313
0.125000 15.00 120
0.330645 82.00 248

0.221622 41.00 185
0.602564 94.00 156
0.110294 15.00 136
0.377593 91.00 241
0.090683 73.00 805

0.333333 63.00 189
0.027027 4.00 148
0.277411 210.00 757
0.141053 67.00 475
0.621429 174.00 280

0.805333 302.00 375
0.042553 10.00 235
0.172691 43.00 249
0.359795 281.00 781
0.021053 8.00 380

0.220637 201.00 911
0.135802 33.00 243
0.029268 6.00 205
0.126761 27.00 213
0.888889 456.00 513

0.065823 52.00 790
0.453172 450.00 993
0.311644 91.00 292
0.159341 29.00 182
0.407725 95.00 233

0.356771 137.00 384
0.666667 238.00 357
0.074648 53.00 710
0.015306 3.00 196
0.284553 35.00 123

0.441038 187.00 424
0.186630 67.00 359
0.495495 55.00 111
0.182482 25.00 137
0.092105 14.00 152

0.312500 115.00 368
0.008247 8.00 970
0.141678 103.00 727
0.314286 99.00 315
0.623864 549.00 880

0.520710 88.00 169
0.663623 436.00 657
0.083636 23.00 275
0.057927 19.00 328
0.072874 72.00 988

0.119134 99.00 831
0.737778 332.00 450
0.106870 14.00 131
0.134656 129.00 958
0.304878 75.00 246

0.052308 17.00 325
0.154321 25.00 162
0.170264 71.00 417
0.157895 63.00 399
0.863034 586.00 679

0.169643 152.00 896
0.935294 477.00 510
0.030075 4.00 133
0.245098 25.00 102
0.021236 11.00 518

0.399312 232.00 581
0.165062 120.00 727
0.284404 62.00 218
0.203670 111.00 545
0.344988 148.00 429

0.344099 277.00 805
0.275000 88.00 320
0.292948 162.00 553
0.321678 46.00 143
0.163717 37.00 226

0.317568 94.00 296
0.045685 18.00 394
0.250923 68.00 271
0.544118 74.00 136
0.242054 198.00 818

0.120944 82.00 678
0.052448 15.00 286
0.415205 71.00 171
0.240000 30.00 125
0.570370 77.00 135

0.062500 16.00 256
0.134752 38.00 282
0.511304 294.00 575
0.005102 1.00 196
0.689441 111.00 161

0.038412 30.00 781
0.041215 19.00 461
0.008157 5.00 613
0.896855 713.00 795
0.413386 105.00 254

0.240175 55.00 229
0.003876 1.00 258
0.730159 138.00 189
0.350000 63.00 180
0.070896 19.00 268

0.412214 108.00 262
0.244094 186.00 762
0.056452 7.00 124
0.535076 389.00 727
0.155172 126.00 812

0.262673 57.00 217
0.015625 3.00 192
0.395833 114.00 288
0.230159 29.00 126
0.494892 436.00 881

0.058824 6.00 102
0.070270 13.00 185
0.498333 299.00 600
0.143875 101.00 702
0.631961 261.00 413

0.686228 573.00 835
0.101010 20.00 198
0.264706 153.00 578
0.278810 75.00 269
0.066543 36.00 541

0.399582 191.00 478
0.102389 90.00 879
0.130246 90.00 691
0.747212 402.00 538
0.019608 2.00 102

0.810207 508.00 627
0.151288 141.00 932
0.297262 228.00 767
0.139032 135.00 971
0.001271 1.00 787

0.107769 86.00 798
0.855450 361.00 422
0.406250 182.00 448
0.010490 3.00 286
0.018750 3.00 160

0.145455 24.00 165
0.156671 128.00 817
0.828125 583.00 704
0.023723 13.00 548
0.245487 68.00 277

0.064386 32.00 497
0.163347 41.00 251
0.280612 55.00 196
0.073232 29.00 396
0.813688 214.00 263

0.161538 126.00 780
0.022670 9.00 397
0.186667 28.00 150
0.116848 43.00 368
0.913323 569.00 623

0.074967 56.00 747
0.217617 42.00 193
0.367561 315.00 857
0.699561 319.00 456
0.039886 14.00 351

0.427481 280.00 655
0.067961 35.00 515
0.666667 178.00 267
0.009009 1.00 111
0.226277 62.00 274

0.053097 6.00 113
0.631148 77.00 122
0.337940 269.00 796
0.108696 30.00 276
0.275266 207.00 752

0.077869 19.00 244
0.102564 20.00 195
0.648760 157.00 242
0.184000 23.00 125
0.385621 59.00 153

0.498667 374.00 750
0.401961 41.00 102
0.288390 77.00 267
0.117647 40.00 340
0.091595 85.00 928

0.278884 70.00 251
0.116279 15.00 129
0.592068 209.00 353
0.051630 19.00 368
0.358108 53.00 148

0.033058 8.00 242
0.395161 49.00 124
0.505539 502.00 993
0.407725 95.00 233
0.057971 8.00 138

0.640506 253.00 395
0.026570 22.00 828
0.046122 22.00 477
0.654781 404.00 617
0.031373 8.00 255

0.113990 44.00 386
0.439394 435.00 990
0.162791 161.00 989
0.026562 17.00 640
0.653631 117.00 179

0.132479 31.00 234
0.402062 156.00 388
0.350559 251.00 716
0.451098 226.00 501
0.066890 40.00 598

0.428719 415.00 968
0.336232 116.00 345
0.034211 13.00 380
0.551948 255.00 462
0.048426 20.00 413

0.023438 9.00 384
0.112013 69.00 616
0.710204 348.00 490
0.208955 28.00 134
0.344595 102.00 296

0.041262 17.00 412
0.453280 228.00 503
0.020295 11.00 542
0.352584 116.00 329
0.530435 61.00 115

0.001783 1.00 561
0.206623 156.00 755
0.699083 381.00 545
0.140187 15.00 107
0.352941 36.00 102

0.240984 147.00 610
0.525352 373.00 710
0.356784 71.00 199
0.043956 16.00 364
0.236641 31.00 131

0.052434 14.00 267
0.146718 114.00 777
0.367368 349.00 950
0.313916 97.00 309
0.518375 268.00 517

0.333333 293.00 879
0.043614 28.00 642
0.830189 176.00 212
0.137157 55.00 401
0.056225 56.00 996

0.872283 321.00 368
0.223469 219.00 980
0.052419 26.00 496
0.034483 4.00 116
0.224638 31.00 138

0.114007 35.00 307
0.021378 9.00 421
0.366925 284.00 774
0.436102 273.00 626
0.462963 50.00 108

0.570513 89.00 156
0.129555 32.00 247
0.268000 134.00 500
0.308333 37.00 120
0.123188 17.00 138

0.014493 3.00 207
0.462687 62.00 134
0.587571 104.00 177
0.306306 136.00 444
0.025641 5.00 195

0.141129 70.00 496
0.549676 509.00 926
0.013986 2.00 143
0.546125 148.00 271
0.147239 72.00 489

0.299492 118.00 394
0.280415 189.00 674
0.726744 125.00 172
0.047794 13.00 272
0.041763 36.00 862

0.581475 339.00 583
0.477273 126.00 264
0.152249 88.00 578
0.039400 21.00 533
0.151852 41.00 270

0.042770 21.00 491
0.271845 28.00 103
0.604269 368.00 609
0.121447 94.00 774
0.357143 75.00 210

0.221418 153.00 691
0.436393 271.00 621
0.026316 3.00 114
0.369478 184.00 498
0.352941 36.00 102

0.024845 4.00 161
0.040526 37.00 913
0.640625 123.00 192
0.180791 32.00 177
0.513131 254.00 495

0.006452 2.00 310
0.057402 57.00 993
0.976471 166.00 170
0.135307 128.00 946
0.226190 38.00 168

0.238659 121.00 507
0.240240 80.00 333
0.460870 53.00 115
0.115607 20.00 173
0.346405 53.00 153

0.455738 417.00 915
0.288591 43.00 149
0.184466 19.00 103
0.385902 323.00 837
0.086022 40.00 465

0.180026 137.00 761
0.192786 155.00 804
0.531034 154.00 290
0.106881 73.00 683
0.389041 142.00 365

0.330460 115.00 348
0.145349 25.00 172
0.240385 225.00 936
0.516667 62.00 120
0.168067 60.00 357

0.204023 71.00 348
0.409615 213.00 520
0.234043 66.00 282
0.520408 102.00 196
0.036217 18.00 497

0.330189 35.00 106
0.109865 49.00 446
0.257009 110.00 428
0.268376 157.00 585
0.431373 264.00 612

0.035897 7.00 195
0.385147 223.00 579
0.486583 272.00 559
0.155462 37.00 238
0.338078 95.00 281

0.420118 71.00 169
0.242424 72.00 297
0.070039 18.00 257
0.472441 60.00 127
0.198582 28.00 141

0.082370 57.00 692
0.251908 99.00 393
0.788069 502.00 637
0.254335 44.00 173
0.025641 4.00 156

0.108136 105.00 971
0.857868 169.00 197
0.073529 50.00 680
0.116883 18.00 154
0.243604 219.00 899

0.432432 128.00 296
0.254902 65.00 255
0.378125 121.00 320
0.172876 116.00 671
0.166667 23.00 138

0.645455 142.00 220
0.112994 20.00 177
0.083832 14.00 167
0.339031 119.00 351
0.219512 144.00 656

0.061644 18.00 292
0.120603 24.00 199
0.380090 252.00 663
0.634615 165.00 260
0.200000 86.00 430

0.071111 16.00 225
0.120301 16.00 133
0.202797 87.00 429
0.506243 446.00 881
0.504732 320.00 634

0.549738 105.00 191
0.103365 43.00 416
0.106667 16.00 150
0.521008 186.00 357
0.118519 16.00 135

0.194774 82.00 421
0.161634 91.00 563
0.155224 104.00 670
0.728261 201.00 276
0.159544 56.00 351

0.347305 174.00 501
0.073805 71.00 962
0.041322 15.00 363
0.757396 128.00 169
0.176837 142.00 803

0.620879 113.00 182
0.477459 233.00 488
0.094923 43.00 453
0.134571 116.00 862
0.071207 23.00 323

0.005208 2.00 384
0.792000 99.00 125
0.444444 92.00 207
0.125843 56.00 445
0.030374 13.00 428

0.292035 33.00 113
0.561404 96.00 171
0.135863 111.00 817
0.037543 11.00 293
0.380623 110.00 289

0.610294 83.00 136
0.422018 46.00 109
0.147638 75.00 508
0.118812 12.00 101
0.101770 23.00 226

0.053763 20.00 372
0.279279 186.00 666
0.009398 5.00 532
0.918195 651.00 709
0.140187 30.00 214

0.835897 163.00 195
0.202918 153.00 754
0.006590 4.00 607
0.309677 48.00 155
0.044944 8.00 178

0.091493 57.00 623
0.145918 143.00 980
0.250000 28.00 112
0.242366 127.00 524
0.668342 266.00 398

0.130682 23.00 176
0.151741 61.00 402
0.125230 68.00 543
0.966981 205.00 212
0.028409 5.00 176

0.135714 19.00 140
0.550000 297.00 540
0.091456 76.00 831
0.396491 113.00 285
0.226087 26.00 115

0.436242 65.00 149
0.249453 114.00 457
0.031250 16.00 512
0.544944 97.00 178
0.139373 40.00 287

0.014706 3.00 204
0.003378 1.00 296
0.226607 201.00 887
0.661451 465.00 703
0.495595 225.00 454

0.052846 26.00 492
0.207813 133.00 640
0.051095 14.00 274
0.921466 176.00 191
0.164948 32.00 194

0.011940 8.00 670
0.253165 100.00 395
0.578313 576.00 996
0.100000 18.00 180
0.456410 89.00 195

0.175676 65.00 370
0.119171 23.00 193
0.063380 9.00 142
0.352941 294.00 833
0.689076 82.00 119

0.108696 20.00 184
0.500000 122.00 244
0.180387 149.00 826
0.408602 76.00 186
0.202247 54.00 267

0.519417 107.00 206
0.072674 25.00 344
0.046693 12.00 257
0.009901 1.00 101
0.751880 100.00 133

0.537736 114.00 212
0.030000 3.00 100
0.313725 64.00 204
0.409009 227.00 555
0.112676 32.00 284

0.495671 229.00 462
0.399645 225.00 563
0.183673 135.00 735
0.075221 34.00 452
0.250000 39.00 156

0.133166 106.00 796
0.289593 64.00 221
0.378641 39.00 103
0.519520 173.00 333
0.079208 16.00 202

0.380000 38.00 100
0.175439 20.00 114
0.058252 6.00 103
0.676647 226.00 334
0.114478 34.00 297

0.055556 9.00 162
0.185393 33.00 178
0.318750 51.00 160
0.300847 71.00 236
0.539823 61.00 113

0.296933 242.00 815
0.148148 24.00 162
0.490909 108.00 220
0.423529 72.00 170
0.038610 10.00 259

0.417863 262.00 627
0.380952 232.00 609
0.218750 63.00 288
0.047945 7.00 146
0.334572 90.00 269

0.643142 483.00 751
0.098361 30.00 305
0.153285 21.00 137
0.035556 8.00 225
0.466667 70.00 150

0.191892 71.00 370
0.303085 167.00 551
0.029268 6.00 205
0.195876 133.00 679
0.681868 628.00 921

0.083893 25.00 298
0.458427 204.00 445
0.440225 313.00 711
0.140625 27.00 192
0.274775 122.00 444

0.125475 66.00 526
0.823077 107.00 130
0.114286 12.00 105
0.305085 144.00 472
0.028777 16.00 556

0.231707 95.00 410
0.151961 31.00 204
0.446453 321.00 719
0.428295 221.00 516
0.142857 71.00 497

0.014406 12.00 833
0.919679 229.00 249
0.112285 85.00 757
0.158301 41.00 259
0.196203 31.00 158

0.009967 6.00 602
0.268293 33.00 123
0.336218 272.00 809
0.776423 191.00 246
0.007194 4.00 556

0.070529 28.00 397
0.114650 72.00 628
0.690395 611.00 885
0.217788 191.00 877
0.306931 186.00 606

0.006369 1.00 157
0.466019 48.00 103
0.193443 59.00 305
0.335175 182.00 543
0.403704 327.00 810

0.066265 11.00 166
0.074627 10.00 134
0.181176 77.00 425
0.767624 294.00 383
0.310078 120.00 387

0.033113 5.00 151
0.123762 25.00 202
0.704918 172.00 244
0.121780 52.00 427
0.415648 340.00 818

0.734250 641.00 873
0.096154 20.00 208
0.081845 55.00 672
0.015038 2.00 133
0.476923 62.00 130

0.662354 512.00 773
0.188034 44.00 234
0.320755 34.00 106
0.190083 23.00 121
0.035831 11.00 307

0.117302 40.00 341
0.454756 196.00 431
0.433333 130.00 300
0.211009 23.00 109
0.184100 44.00 239

0.825996 788.00 954
0.025210 3.00 119
0.167608 89.00 531
0.354680 144.00 406
0.028986 4.00 138

0.157333 118.00 750
0.331126 50.00 151
0.561644 123.00 219
0.186441 22.00 118
0.159292 18.00 113

0.187251 47.00 251
0.050802 19.00 374
1.000000 119.00 119
0.043237 39.00 902
0.123001 100.00 813

0.045113 6.00 133
0.776398 125.00 161
0.310000 124.00 400
0.157244 89.00 566
0.111650 69.00 618

0.242291 110.00 454
0.298780 49.00 164
0.007353 1.00 136
0.173387 43.00 248
0.683761 80.00 117

0.066667 8.00 120
0.290411 106.00 365
0.250000 85.00 340
0.001656 1.00 604
0.789713 522.00 661

0.155172 18.00 116
0.552846 68.00 123
0.009677 3.00 310
0.308901 59.00 191
0.370079 47.00 127

0.119891 44.00 367
0.375276 170.00 453
0.058041 48.00 827
0.769376 407.00 529
0.074394 43.00 578

0.359307 83.00 231
0.096552 14.00 145
0.110594 95.00 859
0.162500 39.00 240
0.666667 136.00 204

0.436567 117.00 268
0.747664 160.00 214
0.147849 55.00 372
0.024316 16.00 658
0.038462 4.00 104

0.024194 3.00 124
0.022590 15.00 664
0.191176 26.00 136
0.673835 188.00 279
0.486188 88.00 181

0.423423 47.00 111
0.698324 125.00 179
0.066092 23.00 348
0.104000 39.00 375
0.100000 13.00 130

0.010256 2.00 195
0.607843 62.00 102
0.094194 73.00 775
0.668394 129.00 193
0.019231 2.00 104

0.675000 81.00 120
0.201681 24.00 119
0.069231 9.00 130
0.256757 38.00 148
0.208748 105.00 503

0.241071 27.00 112
0.212944 102.00 479
0.237805 39.00 164
0.084906 9.00 106
0.617188 79.00 128

0.338983 80.00 236
0.074138 43.00 580
0.330986 47.00 142
0.194444 77.00 396
0.466019 48.00 103

0.287958 55.00 191
0.031359 27.00 861
0.538462 91.00 169
0.488806 393.00 804
0.049724 9.00 181

0.427027 79.00 185
0.111765 76.00 680
0.298578 63.00 211
0.388889 42.00 108
0.169811 18.00 106

0.355932 42.00 118
0.168142 19.00 113
0.575758 114.00 198
0.224138 39.00 174
0.077333 29.00 375

0.156051 98.00 628
0.457831 76.00 166
0.022117 14.00 633
0.271845 140.00 515
0.490113 347.00 708

0.193146 62.00 321
0.470085 55.00 117
0.059957 28.00 467
0.519274 229.00 441
0.159624 34.00 213

0.123675 35.00 283
0.049793 12.00 241
0.638081 439.00 688
0.561983 408.00 726
0.028571 3.00 105

0.601227 98.00 163
0.044164 14.00 317
0.592417 125.00 211
0.095541 15.00 157
0.065728 14.00 213

0.181818 22.00 121
0.637143 223.00 350
0.171667 103.00 600
0.322368 49.00 152
0.084967 13.00 153

0.188312 58.00 308
0.159204 32.00 201
0.324921 103.00 317
0.488864 439.00 898
0.237519 157.00 661

0.100437 46.00 458
0.352941 72.00 204
0.398131 213.00 535
0.110155 64.00 581
0.442857 62.00 140

0.202614 31.00 153
0.512000 256.00 500
0.025253 20.00 792
0.020979 3.00 143
0.642023 165.00 257

0.017945 11.00 613
0.123077 24.00 195
0.547445 150.00 274
0.038911 10.00 257
0.674641 423.00 627

0.938967 200.00 213
0.070281 35.00 498
0.032110 7.00 218
0.216667 39.00 180
0.145191 80.00 551

0.233155 218.00 935
0.091274 91.00 997
0.106796 11.00 103
0.856522 197.00 230
0.108108 44.00 407

0.003135 3.00 957
0.507042 252.00 497
0.371429 39.00 105
0.343750 110.00 320
0.175000 77.00 440

0.222414 129.00 580
0.201897 149.00 738
0.347727 153.00 440
0.498353 454.00 911
0.128492 23.00 179

0.117241 17.00 145
0.344828 60.00 174
0.308989 165.00 534
0.152000 38.00 250
0.471292 197.00 418

0.065844 64.00 972
0.461847 115.00 249
0.331467 296.00 893
0.486056 122.00 251
0.054455 11.00 202

0.032051 5.00 156
0.097087 10.00 103
0.806045 320.00 397
0.134503 46.00 342
0.331034 96.00 290

0.552711 367.00 664
0.380597 51.00 134
0.056075 6.00 107
0.394366 56.00 142
0.020443 12.00 587

0.260274 76.00 292
0.478149 186.00 389
0.356098 73.00 205
0.076677 24.00 313
0.232704 37.00 159

0.160839 23.00 143
0.464789 99.00 213
0.111111 18.00 162
0.473988 82.00 173
0.190141 27.00 142

0.116564 19.00 163
0.236220 30.00 127
0.440476 148.00 336
0.423729 125.00 295
0.177143 31.00 175

0.113122 25.00 221
0.469453 438.00 933
0.407895 62.00 152
0.250844 223.00 889
0.155340 16.00 103

0.475884 148.00 311
0.573598 491.00 856
0.125000 15.00 120
0.094891 13.00 137
0.129630 21.00 162

0.155786 105.00 674
0.124211 59.00 475
0.716981 228.00 318
0.370130 114.00 308
0.032020 13.00 406

0.301546 117.00 388
0.075581 13.00 172
0.472000 236.00 500
0.487805 80.00 164
0.062055 61.00 983

0.429825 98.00 228
0.094697 25.00 264
0.192000 168.00 875
0.643952 378.00 587
0.040741 11.00 270

0.024390 19.00 779
0.294837 217.00 736
0.088710 44.00 496
0.532353 181.00 340
0.456311 47.00 103

0.337580 106.00 314
0.069652 14.00 201
0.726516 611.00 841
0.251185 106.00 422
0.012121 2.00 165

0.401961 41.00 102
0.161290 20.00 124
0.409783 377.00 920
0.045872 45.00 981
0.382550 114.00 298

0.161290 75.00 465
0.121324 33.00 272
0.273109 65.00 238
0.786585 129.00 164
0.060160 45.00 748

0.070312 18.00 256
0.412121 68.00 165
0.006803 1.00 147
0.910979 307.00 337
0.006250 2.00 320

0.265734 38.00 143
0.705882 324.00 459
0.236084 123.00 521
0.048000 6.00 125
0.141278 115.00 814

0.019157 5.00 261
0.346961 314.00 905
0.045267 44.00 972
0.029289 28.00 956
0.960352 218.00 227

0.334171 133.00 398
0.558219 163.00 292
0.174757 18.00 103
0.110672 56.00 506
0.220085 206.00 936

0.299754 122.00 407
0.192982 22.00 114
0.460432 64.00 139
0.417054 269.00 645
0.032895 5.00 152

0.002667 2.00 750
0.161049 43.00 267
0.387387 43.00 111
0.274390 45.00 164
0.569007 235.00 413

0.300885 34.00 113
0.045311 43.00 949
0.455882 186.00 408
0.106918 17.00 159
0.491279 169.00 344

0.453202 184.00 406
0.220472 56.00 254
0.267857 30.00 112
0.275556 124.00 450
0.179941 61.00 339

0.143885 20.00 139
0.349315 51.00 146
0.180095 38.00 211
0.712305 411.00 577
0.018890 16.00 847

0.120000 12.00 100
0.803419 94.00 117
0.175439 130.00 741
0.211538 88.00 416
0.092883 77.00 829

0.839744 131.00 156
0.055285 34.00 615
0.030837 7.00 227
0.138528 32.00 231
0.338235 46.00 136

0.182051 71.00 390
0.291457 116.00 398
0.752959 509.00 676
0.002336 1.00 428
0.173432 47.00 271

0.127273 28.00 220
0.031746 4.00 126
0.217391 60.00 276
0.230769 27.00 117
0.789062 101.00 128

0.186567 25.00 134
0.490141 174.00 355
0.333333 36.00 108
0.240260 37.00 154
0.146965 92.00 626

0.164773 29.00 176
0.416290 276.00 663
0.474164 156.00 329
0.135755 71.00 523
0.209827 158.00 753

0.496599 73.00 147
0.046099 26.00 564
0.439394 58.00 132
0.241913 172.00 711
0.172414 65.00 377

0.284664 271.00 952
0.122074 73.00 598
0.188180 121.00 643
0.724138 420.00 580
0.084906 9.00 106

0.553719 67.00 121
0.034247 5.00 146
0.260976 214.00 820
0.123543 53.00 429
0.429719 107.00 249

0.096774 27.00 279
0.068323 11.00 161
0.906897 263.00 290
0.017094 2.00 117
0.313559 37.00 118

0.504425 57.00 113
0.272388 219.00 804
0.268116 259.00 966
0.314788 215.00 683
0.042254 30.00 710

0.447570 175.00 391
0.361823 127.00 351
0.370370 70.00 189
0.066116 8.00 121
0.151079 21.00 139

0.185227 163.00 880
0.169300 75.00 443
0.254637 151.00 593
0.469979 227.00 483
0.321586 73.00 227

0.336449 36.00 107
0.650224 145.00 223
0.106024 44.00 415
0.137255 14.00 102
0.176056 25.00 142

0.045012 37.00 822
0.297872 56.00 188
0.748387 232.00 310
0.270471 109.00 403
0.039823 9.00 226

0.130152 60.00 461
0.119581 80.00 669
0.207447 195.00 940
0.360000 180.00 500
0.584459 173.00 296

0.232824 61.00 262
0.292929 116.00 396
0.752294 82.00 109
0.114035 13.00 114
0.004926 1.00 203

0.490431 205.00 418
0.406130 212.00 522
0.073770 45.00 610
0.092437 11.00 119
0.336032 83.00 247

0.353211 77.00 218
0.135135 20.00 148
0.023897 13.00 544
0.389866 377.00 967
0.497500 398.00 800

0.118227 48.00 406
0.294872 69.00 234
0.448936 211.00 470
0.319149 75.00 235
0.221402 60.00 271

0.017241 3.00 174
0.136364 27.00 198
0.799451 291.00 364
0.197740 35.00 177
0.244344 54.00 221

0.456311 47.00 103
0.294430 111.00 377
0.171875 22.00 128
0.458034 191.00 417
0.024691 4.00 162

0.150943 80.00 530
0.385185 104.00 270
0.360153 94.00 261
0.239130 44.00 184
0.266667 36.00 135

0.360000 54.00 150
0.291139 69.00 237
0.197324 118.00 598
0.273002 181.00 663
0.273438 35.00 128

0.047170 15.00 318
0.389794 359.00 921
0.538058 205.00 381
0.297794 81.00 272
0.127479 45.00 353

0.086839 64.00 737
0.117188 15.00 128
0.682000 341.00 500
0.007769 7.00 901
0.505435 186.00 368

0.015810 12.00 759
0.524927 358.00 682
0.192488 41.00 213
0.618056 178.00 288
0.045603 42.00 921

0.977663 569.00 582
0.082569 18.00 218
0.165517 48.00 290
0.098434 44.00 447
0.074074 10.00 135

0.129353 26.00 201
0.019608 4.00 204
0.107023 32.00 299
0.815126 194.00 238
0.326007 89.00 273

0.231343 93.00 402
0.304974 233.00 764
0.651376 71.00 109
0.187500 168.00 896
0.030534 4.00 131

0.014512 11.00 758
0.114504 15.00 131
0.412903 64.00 155
0.846154 99.00 117
0.014599 2.00 137

0.222760 92.00 413
0.408197 249.00 610
0.356589 46.00 129
0.258065 48.00 186
0.153078 92.00 601

0.322034 95.00 295
0.107914 15.00 139
0.337182 146.00 433
0.096045 68.00 708
0.540268 322.00 596

0.049383 20.00 405
0.654930 186.00 284
0.093525 13.00 139
0.467105 71.00 152
0.139423 58.00 416

0.070299 40.00 569
0.231293 34.00 147
0.154483 112.00 725
0.197468 78.00 395
0.741007 103.00 139

0.138889 55.00 396
0.029630 4.00 135
0.045045 10.00 222
0.337182 146.00 433
0.844136 547.00 648

0.024648 7.00 284
0.141822 137.00 966
0.610294 166.00 272
0.258503 38.00 147
0.361667 217.00 600

0.100000 15.00 150
0.306061 101.00 330
0.285959 167.00 584
0.168067 40.00 238
0.542105 103.00 190

0.158498 152.00 959
0.262690 207.00 788
0.633028 138.00 218
0.208791 57.00 273
0.137931 16.00 116

0.188841 44.00 233
0.462963 175.00 378
0.410959 90.00 219
0.330798 174.00 526
0.008658 2.00 231

0.594982 166.00 279
0.032000 8.00 250
0.346405 265.00 765
0.051282 6.00 117
0.371669 265.00 713

0.196078 80.00 408
0.615616 205.00 333
0.442548 389.00 879
0.108949 28.00 257
0.041667 6.00 144

0.147810 81.00 548
0.210784 43.00 204
0.671162 647.00 964
0.100000 65.00 650
0.272727 57.00 209

0.665605 418.00 628
0.213115 195.00 915
0.131915 31.00 235
0.200000 34.00 170
0.184615 36.00 195

0.051546 30.00 582
0.311558 124.00 398
0.671733 663.00 987
0.283636 78.00 275
0.084577 17.00 201

0.477876 108.00 226
0.098712 23.00 233
0.275591 175.00 635
0.339450 37.00 109
0.208278 156.00 749

0.453271 291.00 642
0.033223 10.00 301
0.147321 33.00 224
0.362304 346.00 955
0.406452 63.00 155

0.156463 23.00 147
0.208092 72.00 346
0.142857 22.00 154
0.630295 491.00 779
0.265306 39.00 147

0.195205 57.00 292
0.108374 22.00 203
0.312201 261.00 836
0.252358 107.00 424
0.528271 327.00 619

0.283713 162.00 571
0.027963 21.00 751
0.535398 363.00 678
0.237187 199.00 839
0.313725 48.00 153

0.007937 1.00 126
0.372222 67.00 180
0.114625 29.00 253
0.189655 33.00 174
0.716471 609.00 850

0.039440 31.00 786
0.266376 61.00 229
0.119298 34.00 285
0.087090 85.00 976
0.885845 194.00 219

0.449735 170.00 378
0.048387 12.00 248
0.217822 44.00 202
0.183381 64.00 349
0.500673 372.00 743

0.138122 25.00 181
0.296137 69.00 233
0.223684 34.00 152
0.533101 153.00 287
0.216374 37.00 171

0.095915 54.00 563
0.285714 34.00 119
0.049587 6.00 121
0.342857 36.00 105
0.625000 70.00 112

0.318627 130.00 408
0.041667 16.00 384
0.255102 50.00 196
0.727778 393.00 540
0.059724 39.00 653

0.315716 227.00 719
0.848684 129.00 152
0.204969 66.00 322
0.008008 8.00 999
0.021108 8.00 379

0.194056 111.00 572
0.177616 73.00 411
0.029592 29.00 980
0.103651 88.00 849
0.895833 387.00 432

0.722022 200.00 277
0.034014 25.00 735
0.376812 52.00 138
0.108753 41.00 377
0.160377 17.00 106

0.010000 3.00 300
0.277027 41.00 148
0.471875 151.00 320
0.337810 327.00 968
0.302326 65.00 215

0.179572 109.00 607
0.048780 6.00 123
0.097149 92.00 947
0.493750 79.00 160
0.583127 235.00 403

0.496875 318.00 640
0.356608 143.00 401
0.022556 3.00 133
0.014173 9.00 635
0.513784 205.00 399

0.937995 711.00 758
0.265487 150.00 565
0.025000 5.00 200
0.035156 9.00 256
0.136842 104.00 760

0.241611 36.00 149
0.758621 220.00 290
0.140556 96.00 683
0.048673 11.00 226
0.213296 77.00 361

0.393728 113.00 287
0.493927 244.00 494
0.034268 11.00 321
0.303030 100.00 330
0.177966 42.00 236

0.160368 157.00 979
0.099099 55.00 555
0.653846 85.00 130
0.132841 36.00 271
0.354369 73.00 206

0.054545 12.00 220
0.446809 63.00 141
0.211207 49.00 232
0.019048 4.00 210
0.667488 271.00 406

0.315789 36.00 114
0.435135 322.00 740
0.450980 46.00 102
0.163711 120.00 733
0.034014 30.00 882

0.180000 27.00 150
0.100719 14.00 139
0.189711 118.00 622
0.041322 5.00 121
0.894505 814.00 910

0.702703 130.00 185
0.184746 109.00 590
0.251318 143.00 569
0.208571 73.00 350
0.055046 24.00 436

0.439850 351.00 798
0.087432 16.00 183
0.133333 14.00 105
0.278846 145.00 520
0.462857 81.00 175

0.048017 23.00 479
0.214286 36.00 168
0.110927 67.00 604
0.820225 292.00 356
0.207207 23.00 111

0.879433 124.00 141
0.122449 18.00 147
0.015593 15.00 962
0.342857 108.00 315
0.043478 19.00 437

0.136364 27.00 198
0.137346 89.00 648
0.644128 362.00 562
0.132911 21.00 158
0.347826 200.00 575

0.022191 16.00 721
0.251366 46.00 183
0.260090 116.00 446
0.439604 222.00 505
0.428070 122.00 285

0.273438 70.00 256
0.411215 44.00 107
0.008174 3.00 367
0.506173 123.00 243
0.197403 76.00 385

0.150000 51.00 340
0.247619 26.00 105
0.288961 89.00 308
0.709251 483.00 681
0.008639 4.00 463

0.206395 71.00 344
0.420561 225.00 535
0.317241 46.00 145
0.145238 61.00 420
0.307107 121.00 394

0.215986 127.00 588
0.910053 172.00 189
0.065421 7.00 107
0.088000 11.00 125
0.118182 117.00 990

0.128000 48.00 375
0.176245 92.00 522
0.142045 25.00 176
0.371517 120.00 323
0.585248 484.00 827

0.043860 30.00 684
0.218569 113.00 517
0.851064 120.00 141
0.131343 44.00 335
0.154930 66.00 426

0.484043 91.00 188
0.184211 42.00 228
0.006596 5.00 758
0.545455 348.00 638
0.185039 47.00 254

0.150628 72.00 478
0.192771 48.00 249
0.184100 44.00 239
0.567164 114.00 201
0.306306 34.00 111

0.356522 41.00 115
0.138239 124.00 897
0.427068 284.00 665
0.127193 29.00 228
0.350493 320.00 913

0.230337 41.00 178
0.283044 212.00 749
0.312639 282.00 902
0.165049 34.00 206
0.404255 57.00 141

0.237968 89.00 374
0.075658 69.00 912
0.357576 118.00 330
0.421548 403.00 956
0.309417 138.00 446

0.216312 183.00 846
0.243363 55.00 226
0.447412 268.00 599
0.267857 30.00 112
0.224684 71.00 316

0.283912 90.00 317
0.012063 10.00 829
0.700000 301.00 430
0.234783 27.00 115
0.170765 125.00 732

0.462916 181.00 391
0.288571 101.00 350
0.516129 224.00 434
0.036649 7.00 191
0.095930 66.00 688

0.047619 6.00 126
0.187764 89.00 474
0.469430 453.00 965
0.060870 7.00 115
0.632517 568.00 898

0.103219 93.00 901
0.400000 72.00 180
0.159802 97.00 607
0.125683 23.00 183
0.610860 135.00 221

0.223256 144.00 645
0.787990 643.00 816
0.034091 6.00 176
0.132053 110.00 833
0.222222 72.00 324

0.024725 18.00 728
0.078125 10.00 128
0.316456 200.00 632
0.410959 90.00 219
0.573248 90.00 157

0.316872 77.00 243
0.428008 217.00 507
0.256098 42.00 164
0.240000 90.00 375
0.163636 18.00 110

0.218750 35.00 160
0.159170 138.00 867
0.428044 116.00 271
0.589744 299.00 507
0.005435 1.00 184

0.023392 8.00 342
0.368984 207.00 561
0.009804 1.00 102
0.254118 108.00 425
0.748503 125.00 167

0.305476 212.00 694
0.306839 166.00 541
0.321646 211.00 656
0.165195 131.00 793
0.301471 41.00 136

0.193548 90.00 465
0.440367 48.00 109
0.396552 46.00 116
0.214286 33.00 154
0.149584 54.00 361

0.265896 46.00 173
0.191429 67.00 350
0.101523 20.00 197
0.117904 27.00 229
0.723636 199.00 275

0.454730 447.00 983
0.008065 2.00 248
0.265152 35.00 132
0.449089 419.00 933
0.224315 131.00 584

0.209073 106.00 507
0.465587 115.00 247
0.037594 5.00 133
0.576052 178.00 309
0.109170 25.00 229

0.226190 57.00 252
0.133609 97.00 726
0.440536 263.00 597
0.186335 30.00 161
0.410112 73.00 178

0.330233 213.00 645
0.063063 7.00 111
0.361940 194.00 536
0.039216 4.00 102
0.600000 87.00 145

0.010811 2.00 185
0.053864 23.00 427
0.740741 80.00 108
0.114471 53.00 463
0.473054 158.00 334

0.715847 262.00 366
0.068111 22.00 323
0.412037 178.00 432
0.058824 6.00 102
0.144737 33.00 228

0.469136 304.00 648
0.006993 3.00 429
0.086331 24.00 278
0.486316 231.00 475
0.353050 191.00 541

0.019130 11.00 575
0.552632 147.00 266
0.514501 479.00 931
0.009780 4.00 409
0.303922 62.00 204

0.062500 12.00 192
0.058824 8.00 136
0.363636 56.00 154
0.309605 274.00 885
0.604651 312.00 516

0.231729 130.00 561
0.351967 340.00 966
0.253351 189.00 746
0.493635 349.00 707
0.069479 28.00 403

0.145179 134.00 923
0.020772 7.00 337
0.657957 277.00 421
0.181818 44.00 242
0.397412 215.00 541

0.327842 199.00 607
0.019162 16.00 835
0.934718 315.00 337
0.113240 65.00 574
0.002656 2.00 753

0.977011 255.00 261
0.223650 87.00 389
0.044248 5.00 113
0.034921 11.00 315
0.118644 21.00 177

0.097744 39.00 399
0.285899 221.00 773
0.130329 107.00 821
0.029070 5.00 172
0.858824 146.00 170

0.064935 25.00 385
0.390244 96.00 246
0.030075 4.00 133
0.884120 206.00 233
0.026738 20.00 748

0.261261 29.00 111
0.013889 3.00 216
0.262376 53.00 202
0.626102 355.00 567
0.234201 126.00 538

0.455696 72.00 158
0.282723 54.00 191
0.305835 152.00 497
0.144231 30.00 208
0.212766 30.00 141

0.356808 228.00 639
0.180645 28.00 155
0.404762 51.00 126
0.135558 130.00 959
0.318750 51.00 160

0.769976 636.00 826
0.136364 15.00 110
0.156463 23.00 147
0.199640 111.00 556
0.135338 72.00 532

0.106987 49.00 458
0.288462 30.00 104
0.570451 417.00 731
0.053333 16.00 300
0.380560 231.00 607

0.093361 45.00 482
0.410619 232.00 565
0.223140 54.00 242
0.576687 376.00 652
0.098361 12.00 122

0.800307 521.00 651
0.041348 27.00 653
0.056716 38.00 670
0.364362 137.00 376
0.134409 25.00 186

0.132743 15.00 113
0.070039 36.00 514
0.267606 57.00 213
0.913043 210.00 230
0.013115 4.00 305

0.460298 371.00 806
0.035427 22.00 621
0.452196 175.00 387
0.194969 31.00 159
0.250000 31.00 124

0.170306 39.00 229
0.179310 26.00 145
0.902913 279.00 309
0.153846 16.00 104
0.002364 1.00 423

0.316434 181.00 572
0.372483 111.00 298
0.050378 20.00 397
0.309524 208.00 672
0.351967 170.00 483

0.062162 23.00 370
0.694357 443.00 638
0.044776 6.00 134
0.153934 135.00 877
0.440347 203.00 461

0.472826 174.00 368
0.168990 97.00 574
0.472630 354.00 749
0.255034 38.00 149
0.033557 20.00 596

0.227273 105.00 462
0.116788 16.00 137
0.083969 11.00 131
0.155819 79.00 507
0.813988 547.00 672

0.324006 220.00 679
0.336232 232.00 690
0.465991 322.00 691
0.088435 39.00 441
0.184638 125.00 677

0.234694 46.00 196
0.220455 97.00 440
0.763158 261.00 342
0.058989 21.00 356
0.119601 72.00 602

0.134969 22.00 163
0.053824 19.00 353
0.088409 45.00 509
0.365385 57.00 156
0.755814 130.00 172

0.018797 5.00 266
0.023560 18.00 764
0.527273 319.00 605
0.743259 634.00 853
0.087591 12.00 137

0.494186 85.00 172
0.039906 17.00 426
0.787529 341.00 433
0.007828 4.00 511
0.071935 71.00 987

0.444444 48.00 108
0.057402 19.00 331
0.315385 41.00 130
0.043269 9.00 208
0.542056 58.00 107

0.239437 34.00 142
0.065789 10.00 152
0.572816 236.00 412
0.506884 405.00 799
0.014925 7.00 469

0.191223 61.00 319
0.450382 59.00 131
0.390805 68.00 174
0.113208 84.00 742
0.254777 40.00 157

0.465409 74.00 159
0.402662 242.00 601
0.023109 11.00 476
0.372650 218.00 585
0.135849 108.00 795

0.420290 58.00 138
0.147170 78.00 530
0.420415 243.00 578
0.128767 47.00 365
0.279720 40.00 143

0.037838 7.00 185
0.481481 117.00 243
0.041359 28.00 677
0.742424 98.00 132
0.096998 42.00 433

0.120588 41.00 340
0.017682 9.00 509
0.416667 50.00 120
0.207207 46.00 222
0.636082 617.00 970

0.611465 384.00 628
0.018678 13.00 696
0.022444 9.00 401
0.247212 133.00 538
0.500000 232.00 464

0.320896 215.00 670
0.067376 38.00 564
0.439316 257.00 585
0.122558 69.00 563
0.447458 132.00 295

0.263647 227.00 861
0.022222 13.00 585
0.100529 19.00 189
0.029817 13.00 436
0.985816 139.00 141

0.302600 128.00 423
0.253444 92.00 363
0.116788 16.00 137
0.131119 75.00 572
0.598361 73.00 122

0.073864 13.00 176
0.642604 543.00 845
0.189097 111.00 587
0.290098 208.00 717
0.205128 24.00 117

0.014706 2.00 136
0.794195 301.00 379
0.043478 10.00 230
0.095541 15.00 157
0.452736 91.00 201

0.852507 289.00 339
0.104444 47.00 450
0.018868 2.00 106
0.412022 377.00 915
0.006369 1.00 157

0.300971 124.00 412
0.060686 46.00 758
0.544444 98.00 180
0.168937 62.00 367
0.329004 228.00 693

0.263525 151.00 573
0.427632 65.00 152
0.274419 59.00 215
0.234899 35.00 149
0.202381 68.00 336

0.188525 23.00 122
0.658537 432.00 656
0.382716 155.00 405
0.103041 61.00 592
0.065217 9.00 138

0.565774 486.00 859
0.095847 60.00 626
0.110526 21.00 190
0.215686 66.00 306
0.415929 94.00 226

0.214765 96.00 447
0.616034 146.00 237
0.117188 15.00 128
0.175781 45.00 256
0.276256 242.00 876

0.562092 172.00 306
0.121662 41.00 337
0.401709 47.00 117
0.309701 83.00 268
0.003396 2.00 589

0.017021 4.00 235
0.699531 149.00 213
0.308357 214.00 694
0.103880 83.00 799
0.270742 62.00 229

0.590551 75.00 127
0.113990 22.00 193
0.167808 49.00 292
0.242718 125.00 515
0.288889 156.00 540

0.431330 201.00 466
0.173203 53.00 306
0.554545 61.00 110
0.213058 62.00 291
0.032967 6.00 182

0.191806 103.00 537
0.229437 53.00 231
0.159664 19.00 119
0.275049 140.00 509
0.540000 81.00 150

0.819780 746.00 910
0.021696 11.00 507
0.039720 17.00 428
0.104762 11.00 105
0.416404 132.00 317

0.177215 28.00 158
0.240530 127.00 528
0.371611 233.00 627
0.484076 76.00 157
0.127572 31.00 243

0.444444 64.00 144
0.296552 43.00 145
0.038168 5.00 131
0.207792 32.00 154
0.412955 102.00 247

0.071823 26.00 362
0.004141 2.00 483
0.234483 34.00 145
0.697509 392.00 562
0.392713 194.00 494

0.687375 686.00 998
0.090290 53.00 587
0.146045 72.00 493
0.200980 41.00 204
0.276224 158.00 572

0.166124 51.00 307
0.294798 51.00 173
0.105398 41.00 389
0.250000 40.00 160
0.587413 252.00 429

0.398510 214.00 537
0.056911 7.00 123
0.108527 98.00 903
0.127451 13.00 102
0.709220 100.00 141

0.108579 81.00 746
0.522816 401.00 767
0.602564 141.00 234
0.131054 92.00 702
0.034582 12.00 347

0.688312 159.00 231
0.030303 7.00 231
0.247934 90.00 363
0.037433 14.00 374
0.393519 170.00 432

0.137214 66.00 481
0.393574 392.00 996
0.083333 12.00 144
0.113821 42.00 369
0.669065 93.00 139

0.611000 611.00 1000
0.143678 25.00 174
0.312057 44.00 141
0.057471 10.00 174
0.270408 53.00 196

0.674208 447.00 663
0.140584 53.00 377
0.014458 6.00 415
0.070093 15.00 214
0.500000 165.00 330

0.407767 42.00 103
0.453125 58.00 128
0.147982 33.00 223
0.241176 41.00 170
0.150376 20.00 133

0.079295 18.00 227
0.083799 15.00 179
0.675000 81.00 120
0.308411 33.00 107
0.255319 48.00 188

0.086538 9.00 104
0.371642 249.00 670
0.353846 69.00 195
0.474836 217.00 457
0.112782 15.00 133

0.704918 172.00 244
0.084046 59.00 702
0.258427 46.00 178
0.307167 90.00 293
0.048276 14.00 290

0.245033 37.00 151
0.111111 17.00 153
0.505843 303.00 599
0.474465 288.00 607
0.060945 49.00 804

0.224852 38.00 169
0.446112 327.00 733
0.006410 2.00 312
0.712895 293.00 411
0.012658 3.00 237

0.008475 1.00 118
0.454357 219.00 482
0.294906 110.00 373
0.009736 7.00 719
0.628809 454.00 722

0.585056 368.00 629
0.495238 52.00 105
0.071146 54.00 759
0.181818 116.00 638
0.066265 11.00 166

0.331950 80.00 241
0.254417 72.00 283
0.256158 52.00 203
0.063306 54.00 853
0.490683 79.00 161

0.507663 265.00 522
0.075188 10.00 133
0.511765 87.00 170
0.205962 76.00 369
0.103704 14.00 135

0.059140 11.00 186
0.546763 76.00 139
0.216495 42.00 194
0.429844 193.00 449
0.142857 25.00 175

0.265116 57.00 215
0.326923 51.00 156
0.492537 330.00 670
0.292826 200.00 683
0.021277 7.00 329

0.099138 23.00 232
0.580311 112.00 193
0.092511 21.00 227
0.383886 81.00 211
0.246675 204.00 827

0.051471 28.00 544
0.053435 7.00 131
0.868902 285.00 328
0.326136 287.00 880
0.105769 11.00 104

0.047337 8.00 169
0.041761 37.00 886
0.625731 321.00 513
0.618619 206.00 333
0.065789 15.00 228

0.150970 109.00 722
0.265403 168.00 633
0.268908 32.00 119
0.268571 94.00 350
0.445455 49.00 110

0.535398 121.00 226
0.250704 89.00 355
0.196429 22.00 112
0.125461 34.00 271
0.297674 64.00 215

0.171729 147.00 856
0.511828 238.00 465
0.664524 517.00 778
0.006452 3.00 465
0.046099 26.00 564

0.068182 24.00 352
0.455598 118.00 259
0.543524 256.00 471
0.314286 55.00 175
0.025424 3.00 118

0.265720 131.00 493
0.328798 145.00 441
0.603509 172.00 285
0.167683 55.00 328
0.032520 4.00 123

0.428571 186.00 434
0.416107 62.00 149
0.346154 54.00 156
0.134454 32.00 238
0.075472 16.00 212

0.168033 123.00 732
0.223629 106.00 474
0.675862 98.00 145
0.183544 87.00 474
0.146919 31.00 211

0.146299 85.00 581
0.956140 109.00 114
0.067919 47.00 692
0.058824 10.00 170
0.164038 52.00 317

0.078199 66.00 844
0.147910 46.00 311
0.168927 137.00 811
0.164384 36.00 219
0.840164 205.00 244

0.033333 4.00 120
0.424460 59.00 139
0.423913 117.00 276
0.442688 112.00 253
0.077338 43.00 556

0.281915 106.00 376
0.232500 186.00 800
0.482213 244.00 506
0.241071 54.00 224
0.163138 131.00 803

0.172414 25.00 145
0.565588 332.00 587
0.247899 59.00 238
0.324538 123.00 379
0.089337 31.00 347

0.108312 86.00 794
0.032468 5.00 154
0.337727 205.00 607
0.662095 531.00 802
0.257874 131.00 508

0.166234 64.00 385
0.817391 94.00 115
0.229268 47.00 205
0.143885 20.00 139
0.050000 6.00 120

0.184524 31.00 168
0.004878 1.00 205
0.952247 339.00 356
0.029056 12.00 413
0.227941 62.00 272

0.626168 134.00 214
0.172161 47.00 273
0.300813 259.00 861
0.211640 40.00 189
0.090909 14.00 154

0.270382 262.00 969
0.208000 26.00 125
0.341270 86.00 252
0.562814 112.00 199
0.016393 3.00 183

0.463964 103.00 222
0.052632 8.00 152
0.250000 69.00 276
0.172767 118.00 683
0.458980 207.00 451

0.879276 437.00 497
0.385787 76.00 197
0.042017 5.00 119
0.009662 6.00 621
0.085299 47.00 551

0.251381 182.00 724
0.195298 108.00 553
0.333333 48.00 144
0.519298 148.00 285
0.103659 17.00 164

0.076271 27.00 354
0.616438 180.00 292
0.595420 78.00 131
0.039894 15.00 376
0.074074 8.00 108

0.250000 30.00 120
0.055556 17.00 306
0.214286 33.00 154
0.072848 33.00 453
0.806922 443.00 549

0.045161 7.00 155
0.180672 43.00 238
0.782946 303.00 387
0.022026 5.00 227
0.370629 159.00 429

0.151639 74.00 488
0.394558 58.00 147
0.352201 56.00 159
0.486957 56.00 115
0.012036 12.00 997

0.125604 104.00 828
0.299810 158.00 527
0.081871 14.00 171
0.065868 33.00 501
0.828571 203.00 245

0.126404 45.00 356
0.382353 52.00 136
0.151515 35.00 231
0.507363 379.00 747
0.229979 224.00 974

0.016349 6.00 367
0.171429 18.00 105
0.319048 134.00 420
0.138462 27.00 195
0.755844 291.00 385

0.507194 141.00 278
0.050667 19.00 375
0.521930 119.00 228
0.296519 247.00 833
0.022634 11.00 486

0.168142 19.00 113
0.177398 135.00 761
0.386266 180.00 466
0.500000 61.00 122
0.168831 26.00 154

0.146853 42.00 286
0.366013 56.00 153
0.673077 70.00 104
0.012384 8.00 646
0.201550 26.00 129

0.220202 109.00 495
0.171806 39.00 227
0.788512 604.00 766
0.081967 10.00 122
0.138614 14.00 101

0.966851 175.00 181
0.029412 3.00 102
0.023810 5.00 210
0.311475 57.00 183
0.067010 26.00 388

0.241983 166.00 686
0.224638 31.00 138
0.099281 69.00 695
0.631034 183.00 290
0.204678 140.00 684

0.056277 13.00 231
0.260377 207.00 795
0.302961 266.00 878
0.600897 134.00 223
0.183333 22.00 120

0.307692 32.00 104
0.273885 86.00 314
0.340000 34.00 100
0.057692 12.00 208
0.413174 69.00 167

0.069869 48.00 687
0.737942 459.00 622
0.314815 34.00 108
0.128000 16.00 125
0.148045 53.00 358

0.087912 64.00 728
0.006397 3.00 469
0.988785 529.00 535
0.076023 13.00 171
0.243523 235.00 965

0.003373 2.00 593
0.381579 87.00 228
0.455830 129.00 283
0.130268 34.00 261
0.429508 131.00 305

0.615804 226.00 367
0.093960 14.00 149
0.084639 81.00 957
0.072993 10.00 137
0.535168 175.00 327

0.421444 397.00 942
0.749104 209.00 279
0.072254 25.00 346
0.098592 14.00 142
0.062176 12.00 193

0.343358 137.00 399
0.402010 240.00 597
0.578829 257.00 444
0.043165 24.00 556
0.034591 11.00 318

0.094005 69.00 734
0.244048 41.00 168
0.181818 38.00 209
0.591195 564.00 954
0.286957 99.00 345

0.429752 104.00 242
0.550265 416.00 756
0.306122 150.00 490
0.067524 63.00 933
0.050420 6.00 119

0.295567 120.00 406
0.169355 63.00 372
0.060547 31.00 512
0.668407 256.00 383
0.204380 28.00 137

0.076923 19.00 247
0.182540 23.00 126
0.515748 131.00 254
0.377049 184.00 488
0.250996 63.00 251

0.179688 69.00 384
0.589367 521.00 884
0.244681 46.00 188
0.351293 163.00 464
0.034985 12.00 343

0.213358 115.00 539
0.019538 11.00 563
0.184729 75.00 406
0.873016 110.00 126
0.109091 18.00 165

0.402516 64.00 159
0.209205 50.00 239
0.379032 141.00 372
0.324074 35.00 108
0.091781 67.00 730

0.214286 24.00 112
0.293515 86.00 293
0.125000 20.00 160
0.179724 78.00 434
0.591837 87.00 147

0.975000 156.00 160
0.023392 12.00 513
0.089087 40.00 449
0.123077 48.00 390
0.188782 138.00 731

0.136691 19.00 139
0.342857 36.00 105
0.539007 76.00 141
0.204047 121.00 593
0.175532 33.00 188

0.178571 25.00 140
0.125000 21.00 168
0.001517 1.00 659
0.120690 28.00 232
0.977099 128.00 131

0.472793 391.00 827
0.251534 41.00 163
0.518248 71.00 137
0.059621 22.00 369
0.096447 19.00 197

0.028571 6.00 210
0.864301 828.00 958
0.231928 77.00 332
0.197802 36.00 182
0.075829 16.00 211

0.658416 133.00 202
0.041112 34.00 827
0.052045 14.00 269
0.365672 98.00 268
0.283186 32.00 113

0.522293 328.00 628
0.002865 1.00 349
0.072314 35.00 484
0.451389 130.00 288
0.352679 79.00 224

0.609060 363.00 596
0.097368 37.00 380
0.261317 127.00 486
0.154135 41.00 266
0.279188 55.00 197

0.052493 20.00 381
0.356643 102.00 286
0.320000 48.00 150
0.610169 108.00 177
0.059406 6.00 101

0.333919 190.00 569
0.402062 78.00 194
0.391534 74.00 189
0.225806 126.00 558
0.049505 5.00 101

0.035674 32.00 897
0.040609 8.00 197
0.809816 132.00 163
0.433962 46.00 106
0.073529 35.00 476

0.158730 20.00 126
0.693772 401.00 578
0.255132 87.00 341
0.044776 12.00 268
0.250000 25.00 100

0.027927 26.00 931
0.681818 120.00 176
0.242604 41.00 169
0.383562 168.00 438
0.064516 16.00 248

0.374233 61.00 163
0.091405 67.00 733
0.432836 58.00 134
0.360000 117.00 325
0.135714 19.00 140

0.606061 360.00 594
0.110656 27.00 244
0.036415 13.00 357
0.415042 298.00 718
0.231481 25.00 108

0.091398 17.00 186
0.609890 111.00 182
0.100000 52.00 520
0.185864 142.00 764
0.415385 54.00 130

0.039604 4.00 101
0.141221 37.00 262
0.208333 30.00 144
0.809160 742.00 917
0.201629 198.00 982

0.176991 20.00 113
0.627078 264.00 421
0.238636 63.00 264
0.296296 56.00 189
0.061404 7.00 114

0.576923 90.00 156
0.304124 59.00 194
0.416118 253.00 608
0.079208 8.00 101
0.031250 7.00 224

0.311966 219.00 702
0.069610 41.00 589
0.269307 136.00 505
0.285097 132.00 463
0.463549 337.00 727

0.021583 9.00 417
0.455782 134.00 294
0.838013 776.00 926
0.064748 9.00 139
0.025253 5.00 198

0.129870 20.00 154
0.604839 75.00 124
0.458115 175.00 382
0.186047 72.00 387
0.019481 3.00 154

0.303922 124.00 408
0.100000 36.00 360
0.750751 500.00 666
0.173285 48.00 277
0.072464 10.00 138

0.312753 309.00 988
0.009615 1.00 104
0.057927 19.00 328
0.790164 241.00 305
0.225989 40.00 177

0.279352 69.00 247
0.698276 81.00 116
0.013825 9.00 651
0.142857 15.00 105
0.261194 210.00 804

0.464912 424.00 912
0.379121 69.00 182
0.321839 84.00 261
0.110294 45.00 408
0.120000 12.00 100

0.068834 36.00 523
0.310345 144.00 464
0.006098 1.00 164
0.414201 70.00 169
0.601713 562.00 934

0.232014 129.00 556
0.167979 64.00 381
0.251534 205.00 815
0.414966 183.00 441
0.332544 281.00 845

0.422043 157.00 372
0.638614 129.00 202
0.086677 54.00 623
0.151163 26.00 172
0.100503 20.00 199

0.556122 109.00 196
0.114019 61.00 535
0.409574 77.00 188
0.071698 19.00 265
0.244526 67.00 274

0.074286 13.00 175
0.328590 254.00 773
0.273639 191.00 698
0.334975 136.00 406
0.389381 44.00 113

0.220297 89.00 404
0.493392 112.00 227
0.058036 13.00 224
0.598837 103.00 172
0.030686 17.00 554

0.096563 59.00 611
0.311966 219.00 702
0.862654 559.00 648
0.001541 1.00 649
0.126238 51.00 404

0.196825 62.00 315
0.324138 47.00 145
0.480000 84.00 175
0.300872 207.00 688
0.096463 30.00 311

0.183544 29.00 158
0.825243 85.00 103
0.302961 133.00 439
0.027273 3.00 110
0.068182 9.00 132

0.001887 1.00 530
0.526316 90.00 171
0.687500 154.00 224
0.178035 154.00 865
0.005319 1.00 188

0.093220 55.00 590
0.250000 31.00 124
0.502463 102.00 203
0.392405 93.00 237
0.165217 38.00 230

0.063107 52.00 824
0.364948 177.00 485
0.222930 35.00 157
0.176829 174.00 984
0.571059 221.00 387

0.062500 8.00 128
0.521368 61.00 117
0.381781 373.00 977
0.177305 75.00 423
0.256735 162.00 631

0.488372 63.00 129
0.020202 4.00 198
0.222222 150.00 675
0.428994 145.00 338
0.238000 119.00 500

0.109204 70.00 641
0.776650 153.00 197
0.034343 17.00 495
0.075075 25.00 333
0.402080 232.00 577

0.019802 2.00 101
0.579125 172.00 297
0.517895 246.00 475
0.185455 102.00 550
0.092754 32.00 345

0.353081 149.00 422
0.221374 29.00 131
0.040000 9.00 225
0.169935 26.00 153
0.620370 67.00 108

0.410714 46.00 112
0.311565 229.00 735
0.319120 232.00 727
0.230769 27.00 117
0.132114 130.00 984

0.037838 7.00 185
0.007576 1.00 132
0.477064 312.00 654
0.795389 276.00 347
0.080292 11.00 137

0.254777 40.00 157
0.341202 159.00 466
0.084592 28.00 331
0.312242 227.00 727
0.406742 181.00 445

0.420455 74.00 176
0.021021 7.00 333
0.460870 212.00 460
0.108434 18.00 166
0.390782 390.00 998

0.190476 20.00 105
0.389205 137.00 352
0.289683 73.00 252
0.134752 19.00 141
0.400832 289.00 721

0.128378 19.00 148
0.420091 92.00 219
0.006024 1.00 166
0.610039 158.00 259
0.231672 79.00 341

0.567647 193.00 340
0.107607 58.00 539
0.051893 37.00 713
0.274949 270.00 982
0.400000 48.00 120

0.601770 136.00 226
0.459459 51.00 111
0.151242 67.00 443
0.040064 25.00 624
0.147436 46.00 312

0.029079 18.00 619
0.740458 194.00 262
0.065693 18.00 274
0.487395 58.00 119
0.083160 80.00 962

0.543131 170.00 313
0.246575 36.00 146
0.169355 21.00 124
0.340845 121.00 355
0.103064 37.00 359

0.357143 80.00 224
0.455752 309.00 678
0.171527 100.00 583
0.300926 65.00 216
0.116505 12.00 103

0.184685 41.00 222
0.816143 182.00 223
0.071918 21.00 292
0.048433 17.00 351
0.279907 241.00 861

0.820000 82.00 100
0.216535 110.00 508
0.142857 18.00 126
0.186992 23.00 123
0.034483 5.00 145

0.590038 308.00 522
0.179487 70.00 390
0.052632 9.00 171
0.333333 37.00 111
0.245536 55.00 224

0.622780 596.00 957
0.237624 24.00 101
0.304046 263.00 865
0.184665 171.00 926
0.050279 9.00 179

0.319767 55.00 172
0.150396 57.00 379
0.159140 74.00 465
0.369792 142.00 384
0.399194 198.00 496

0.510324 173.00 339
0.221130 90.00 407
0.087719 10.00 114
0.404082 99.00 245
0.180587 80.00 443

0.304688 39.00 128
0.342246 64.00 187
0.183876 130.00 707
0.049020 10.00 204
0.517787 131.00 253

0.154362 23.00 149
0.012526 6.00 479
0.761006 121.00 159
0.412371 360.00 873
0.063380 45.00 710

0.178652 159.00 890
0.493797 199.00 403
0.452333 223.00 493
0.257143 45.00 175
0.022556 3.00 133

0.440945 56.00 127
0.081797 71.00 868
0.080386 50.00 622
0.094488 12.00 127
0.704104 326.00 463

0.710145 98.00 138
0.356098 219.00 615
0.099099 11.00 111
0.088608 35.00 395
0.147453 55.00 373

0.212389 24.00 113
0.068493 10.00 146
0.617978 275.00 445
0.303297 138.00 455
0.191892 71.00 370

0.423077 55.00 130
0.605691 596.00 984
0.238872 161.00 674
0.105769 22.00 208
0.027322 5.00 183

0.280488 46.00 164
0.214634 88.00 410
0.036364 4.00 110
0.592018 267.00 451
0.277108 69.00 249

0.018821 15.00 797
0.424144 260.00 613
0.567073 93.00 164
0.089431 11.00 123
0.300699 129.00 429

0.344633 183.00 531
0.485437 50.00 103
0.278135 173.00 622
0.280245 183.00 653
0.013267 8.00 603

0.090129 63.00 699
0.418981 181.00 432
0.518738 263.00 507
0.320346 74.00 231
0.050125 20.00 399

0.641141 427.00 666
0.080586 66.00 819
0.230769 54.00 234
0.335526 51.00 152
0.115090 45.00 391

0.401565 308.00 767
0.447917 172.00 384
0.287770 40.00 139
0.101266 16.00 158
0.155738 38.00 244

0.308458 124.00 402
0.491870 121.00 246
0.473684 72.00 152
0.054313 17.00 313
0.072993 10.00 137

0.306513 80.00 261
0.452915 101.00 223
0.038601 32.00 829
0.294707 206.00 699
0.308483 120.00 389

0.053864 23.00 427
0.512367 145.00 283
0.466667 70.00 150
0.343066 47.00 137
0.024306 21.00 864

0.222642 59.00 265
0.294326 83.00 282
0.554688 213.00 384
0.044872 7.00 156
0.286942 167.00 582

0.729134 463.00 635
0.191860 33.00 172
0.107438 13.00 121
0.223022 31.00 139
0.152542 54.00 354

0.090909 10.00 110
0.605150 141.00 233
0.480519 333.00 693
0.054187 11.00 203
0.166038 88.00 530

0.153846 18.00 117
0.409722 177.00 432
0.242494 210.00 866
0.023585 5.00 212
0.572243 301.00 526

0.300000 33.00 110
0.411899 180.00 437
0.451327 51.00 113
0.013854 11.00 794
0.233083 31.00 133

0.147601 40.00 271
0.434483 126.00 290
0.170732 98.00 574
0.136076 43.00 316
0.509091 224.00 440

0.248042 95.00 383
0.033445 10.00 299
0.102041 15.00 147
0.579019 425.00 734
0.440594 178.00 404

0.444444 68.00 153
0.213992 52.00 243
0.142857 113.00 791
0.332103 270.00 813
0.263941 71.00 269

0.294118 45.00 153
0.033898 4.00 118
0.286089 109.00 381
0.076056 27.00 355
0.711409 212.00 298

0.286822 185.00 645
0.130597 35.00 268
0.345345 115.00 333
0.202532 80.00 395
0.434783 170.00 391

0.529639 411.00 776
0.560510 88.00 157
0.144928 120.00 828
0.110000 11.00 100
0.056701 55.00 970

0.681159 94.00 138
0.253823 83.00 327
0.170732 105.00 615
0.271429 152.00 560
0.025210 3.00 119

0.301471 82.00 272
0.341902 133.00 389
0.594090 382.00 643
0.121951 15.00 123
0.035836 21.00 586

0.257576 102.00 396
0.301230 147.00 488
0.119497 38.00 318
0.240506 57.00 237
0.480249 462.00 962

0.347701 121.00 348
0.412281 47.00 114
0.231051 189.00 818
0.146104 45.00 308
0.257576 68.00 264

0.384236 78.00 203
0.009804 1.00 102
0.791045 159.00 201
0.175331 172.00 981
0.043391 43.00 991

0.088235 30.00 340
0.171975 27.00 157
0.210127 83.00 395
0.792793 176.00 222
0.134715 52.00 386

0.422078 195.00 462
0.104225 37.00 355
0.104730 31.00 296
0.519608 53.00 102
0.245989 138.00 561

0.168675 28.00 166
0.052239 7.00 134
0.391667 47.00 120
0.430233 74.00 172
0.357401 198.00 554

0.344828 200.00 580
0.062157 34.00 547
0.344828 150.00 435
0.411848 292.00 709
0.235294 40.00 170

0.071429 10.00 140
0.047297 7.00 148
0.587719 201.00 342
0.503571 423.00 840
0.184397 26.00 141

0.137809 39.00 283
0.362426 245.00 676
0.607619 319.00 525
0.077703 23.00 296
0.211207 49.00 232

0.070513 11.00 156
0.667355 646.00 968
0.346690 199.00 574
0.230769 54.00 234
0.085470 10.00 117

0.010870 4.00 368
0.352000 44.00 125
0.470000 141.00 300
0.208696 72.00 345
0.359322 106.00 295

0.020548 3.00 146
0.537572 93.00 173
0.136364 36.00 264
0.116667 49.00 420
0.592000 74.00 125

0.776596 146.00 188
0.237681 82.00 345
0.240602 32.00 133
0.080087 37.00 462
0.062827 24.00 382

0.401869 43.00 107
0.030075 4.00 133
0.176692 47.00 266
0.461712 205.00 444
0.333333 157.00 471

0.432967 197.00 455
0.063613 25.00 393
0.248408 78.00 314
0.617450 92.00 149
0.035461 5.00 141

0.317073 39.00 123
0.267875 266.00 993
0.541761 240.00 443
0.193814 94.00 485
0.078091 72.00 922

0.439490 414.00 942
0.323529 55.00 170
0.047170 10.00 212
0.158395 150.00 947
0.430464 65.00 151

0.449580 107.00 238
0.140411 41.00 292
0.755051 299.00 396
0.031746 4.00 126
0.022133 11.00 497

0.088339 25.00 283
0.740899 346.00 467
0.238281 61.00 256
0.258958 159.00 614
0.074359 29.00 390

0.451005 359.00 796
0.072917 14.00 192
0.209476 84.00 401
0.106754 49.00 459
0.557692 261.00 468

0.089286 10.00 112
0.420765 77.00 183
0.295309 277.00 938
0.470443 382.00 812
0.126168 54.00 428

0.221374 116.00 524
0.228814 27.00 118
0.815891 421.00 516
0.023952 8.00 334
0.106383 15.00 141

0.024876 5.00 201
0.131034 19.00 145
0.076923 22.00 286
0.768868 652.00 848
0.394203 136.00 345

0.194059 98.00 505
0.344262 42.00 122
0.336678 302.00 897
0.353741 52.00 147
0.170543 110.00 645

0.436620 186.00 426
0.473510 429.00 906
0.240566 51.00 212
0.228495 85.00 372
0.025568 9.00 352

0.528000 528.00 1000
0.263158 30.00 114
0.295745 278.00 940
0.076336 10.00 131
0.235714 66.00 280

0.111406 84.00 754
0.009091 1.00 110
0.042955 25.00 582
0.965812 226.00 234
0.272251 52.00 191

0.442623 54.00 122
0.280255 132.00 471
0.430657 59.00 137
0.215470 39.00 181
0.035865 17.00 474

0.424460 413.00 973
0.151775 124.00 817
0.527964 472.00 894
0.052941 9.00 170
0.241860 52.00 215

0.524064 294.00 561
0.175926 19.00 108
0.012926 11.00 851
0.194444 28.00 144
0.496437 209.00 421

0.011905 2.00 168
0.650558 175.00 269
0.076190 8.00 105
0.067381 44.00 653
0.598930 112.00 187

0.470930 81.00 172
0.087203 77.00 883
0.028571 3.00 105
0.091603 12.00 131
0.728934 718.00 985

0.475410 87.00 183
0.251397 45.00 179
0.163522 26.00 159
0.275862 32.00 116
0.228070 78.00 342

0.069388 51.00 735
0.433225 133.00 307
0.283737 164.00 578
0.373272 81.00 217
0.242424 48.00 198

0.448819 57.00 127
0.517685 161.00 311
0.090909 10.00 110
0.304729 174.00 571
0.038961 15.00 385

0.227166 194.00 854
0.191235 96.00 502
0.625000 445.00 712
0.286179 176.00 615
0.068966 32.00 464

0.626198 196.00 313
0.107353 73.00 680
0.011272 7.00 621
0.098066 71.00 724
0.557906 501.00 898

0.309645 244.00 788
0.065990 13.00 197
0.556439 350.00 629
0.172131 21.00 122
0.297244 151.00 508

0.161765 22.00 136
0.380952 56.00 147
0.270492 99.00 366
0.572327 273.00 477
0.015528 5.00 322

0.082426 53.00 643
0.418848 240.00 573
0.642393 494.00 769
0.037383 16.00 428
0.220884 55.00 249

0.245614 56.00 228
0.459941 155.00 337
0.242754 67.00 276
0.131250 63.00 480
0.323887 80.00 247

0.297917 286.00 960
0.646552 150.00 232
0.313333 47.00 150
0.048433 17.00 351
0.088583 45.00 508

0.088398 16.00 181
0.363636 48.00 132
0.044248 5.00 113
0.865762 574.00 663
0.038760 5.00 129

0.088542 68.00 768
0.373272 81.00 217
0.439106 393.00 895
0.166667 80.00 480
0.333333 52.00 156

0.105660 56.00 530
0.127551 25.00 196
0.348214 117.00 336
0.302885 63.00 208
0.515773 327.00 634

0.830785 815.00 981
0.061185 32.00 523
0.197183 56.00 284
0.038235 13.00 340
0.273256 141.00 516

0.018692 2.00 107
0.161765 22.00 136
0.463235 63.00 136
0.447222 161.00 360
0.305638 103.00 337

0.567708 218.00 384
0.257504 163.00 633
0.276265 71.00 257
0.078740 10.00 127
0.220000 33.00 150

0.050420 24.00 476
0.639344 117.00 183
0.011419 7.00 613
0.476636 102.00 214
0.221402 60.00 271

0.747162 724.00 969
0.160194 33.00 206
0.076923 25.00 325
0.191860 33.00 172
0.222458 210.00 944

0.247436 193.00 780
0.380952 136.00 357
0.080569 34.00 422
0.105519 65.00 616
0.583794 317.00 543

0.074866 28.00 374
0.429134 109.00 254
0.240385 50.00 208
0.085890 14.00 163
0.568905 161.00 283

0.387640 138.00 356
0.025157 4.00 159
0.207547 33.00 159
0.702104 634.00 903
0.084211 48.00 570

0.607843 93.00 153
0.274112 54.00 197
0.104348 12.00 115
0.029817 13.00 436
0.385417 74.00 192

0.538462 56.00 104
0.385496 202.00 524
0.035959 21.00 584
0.180220 82.00 455
0.261538 34.00 130

0.043353 15.00 346
0.217687 32.00 147
0.582822 475.00 815
0.007042 1.00 142
0.549479 211.00 384

0.183254 116.00 633
0.407821 73.00 179
0.310782 147.00 473
0.239933 143.00 596
0.257143 63.00 245

0.332209 197.00 593
0.624638 431.00 690
0.318519 43.00 135
0.092050 44.00 478
0.029570 11.00 372

0.145631 15.00 103
0.046595 13.00 279
0.460674 328.00 712
0.028278 11.00 389
0.725664 164.00 226

0.001205 1.00 830
0.245763 29.00 118
0.796154 414.00 520
0.069652 42.00 603
0.284708 283.00 994

0.542529 472.00 870
0.025126 20.00 796
0.237952 158.00 664
0.047945 14.00 292
0.549133 95.00 173

0.445378 106.00 238
0.091286 22.00 241
0.237288 56.00 236
0.040966 39.00 952
0.584485 550.00 941

0.557185 380.00 682
0.028395 23.00 810
0.274336 186.00 678
0.145594 38.00 261
0.394619 88.00 223

0.395105 113.00 286
0.364964 50.00 137
0.263158 35.00 133
0.029630 4.00 135
0.342857 48.00 140

0.172414 80.00 464
0.277978 231.00 831
0.544776 73.00 134
0.023438 3.00 128
0.379421 118.00 311

0.392265 71.00 181
0.390438 98.00 251
0.071429 12.00 168
0.502959 85.00 169
0.039894 15.00 376

0.111406 42.00 377
0.157165 102.00 649
0.119804 49.00 409
0.020202 10.00 495
0.994012 166.00 167

0.447761 150.00 335
0.191489 99.00 517
0.062500 7.00 112
0.166667 53.00 318
0.532428 353.00 663

0.217949 85.00 390
0.080717 18.00 223
0.313433 63.00 201
0.055556 15.00 270
0.734793 302.00 411

0.430446 164.00 381
0.043321 12.00 277
0.174074 47.00 270
0.452648 282.00 623
0.296089 53.00 179

0.712121 94.00 132
0.035857 18.00 502
0.113208 18.00 159
0.082979 39.00 470
0.456268 313.00 686

0.745763 132.00 177
0.101266 32.00 316
0.019048 4.00 210
0.073948 65.00 879
0.457983 109.00 238

0.015267 2.00 131
0.251479 170.00 676
0.504386 115.00 228
0.627297 239.00 381
0.010309 2.00 194

0.409853 391.00 954
0.247934 30.00 121
0.333333 36.00 108
0.293617 276.00 940
0.109091 18.00 165

0.046053 35.00 760
0.076023 13.00 171
0.171895 137.00 797
0.922652 167.00 181
0.184332 40.00 217

0.613445 219.00 357
0.700935 75.00 107
0.008282 4.00 483
0.002358 1.00 424
0.070215 62.00 883

0.646277 486.00 752
0.145161 45.00 310
0.422222 76.00 180
0.030556 22.00 720
0.155488 153.00 984

0.246006 77.00 313
0.019231 3.00 156
0.685484 340.00 496
0.209184 41.00 196
0.241558 93.00 385

0.224852 38.00 169
0.072797 19.00 261
0.376812 52.00 138
0.669811 71.00 106
0.053763 20.00 372

0.121359 50.00 412
0.353383 47.00 133
0.378378 98.00 259
0.428571 45.00 105
0.121622 99.00 814

0.669014 95.00 142
0.287474 140.00 487
0.114168 83.00 727
0.324022 58.00 179
0.010989 4.00 364

0.347826 128.00 368
0.679487 265.00 390
0.284810 45.00 158
0.061224 9.00 147
0.027180 24.00 883

0.058043 35.00 603
0.115512 70.00 606
0.160920 112.00 696
0.300395 76.00 253
0.769492 227.00 295

0.290196 74.00 255
0.200000 23.00 115
0.235955 42.00 178
0.234951 121.00 515
0.441176 405.00 918

0.139535 48.00 344
0.107143 15.00 140
0.040441 33.00 816
0.512397 124.00 242
0.597809 382.00 639

0.040244 33.00 820
0.836066 561.00 671
0.048159 17.00 353
0.345029 59.00 171
0.130802 31.00 237

0.531401 110.00 207
0.301075 56.00 186
0.510000 51.00 100
0.009217 2.00 217
0.052632 46.00 874

0.160714 27.00 168
0.113636 20.00 176
0.314286 77.00 245
0.238683 58.00 243
0.575592 316.00 549

0.038245 34.00 889
0.304094 52.00 171
0.267399 146.00 546
0.425595 143.00 336
0.360656 66.00 183

0.300781 231.00 768
0.278027 62.00 223
0.592834 182.00 307
0.051370 30.00 584
0.179054 106.00 592

0.546218 65.00 119
0.327485 56.00 171
0.235821 79.00 335
0.152466 34.00 223
0.141935 44.00 310

0.529412 72.00 136
0.069388 17.00 245
0.115479 47.00 407
0.662162 196.00 296
0.022026 5.00 227

0.018018 2.00 111
0.702020 139.00 198
0.176072 78.00 443
0.165414 22.00 133
0.343964 151.00 439

0.737705 90.00 122
0.148052 114.00 770
0.147126 64.00 435
0.234234 26.00 111
0.136240 50.00 367

0.362869 344.00 948
0.167260 47.00 281
0.044444 10.00 225
0.785366 161.00 205
0.043956 8.00 182

0.062201 13.00 209
0.814815 110.00 135
0.313208 166.00 530
0.175676 26.00 148
0.032717 23.00 703

0.023061 11.00 477
0.131098 43.00 328
0.495238 52.00 105
0.708609 321.00 453
0.042781 8.00 187

0.220859 36.00 163
0.392857 132.00 336
0.409326 79.00 193
0.301493 101.00 335
0.075658 23.00 304

0.103896 96.00 924
0.060729 30.00 494
0.736000 92.00 125
0.229102 74.00 323
0.267148 74.00 277

0.027119 8.00 295
0.312684 106.00 339
0.087302 11.00 126
0.952756 605.00 635
0.016173 6.00 371

0.642229 219.00 341
0.355769 37.00 104
0.048880 48.00 982
0.068522 64.00 934
0.283133 188.00 664

0.263499 122.00 463
0.402174 148.00 368
0.047138 28.00 594
0.238532 26.00 109
0.446541 71.00 159

0.436364 48.00 110
0.161345 96.00 595
0.283237 98.00 346
0.420824 194.00 461
0.101824 67.00 658

0.267857 60.00 224
0.058333 21.00 360
0.171701 108.00 629
0.008721 3.00 344
0.897321 201.00 224

0.300771 117.00 389
0.033278 20.00 601
0.292683 96.00 328
0.460481 402.00 873
0.313433 252.00 804

0.210909 58.00 275
0.132484 104.00 785
0.324121 129.00 398
0.530612 104.00 196
0.203072 119.00 586

0.219807 91.00 414
0.784387 211.00 269
0.068273 17.00 249
0.316993 97.00 306
0.011765 2.00 170

0.615385 96.00 156
0.264916 111.00 419
0.011236 2.00 178
0.024876 5.00 201
0.480663 348.00 724

0.094522 88.00 931
0.714286 90.00 126
0.022634 11.00 486
0.560000 84.00 150
0.011834 4.00 338

0.066667 11.00 165
0.490934 352.00 717
0.575000 138.00 240
0.127389 40.00 314
0.136868 111.00 811

0.414449 218.00 526
0.338129 47.00 139
0.255486 163.00 638
0.018018 4.00 222
0.373451 211.00 565

0.045714 8.00 175
0.510204 175.00 343
0.768987 486.00 632
0.071429 22.00 308
0.007874 1.00 127

0.279503 135.00 483
0.369427 58.00 157
0.115385 18.00 156
0.550000 132.00 240
0.085526 13.00 152

0.158696 73.00 460
0.114035 52.00 456
0.600791 152.00 253
0.077844 65.00 835
0.447950 426.00 951

0.307087 78.00 254
0.243363 55.00 226
0.084746 80.00 944
0.620690 72.00 116
0.143603 55.00 383

0.054409 29.00 533
0.542955 316.00 582
0.160000 16.00 100
0.526786 59.00 112
0.117371 25.00 213

0.098039 40.00 408
0.507812 130.00 256
0.160584 22.00 137
0.036164 23.00 636
0.599165 287.00 479

0.635802 103.00 162
0.379845 147.00 387
0.166863 142.00 851
0.040323 5.00 124
0.173522 135.00 778

0.222222 50.00 225
0.076514 72.00 941
0.138686 19.00 137
0.959259 259.00 270
0.007634 1.00 131

0.182432 27.00 148
0.417004 103.00 247
0.277707 218.00 785
0.292341 271.00 927
0.231013 73.00 316

0.109890 20.00 182
0.314465 100.00 318
0.491228 140.00 285
0.453287 131.00 289
0.032432 12.00 370

0.456876 392.00 858
0.244094 31.00 127
0.201754 23.00 114
0.057895 44.00 760
0.435789 207.00 475

0.339726 124.00 365
0.232759 81.00 348
0.082037 58.00 707
0.697628 353.00 506
0.046729 5.00 107

0.436482 134.00 307
0.125461 34.00 271
0.225914 68.00 301
0.186335 30.00 161
0.428571 81.00 189

0.042017 5.00 119
0.371951 305.00 820
0.863946 635.00 735
0.003128 3.00 959
0.115702 14.00 121

0.125874 54.00 429
0.330645 164.00 496
0.224787 185.00 823
0.421384 67.00 159
0.297561 61.00 205

0.361446 150.00 415
0.059395 55.00 926
0.588580 402.00 683
0.087179 17.00 195
0.305085 72.00 236

0.031609 11.00 348
0.008418 5.00 594
0.592369 295.00 498
0.424566 318.00 749
0.342756 291.00 849

0.104348 12.00 115
0.115108 48.00 417
0.112412 96.00 854
0.968421 276.00 285
0.095855 74.00 772

0.241449 120.00 497
0.476923 217.00 455
0.223776 96.00 429
0.351020 172.00 490
0.105263 30.00 285

0.349206 44.00 126
0.464120 401.00 864
0.325039 209.00 643
0.090487 39.00 431
0.171908 82.00 477

0.284823 137.00 481
0.098174 43.00 438
0.193959 122.00 629
0.776408 441.00 568
0.046154 15.00 325

0.344227 158.00 459
0.498127 133.00 267
0.289916 138.00 476
0.246032 31.00 126
0.017834 14.00 785

0.751412 133.00 177
0.106522 49.00 460
0.202429 100.00 494
0.259434 55.00 212
0.079137 22.00 278

0.351779 89.00 253
0.004957 4.00 807
0.082707 22.00 266
0.766749 309.00 403
0.200000 23.00 115

0.020697 19.00 918
0.768362 136.00 177
0.144279 29.00 201
0.300000 75.00 250
0.162651 27.00 166

0.178261 82.00 460
0.300188 160.00 533
0.342629 86.00 251
0.296928 87.00 293
0.282927 174.00 615

0.145631 15.00 103
0.714065 462.00 647
0.436893 45.00 103
0.056218 33.00 587
0.048077 5.00 104

0.421053 72.00 171
0.192810 59.00 306
0.581699 445.00 765
0.155235 43.00 277
0.049774 11.00 221

0.459302 79.00 172
0.430435 198.00 460
0.392157 100.00 255
0.109415 43.00 393
0.007092 1.00 141

0.748290 547.00 731
0.028513 28.00 982
0.348754 196.00 562
0.125000 64.00 512
0.149425 91.00 609

0.280632 71.00 253
0.166667 24.00 144
0.221800 175.00 789
0.297450 105.00 353
0.434286 76.00 175

0.105642 88.00 833
0.606742 108.00 178
0.345550 66.00 191
0.109185 63.00 577
0.231537 116.00 501

0.032086 6.00 187
0.643478 74.00 115
0.612000 612.00 1000
0.079439 17.00 214
0.030488 5.00 164

0.424051 134.00 316
0.269795 92.00 341
0.235566 102.00 433
0.356989 166.00 465
0.113712 68.00 598

0.191176 65.00 340
0.502008 125.00 249
0.003268 1.00 306
0.694316 452.00 651
0.008333 1.00 120

0.147287 19.00 129
0.072165 35.00 485
0.072034 17.00 236
0.398540 273.00 685
0.712000 178.00 250

0.031469 9.00 286
0.293907 82.00 279
0.019108 3.00 157
0.247706 27.00 109
0.803738 86.00 107

0.548596 254.00 463
0.325103 79.00 243
0.256637 29.00 113
0.168317 34.00 202
0.106061 21.00 198

0.062424 51.00 817
0.268041 156.00 582
0.423952 354.00 835
0.014563 3.00 206
0.632000 79.00 125

0.461134 439.00 952
0.106250 17.00 160
0.227006 116.00 511
0.508547 119.00 234
0.093301 39.00 418

0.293976 122.00 415
0.040000 13.00 325
0.537313 144.00 268
0.400000 46.00 115
0.133929 30.00 224

0.688525 420.00 610
0.121212 68.00 561
0.220367 132.00 599
0.189850 101.00 532
0.181818 46.00 253

0.204420 37.00 181
0.091298 64.00 701
0.348936 82.00 235
0.049080 40.00 815
0.707965 80.00 113

0.087500 56.00 640
0.260870 42.00 161
0.063232 27.00 427
0.266667 100.00 375
0.719745 113.00 157

0.361789 356.00 984
0.189373 139.00 734
0.308511 58.00 188
0.427586 62.00 145
0.113636 25.00 220

0.149038 31.00 208
0.721277 339.00 470
0.346667 182.00 525
0.082569 18.00 218
0.101695 30.00 295

0.087591 24.00 274
0.706215 125.00 177
0.417178 68.00 163
0.173913 24.00 138
0.013613 13.00 955

0.333333 46.00 138
0.028037 3.00 107
0.052941 9.00 170
0.815603 115.00 141
0.171233 75.00 438

0.239645 81.00 338
0.398977 156.00 391
0.460296 342.00 743
0.224299 48.00 214
0.080119 27.00 337

0.131274 34.00 259
0.177419 44.00 248
0.072258 56.00 775
0.965200 943.00 977
0.054852 13.00 237

0.167085 133.00 796
0.027972 4.00 143
0.247496 173.00 699
0.535484 83.00 155
0.416851 188.00 451

0.092369 23.00 249
0.504556 443.00 878
0.322835 41.00 127
0.390000 78.00 200
0.091248 49.00 537

0.061350 10.00 163
0.301449 104.00 345
0.027826 16.00 575
0.245283 26.00 106
0.760309 295.00 388

0.013393 3.00 224
0.414894 78.00 188
0.925676 137.00 148
0.009470 5.00 528
0.040678 12.00 295

0.394558 116.00 294
0.224696 111.00 494
0.044386 17.00 383
0.617021 348.00 564
0.120301 64.00 532

0.361149 264.00 731
0.009091 1.00 110
0.884615 115.00 130
0.081871 42.00 513
0.065000 39.00 600

0.018750 9.00 480
0.352941 48.00 136
0.618056 89.00 144
0.007653 6.00 784
0.398936 150.00 376

0.184848 61.00 330
0.707547 75.00 106
0.367041 196.00 534
0.050000 6.00 120
0.084746 10.00 118

0.217195 48.00 221
0.011494 2.00 174
0.682692 142.00 208
0.167513 33.00 197
0.325530 292.00 897

0.511111 69.00 135
0.079861 23.00 288
0.077068 41.00 532
0.718663 258.00 359
0.013004 10.00 769

0.493274 220.00 446
0.009434 1.00 106
0.413146 88.00 213
0.432624 183.00 423
0.055085 13.00 236

0.489510 140.00 286
0.247326 185.00 748
0.112150 12.00 107
0.428571 48.00 112
0.119912 109.00 909

0.515890 487.00 944
0.114543 89.00 777
0.026549 3.00 113
0.610973 245.00 401
0.136483 52.00 381

0.246606 109.00 442
0.017699 2.00 113
0.268519 29.00 108
0.076923 26.00 338
0.788288 175.00 222

0.898126 767.00 854
0.164234 90.00 548
0.100228 88.00 878
0.032325 31.00 959
0.205725 115.00 559

0.392132 309.00 788
0.235119 79.00 336
0.125000 15.00 120
0.453704 49.00 108
0.190789 174.00 912

0.450644 315.00 699
0.175000 35.00 200
0.043165 6.00 139
0.398039 203.00 510
0.333333 73.00 219

0.620415 389.00 627
0.001608 1.00 622
0.062874 21.00 334
0.184783 34.00 184
0.531136 145.00 273

0.223529 57.00 255
0.382716 62.00 162
0.114907 74.00 644
0.389381 44.00 113
0.293165 163.00 556

0.548387 153.00 279
0.169231 22.00 130
0.440945 56.00 127
0.231481 25.00 108
0.006024 1.00 166

0.190863 188.00 985
0.534799 146.00 273
0.227411 224.00 985
0.312139 162.00 519
0.132841 72.00 542

0.093458 10.00 107
0.227876 103.00 452
0.147268 62.00 421
0.767857 129.00 168
0.165079 52.00 315

0.468619 224.00 478
0.325967 177.00 543
0.088398 16.00 181
0.398422 202.00 507
0.121212 16.00 132

0.027027 3.00 111
0.114347 106.00 927
0.164634 27.00 164
0.782065 750.00 959
0.303644 150.00 494

0.166168 111.00 668
0.665370 342.00 514
0.251852 204.00 810
0.121547 22.00 181
0.198391 74.00 373

0.509960 128.00 251
0.411348 58.00 141
0.090909 22.00 242
0.039394 13.00 330
0.348813 338.00 969

0.263830 62.00 235
0.427350 100.00 234
0.082278 13.00 158
0.202765 44.00 217
0.423780 139.00 328

0.273063 74.00 271
0.134259 29.00 216
0.045770 33.00 721
0.061674 56.00 908
0.884848 584.00 660

0.145251 130.00 895
0.444589 341.00 767
0.053097 6.00 113
0.388626 164.00 422
0.363958 103.00 283

0.274286 48.00 175
0.005435 5.00 920
0.444444 52.00 117
0.414520 354.00 854
0.268966 117.00 435

0.030000 6.00 200
0.333333 86.00 258
0.254237 165.00 649
0.492537 66.00 134
0.290909 48.00 165

0.072034 17.00 236
0.529880 133.00 251
0.105850 38.00 359
0.097442 80.00 821
0.591760 158.00 267

0.724409 276.00 381
0.018868 2.00 106
0.098655 66.00 669
0.214724 35.00 163
0.341463 56.00 164

0.351230 157.00 447
0.224599 42.00 187
0.287129 58.00 202
0.482517 69.00 143
0.052846 13.00 246

0.203883 21.00 103
0.500000 260.00 520
0.073593 34.00 462
0.128872 104.00 807
0.489474 93.00 190

0.269531 207.00 768
0.491111 221.00 450
0.412921 294.00 712
0.163004 89.00 546
0.066038 14.00 212

0.081081 15.00 185
0.318841 44.00 138
0.093439 47.00 503
0.870813 364.00 418
0.039301 18.00 458

0.170213 24.00 141
0.613636 81.00 132
0.079019 58.00 734
0.071050 67.00 943
0.465278 67.00 144

0.552239 148.00 268
0.521830 502.00 962
0.033537 11.00 328
0.266055 145.00 545
0.025862 24.00 928

0.275930 141.00 511
0.184932 27.00 146
0.705632 664.00 941
0.185732 151.00 813
0.047131 23.00 488

0.585000 351.00 600
0.347561 57.00 164
0.112175 82.00 731
0.077519 10.00 129
0.273585 29.00 106

0.065891 17.00 258
0.240625 77.00 320
0.314286 44.00 140
0.297665 153.00 514
0.479365 453.00 945

0.224044 41.00 183
0.197802 54.00 273
0.151724 22.00 145
0.601942 62.00 103
0.225919 129.00 571

0.450091 248.00 551
0.059524 10.00 168
0.101124 18.00 178
0.117845 35.00 297
0.670757 328.00 489

0.149701 25.00 167
0.463115 113.00 244
0.271795 53.00 195
0.009259 3.00 324
0.509804 52.00 102

0.368308 172.00 467
0.533333 176.00 330
0.319613 132.00 413
0.052632 11.00 209
0.123288 18.00 146

0.678930 406.00 598
0.180645 56.00 310
0.114811 100.00 871
0.228000 57.00 250
0.200000 26.00 130

0.088435 13.00 147
0.059603 18.00 302
0.919421 445.00 484
0.211628 91.00 430
0.118519 16.00 135

0.020243 5.00 247
0.153565 84.00 547
0.728368 665.00 913
0.049689 24.00 483
0.447005 291.00 651

0.052960 17.00 321
0.025773 5.00 194
0.275000 88.00 320
0.816993 125.00 153
0.229885 40.00 174

0.158568 124.00 782
0.190476 20.00 105
0.394464 114.00 289
0.630252 75.00 119
0.016393 3.00 183

0.132075 28.00 212
0.317460 60.00 189
0.017677 14.00 792
0.714932 158.00 221
0.213636 47.00 220

0.651786 219.00 336
0.346056 136.00 393
0.125546 115.00 916
0.102190 14.00 137
0.174603 22.00 126

0.131926 100.00 758
0.281633 69.00 245
0.155172 135.00 870
0.352000 132.00 375
0.479638 106.00 221

0.112069 65.00 580
0.612245 150.00 245
0.065421 7.00 107
0.115385 15.00 130
0.493540 382.00 774

0.014670 6.00 409
0.023529 4.00 170
0.352941 84.00 238
0.847584 228.00 269
0.163399 50.00 306

0.397590 99.00 249
0.027088 12.00 443
0.513238 252.00 491
0.345029 177.00 513
0.118863 46.00 387

0.105960 16.00 151
0.223602 36.00 161
0.590708 534.00 904
0.473881 254.00 536
0.006614 5.00 756

0.160156 41.00 256
0.325472 69.00 212
0.642202 70.00 109
0.118644 14.00 118
0.163265 24.00 147

0.038961 6.00 154
0.067961 14.00 206
0.295082 36.00 122
0.798387 99.00 124
0.202564 79.00 390

0.072115 30.00 416
0.271689 119.00 438
0.579618 91.00 157
0.313514 58.00 185
0.162000 81.00 500

0.062016 8.00 129
0.121891 49.00 402
0.397516 64.00 161
0.722222 104.00 144
0.096618 20.00 207

0.438849 61.00 139
0.186170 35.00 188
0.120968 15.00 124
0.200000 31.00 155
0.458333 110.00 240

0.723810 304.00 420
0.049587 6.00 121
0.296610 35.00 118
0.040712 16.00 393
0.293160 90.00 307

0.142857 42.00 294
0.065693 9.00 137
0.148936 77.00 517
0.681223 156.00 229
0.363770 247.00 679

0.088362 82.00 928
0.009615 1.00 104
0.616613 193.00 313
0.281437 188.00 668
0.406977 70.00 172

0.455172 132.00 290
0.313084 67.00 214
0.288889 52.00 180
0.147239 48.00 326
0.198473 26.00 131

0.409548 163.00 398
0.009709 3.00 309
0.151261 18.00 119
0.474490 93.00 196
0.353130 220.00 623

0.175719 55.00 313
0.148936 28.00 188
0.492308 96.00 195
0.104938 17.00 162
0.479853 131.00 273

0.672414 156.00 232
0.110553 66.00 597
0.166667 23.00 138
0.423810 89.00 210
0.025414 23.00 905

0.081040 53.00 654
0.129032 36.00 279
0.481818 53.00 110
0.107764 93.00 863
0.604580 396.00 655

0.494186 340.00 688
0.027426 13.00 474
0.600660 182.00 303
0.019334 18.00 931
0.257340 149.00 579

0.547619 322.00 588
0.369231 72.00 195
0.027248 20.00 734
0.093985 25.00 266
0.363636 40.00 110

0.138554 23.00 166
0.186624 173.00 927
0.081466 40.00 491
0.618750 198.00 320
0.376782 185.00 491

0.172144 110.00 639
0.206667 155.00 750
0.118143 84.00 711
0.363636 120.00 330
0.537445 122.00 227

0.629448 513.00 815
0.104452 61.00 584
0.029412 3.00 102
0.201452 111.00 551
0.434911 147.00 338

0.336111 121.00 360
0.002717 1.00 368
0.336585 276.00 820
0.718681 327.00 455
0.003484 1.00 287

0.113924 18.00 158
0.037975 18.00 474
0.447964 297.00 663
0.250000 77.00 308
0.550000 88.00 160

0.165785 94.00 567
0.222772 45.00 202
0.033003 20.00 606
0.038934 19.00 488
0.937063 134.00 143

0.108865 70.00 643
0.253846 165.00 650
0.033981 7.00 206
0.788845 594.00 753
0.220000 33.00 150

0.077143 27.00 350
0.572072 254.00 444
0.564103 220.00 390
0.150000 15.00 100
0.034384 12.00 349

0.033333 4.00 120
0.015228 3.00 197
0.485101 407.00 839
0.817881 247.00 302
0.048387 39.00 806

0.353919 149.00 421
0.091518 41.00 448
0.756667 227.00 300
0.090909 40.00 440
0.105023 69.00 657

0.485273 346.00 713
0.246063 125.00 508
0.103226 16.00 155
0.138614 14.00 101
0.433775 131.00 302

0.141414 70.00 495
0.322314 117.00 363
0.177040 128.00 723
0.058824 22.00 374
0.700555 379.00 541

0.208551 200.00 959
0.007246 2.00 276
0.919118 125.00 136
0.022155 22.00 993
0.243337 210.00 863

0.865385 90.00 104
0.139665 25.00 179
0.022173 20.00 902
0.333333 36.00 108
0.038793 9.00 232

0.145570 46.00 316
0.509830 389.00 763
0.032552 25.00 768
0.264317 60.00 227
0.447619 47.00 105

0.059406 6.00 101
0.215116 37.00 172
0.365796 308.00 842
0.576923 75.00 130
0.186851 54.00 289

0.723350 570.00 788
0.235880 71.00 301
0.125000 22.00 176
0.169451 71.00 419
0.147059 25.00 170

0.025815 19.00 736
0.862745 176.00 204
0.045045 5.00 111
0.329897 64.00 194
0.141221 111.00 786

0.329412 56.00 170
0.020000 5.00 250
0.516304 95.00 184
0.517241 90.00 174
0.021277 4.00 188

0.156566 31.00 198
0.594340 63.00 106
0.381818 105.00 275
0.077419 12.00 155
0.190123 77.00 405

0.014493 5.00 345
0.220779 102.00 462
0.076570 50.00 653
0.369509 143.00 387
0.720988 584.00 810

0.255354 155.00 607
0.063781 28.00 439
0.688742 208.00 302
0.068468 38.00 555
0.322251 126.00 391

0.409664 390.00 952
0.096074 93.00 968
0.120919 100.00 827
0.251208 52.00 207
0.519380 67.00 129

0.062284 18.00 289
0.198953 38.00 191
0.257862 41.00 159
0.442396 96.00 217
0.431655 120.00 278

0.391499 175.00 447
0.129699 69.00 532
0.659091 87.00 132
0.122449 120.00 980
0.095652 11.00 115

0.695876 135.00 194
0.418803 49.00 117
0.228972 98.00 428
0.008929 1.00 112
0.048951 7.00 143

0.467787 167.00 357
0.092222 83.00 900
0.483636 133.00 275
0.212121 28.00 132
0.143541 30.00 209

0.634615 66.00 104
0.186534 169.00 906
0.250883 142.00 566
0.048810 41.00 840
0.277372 76.00 274

0.285273 277.00 971
0.115942 24.00 207
0.062229 43.00 691
0.652720 156.00 239
0.284065 123.00 433

0.155039 20.00 129
0.052764 21.00 398
0.229814 74.00 322
0.671186 198.00 295
0.293269 122.00 416

0.225989 40.00 177
0.523560 100.00 191
0.103806 30.00 289
0.507559 235.00 463
0.042808 25.00 584

0.060606 16.00 264
0.093264 18.00 193
0.770202 305.00 396
0.465863 348.00 747
0.010676 3.00 281

0.457746 130.00 284
0.490667 184.00 375
0.267352 104.00 389
0.163462 17.00 104
0.021250 17.00 800

0.279762 47.00 168
0.146465 29.00 198
0.374157 333.00 890
0.282407 61.00 216
0.319444 46.00 144

0.102874 68.00 661
0.111524 30.00 269
0.478645 325.00 679
0.288703 69.00 239
0.419355 78.00 186

0.161017 76.00 472
0.412088 300.00 728
0.049608 38.00 766
0.517857 290.00 560
0.255814 33.00 129

0.714689 253.00 354
0.069204 20.00 289
0.345297 279.00 808
0.155718 64.00 411
0.116564 19.00 163

0.446429 50.00 112
0.586751 372.00 634
0.030000 6.00 200
0.033746 30.00 889
0.306100 281.00 918

0.191136 69.00 361
0.045455 6.00 132
0.548148 222.00 405
0.442623 54.00 122
0.169460 91.00 537

0.640625 82.00 128
0.004573 3.00 656
0.160000 40.00 250
0.507042 144.00 284
0.091743 10.00 109

0.134529 60.00 446
0.084112 9.00 107
0.730159 92.00 126
0.141026 55.00 390
0.302326 52.00 172

0.364734 151.00 414
0.024079 17.00 706
0.348008 332.00 954
0.168696 97.00 575
0.494905 340.00 687

0.338462 66.00 195
0.278107 47.00 169
0.021378 9.00 421
0.532710 57.00 107
0.232558 100.00 430

0.033201 25.00 753
0.001761 1.00 568
0.636667 191.00 300
0.697464 385.00 552
0.032389 8.00 247

0.147516 95.00 644
0.491803 90.00 183
0.108247 21.00 194
0.641700 317.00 494
0.010393 9.00 866

0.247525 75.00 303
0.013793 2.00 145
0.042328 16.00 378
0.898657 736.00 819
0.196481 67.00 341

0.312102 49.00 157
0.072727 8.00 110
0.521053 297.00 570
0.295652 34.00 115
0.190000 19.00 100

0.203267 112.00 551
0.297059 202.00 680
0.028754 9.00 313
0.528331 345.00 653
0.345455 38.00 110

0.493473 189.00 383
0.425381 419.00 985
0.066667 33.00 495
0.211640 80.00 378
0.205882 42.00 204

0.389439 354.00 909
0.055901 18.00 322
0.459559 125.00 272
0.230366 88.00 382
0.264706 99.00 374

0.145349 25.00 172
0.075301 25.00 332
0.357522 202.00 565
0.228717 180.00 787
0.595420 78.00 131

0.609108 321.00 527
0.227332 173.00 761
0.340708 77.00 226
0.030899 11.00 356
0.192201 69.00 359

0.173228 22.00 127
0.238854 75.00 314
0.500000 54.00 108
0.271186 48.00 177
0.221339 195.00 881

0.025641 3.00 117
0.262840 174.00 662
0.807560 235.00 291
0.154270 56.00 363
0.154440 40.00 259

0.022293 7.00 314
0.206657 149.00 721
0.809524 102.00 126
0.339056 158.00 466
0.021739 3.00 138

0.307692 36.00 117
0.549254 184.00 335
0.377278 352.00 933
0.157835 140.00 887
0.004107 2.00 487

0.496403 138.00 278
0.424419 73.00 172
0.222222 50.00 225
0.072519 38.00 524
0.190476 24.00 126

0.451923 47.00 104
0.062581 48.00 767
0.404959 49.00 121
0.303483 61.00 201
0.179126 127.00 709

0.867257 98.00 113
0.025000 3.00 120
0.045614 13.00 285
0.375683 275.00 732
0.092593 15.00 162

0.058372 38.00 651
0.169697 28.00 165
0.280000 28.00 100
0.700365 575.00 821
0.188406 26.00 138

0.082126 17.00 207
0.140401 49.00 349
0.831933 99.00 119
0.322835 205.00 635
0.028902 5.00 173

0.084034 10.00 119
0.039216 6.00 153
0.726776 133.00 183
0.041237 8.00 194
0.517647 88.00 170

0.011561 2.00 173
0.327273 72.00 220
0.321101 35.00 109
0.198113 21.00 106
0.539130 62.00 115

0.264151 112.00 424
0.252567 246.00 974
0.710526 81.00 114
0.053512 16.00 299
0.117978 21.00 178

0.295775 84.00 284
0.086614 11.00 127
0.029542 20.00 677
0.319149 105.00 329
0.669967 406.00 606

0.017544 2.00 114
0.206897 30.00 145
0.778068 298.00 383
0.124339 47.00 378
0.272300 58.00 213

0.107143 12.00 112
0.130384 112.00 859
0.156250 20.00 128
0.925636 473.00 511
0.084906 27.00 318

0.095833 23.00 240
0.168675 28.00 166
0.643636 531.00 825
0.153846 26.00 169
0.340249 82.00 241

0.126354 105.00 831
0.319095 127.00 398
0.170732 21.00 123
0.392308 153.00 390
0.387097 168.00 434

0.548523 260.00 474
0.074627 55.00 737
0.017964 3.00 167
0.470120 118.00 251
0.289954 254.00 876

0.130807 107.00 818
0.037383 4.00 107
0.518987 123.00 237
0.400922 174.00 434
0.316176 43.00 136

0.136000 17.00 125
0.076326 59.00 773
0.274194 51.00 186
0.149254 20.00 134
0.762431 414.00 543

0.062992 56.00 889
0.986413 363.00 368
0.029748 26.00 874
0.283784 147.00 518
0.036810 18.00 489

0.444720 358.00 805
0.620755 329.00 530
0.104294 34.00 326
0.047458 14.00 295
0.181818 108.00 594

0.128617 40.00 311
0.076023 13.00 171
0.738481 593.00 803
0.370577 199.00 537
0.086580 60.00 693

0.228438 98.00 429
0.023438 6.00 256
0.215470 39.00 181
0.127451 13.00 102
0.805861 220.00 273

0.354610 50.00 141
0.130319 49.00 376
0.254000 127.00 500
0.543590 530.00 975
0.118590 74.00 624

0.039604 4.00 101
0.342391 126.00 368
0.424370 101.00 238
0.316354 118.00 373
0.277228 28.00 101

0.281250 36.00 128
0.282927 58.00 205
0.154472 38.00 246
0.641304 118.00 184
0.046745 28.00 599

0.257373 96.00 373
0.265734 38.00 143
0.584331 537.00 919
0.293103 85.00 290
0.002778 1.00 360

0.140000 70.00 500
0.167832 24.00 143
0.260870 60.00 230
0.514286 54.00 105
0.315417 223.00 707

0.594444 214.00 360
0.208333 55.00 264
0.387879 256.00 660
0.163842 87.00 531
0.044248 10.00 226

0.139896 54.00 386
0.437666 165.00 377
0.025316 6.00 237
0.256410 30.00 117
0.542857 114.00 210

0.172500 69.00 400
0.029586 5.00 169
0.845070 120.00 142
0.209302 72.00 344
0.146341 30.00 205

0.007692 1.00 130
0.015855 14.00 883
0.477322 442.00 926
0.448718 70.00 156
0.448529 183.00 408

0.033088 18.00 544
0.550296 279.00 507
0.350230 228.00 651
0.317901 206.00 648
0.146789 48.00 327

0.095238 28.00 294
0.305825 63.00 206
0.231343 31.00 134
0.025078 24.00 957
0.742105 141.00 190

0.213793 31.00 145
0.016949 3.00 177
0.467562 418.00 894
0.157895 24.00 152
0.541850 246.00 454

0.234568 76.00 324
0.463636 51.00 110
0.206125 175.00 849
0.484195 337.00 696
0.010972 7.00 638

0.673195 550.00 817
0.336343 149.00 443
0.336207 156.00 464
0.033841 20.00 591
0.019900 4.00 201

0.087287 46.00 527
0.528926 64.00 121
0.007299 1.00 137
0.599062 511.00 853
0.171348 61.00 356

0.199336 60.00 301
0.115385 87.00 754
0.087302 22.00 252
0.760000 76.00 100
0.236760 76.00 321

0.114370 39.00 341
0.021583 6.00 278
0.714876 173.00 242
0.495560 279.00 563
0.054795 8.00 146

0.016064 4.00 249
0.520833 175.00 336
0.616438 135.00 219
0.173423 77.00 444
0.078125 10.00 128

0.395509 229.00 579
0.141274 51.00 361
0.531746 201.00 378
0.306785 104.00 339
0.025974 6.00 231

0.449367 71.00 158
0.298039 152.00 510
0.532967 97.00 182
0.071240 27.00 379
0.049020 5.00 102

0.095890 14.00 146
0.348837 45.00 129
0.672231 443.00 659
0.228426 45.00 197
0.060000 6.00 100

0.272727 45.00 165
0.460983 319.00 692
0.228137 60.00 263
0.159091 28.00 176
0.279661 99.00 354

