0.054889 32.00 583
0.253731 68.00 268
0.442748 58.00 131
0.125954 33.00 262
0.223108 56.00 251

0.341667 82.00 240
0.118166 67.00 567
0.162471 71.00 437
0.212435 82.00 386
0.260000 26.00 100

0.093617 22.00 235
0.257188 161.00 626
0.519608 53.00 102
0.051282 6.00 117
0.170968 106.00 620

0.149533 16.00 107
0.084189 41.00 487
0.582915 116.00 199
0.100244 41.00 409
0.179310 26.00 145

0.049383 8.00 162
0.257453 95.00 369
0.289474 44.00 152
0.286325 67.00 234
0.220472 28.00 127

0.283422 159.00 561
0.138958 56.00 403
0.526749 256.00 486
0.083851 27.00 322
0.065000 13.00 200

0.274112 54.00 197
0.329231 107.00 325
0.016393 7.00 427
0.427586 124.00 290
0.055118 7.00 127

0.151414 91.00 601
0.234252 119.00 508
0.323171 53.00 164
0.259524 109.00 420
0.127273 28.00 220

0.056000 7.00 125
0.048193 8.00 166
0.839416 115.00 137
0.135965 93.00 684
0.018987 3.00 158

0.326531 128.00 392
0.004149 1.00 241
0.242373 143.00 590
0.051282 20.00 390
0.475921 168.00 353

0.211765 36.00 170
0.146727 65.00 443
0.179969 115.00 639
0.561139 335.00 597
0.003623 2.00 552

0.222222 88.00 396
0.122807 14.00 114
0.441704 197.00 446
0.185751 73.00 393
0.128378 19.00 148

0.421965 73.00 173
0.225806 42.00 186
0.107143 21.00 196
0.066427 37.00 557
0.277778 60.00 216

0.587678 496.00 844
0.236726 214.00 904
0.155844 36.00 231
0.108586 86.00 792
0.010399 6.00 577

0.118721 26.00 219
0.071429 8.00 112
0.231579 44.00 190
0.516432 110.00 213
0.161716 49.00 303

0.324561 37.00 114
0.157454 94.00 597
0.071605 29.00 405
0.110930 68.00 613
0.436992 215.00 492

0.305942 242.00 791
0.037383 4.00 107
0.453846 59.00 130
0.066116 8.00 121
0.239316 28.00 117

0.017391 2.00 115
0.004843 2.00 413
0.619195 200.00 323
0.027211 4.00 147
0.428854 217.00 506

0.188525 23.00 122
0.344111 149.00 433
0.040984 5.00 122
0.513859 241.00 469
0.012539 4.00 319

0.258359 85.00 329
0.566879 89.00 157
0.171296 37.00 216
0.052174 6.00 115
0.046961 17.00 362

0.069170 35.00 506
0.280201 167.00 596
0.114613 80.00 698
0.085837 60.00 699
0.549587 133.00 242

0.210256 41.00 195
0.138393 31.00 224
0.342814 229.00 668
0.254237 150.00 590
0.158333 38.00 240

0.390000 39.00 100
0.338832 267.00 788
0.176829 58.00 328
0.069378 58.00 836
0.121464 73.00 601

0.237410 33.00 139
0.084337 77.00 913
0.031250 27.00 864
0.234483 34.00 145
0.516129 64.00 124

0.207101 105.00 507
0.153846 44.00 286
0.133017 56.00 421
0.387097 84.00 217
0.216783 31.00 143

0.224638 31.00 138
0.053371 19.00 356
0.087690 52.00 593
0.444444 64.00 144
0.293269 122.00 416

0.006667 1.00 150
0.373206 78.00 209
0.192771 48.00 249
0.504464 226.00 448
0.023290 16.00 687

0.008824 3.00 340
0.228070 52.00 228
0.039326 7.00 178
0.437500 224.00 512
0.384456 371.00 965

0.620087 142.00 229
0.016393 5.00 305
0.006148 3.00 488
0.306569 42.00 137
0.147277 119.00 808

0.073456 44.00 599
0.223140 27.00 121
0.198171 195.00 984
0.217391 60.00 276
0.381356 45.00 118

0.234899 70.00 298
0.359184 88.00 245
0.026895 22.00 818
0.208155 97.00 466
0.272331 125.00 459

0.020794 11.00 529
0.399522 167.00 418
0.166667 37.00 222
0.157233 25.00 159
0.351499 129.00 367

0.018541 15.00 809
0.805970 756.00 938
0.131765 112.00 850
0.086047 37.00 430
0.059322 7.00 118

0.020833 8.00 384
0.586420 95.00 162
0.320493 208.00 649
0.145780 57.00 391
0.027806 27.00 971

0.711324 446.00 627
0.128205 85.00 663
0.141531 61.00 431
0.056180 10.00 178
0.061224 18.00 294

0.370158 258.00 697
0.005291 1.00 189
0.111111 12.00 108
0.259524 109.00 420
0.352201 112.00 318

0.402778 58.00 144
0.181725 177.00 974
0.068852 21.00 305
0.237366 155.00 653
0.210651 178.00 845

0.120968 30.00 248
0.169580 97.00 572
0.408759 56.00 137
0.175182 24.00 137
0.224872 132.00 587

0.006897 1.00 145
0.074074 14.00 189
0.084768 64.00 755
0.482759 56.00 116
0.452703 67.00 148

0.401515 53.00 132
0.097744 52.00 532
0.555858 408.00 734
0.008226 7.00 851
0.033679 13.00 386

0.206186 40.00 194
0.252137 177.00 702
0.152778 88.00 576
0.474790 226.00 476
0.016432 7.00 426

0.100000 12.00 120
0.412587 59.00 143
0.213333 112.00 525
0.271540 104.00 383
0.102506 90.00 878

0.106145 19.00 179
0.495798 472.00 952
0.243492 159.00 653
0.253456 110.00 434
0.003106 1.00 322

0.020710 14.00 676
0.329159 184.00 559
0.307692 44.00 143
0.432161 86.00 199
0.013716 11.00 802

0.116129 18.00 155
0.323810 136.00 420
0.207692 27.00 130
0.034884 30.00 860
0.417004 206.00 494

0.147392 65.00 441
0.048701 15.00 308
0.674528 286.00 424
0.169811 27.00 159
0.056962 9.00 158

0.232394 66.00 284
0.447552 64.00 143
0.064748 9.00 139
0.070479 53.00 752
0.286064 117.00 409

0.186047 32.00 172
0.468800 293.00 625
0.118644 112.00 944
0.105386 45.00 427
0.220957 194.00 878

0.169761 128.00 754
0.136364 15.00 110
0.560669 134.00 239
0.140351 104.00 741
0.093220 22.00 236

0.099281 69.00 695
0.022936 5.00 218
0.076110 36.00 473
0.822368 250.00 304
0.075472 16.00 212

0.278107 47.00 169
0.112150 12.00 107
0.090909 39.00 429
0.363208 77.00 212
0.250000 43.00 172

0.567686 130.00 229
0.074380 9.00 121
0.245283 39.00 159
0.112676 40.00 355
0.096059 39.00 406

0.265748 135.00 508
0.117769 57.00 484
0.186047 24.00 129
0.458716 50.00 109
0.069252 25.00 361

0.227891 67.00 294
0.158088 86.00 544
0.259494 41.00 158
0.362903 45.00 124
0.092033 67.00 728

0.235915 134.00 568
0.087179 17.00 195
0.377574 165.00 437
0.043689 9.00 206
0.355030 60.00 169

0.441748 182.00 412
0.048077 5.00 104
0.121805 81.00 665
0.264484 105.00 397
0.220339 26.00 118

0.207921 21.00 101
0.084142 26.00 309
0.453704 49.00 108
0.324104 199.00 614
0.031824 26.00 817

0.286458 55.00 192
0.216981 23.00 106
0.153576 131.00 853
0.160535 48.00 299
0.284264 56.00 197

0.229508 112.00 488
0.068182 18.00 264
0.272835 230.00 843
0.189655 44.00 232
0.340741 46.00 135

0.467742 87.00 186
0.050209 12.00 239
0.098784 65.00 658
0.411602 149.00 362
0.075188 20.00 266

0.247238 179.00 724
0.275229 90.00 327
0.051613 8.00 155
0.127072 92.00 724
0.396040 40.00 101

0.044776 9.00 201
0.100372 27.00 269
0.192857 54.00 280
0.620553 157.00 253
0.140845 20.00 142

0.510345 148.00 290
0.108696 25.00 230
0.336134 320.00 952
0.044643 5.00 112
0.098131 21.00 214

0.383477 311.00 811
0.177215 98.00 553
0.158333 19.00 120
0.260997 89.00 341
0.118056 17.00 144

0.072626 39.00 537
0.067114 10.00 149
0.133484 59.00 442
0.338983 40.00 118
0.485278 445.00 917

0.568789 277.00 487
0.328160 148.00 451
0.059091 26.00 440
0.041494 10.00 241
0.102564 40.00 390

0.023166 6.00 259
0.657407 71.00 108
0.074236 51.00 687
0.030504 23.00 754
0.318421 121.00 380

0.088112 63.00 715
0.275000 55.00 200
0.045337 35.00 772
0.393782 76.00 193
0.295833 71.00 240

0.098361 24.00 244
0.227273 85.00 374
0.048544 10.00 206
0.245211 64.00 261
0.478927 250.00 522

0.419162 70.00 167
0.014223 13.00 914
0.036496 5.00 137
0.388158 354.00 912
0.240429 157.00 653

0.078772 59.00 749
0.020537 13.00 633
0.473451 107.00 226
0.155612 61.00 392
0.368254 116.00 315

0.042189 37.00 877
0.330769 43.00 130
0.294118 45.00 153
0.405405 45.00 111
0.020281 13.00 641

0.089202 19.00 213
0.071429 9.00 126
0.312704 288.00 921
0.351036 271.00 772
0.278571 195.00 700

0.325792 72.00 221
0.190128 104.00 547
0.294118 55.00 187
0.108108 12.00 111
0.183989 131.00 712

0.356818 157.00 440
0.462575 309.00 668
0.129139 117.00 906
0.075000 12.00 160
0.078603 18.00 229

0.028791 15.00 521
0.094431 39.00 413
0.133028 29.00 218
0.740506 351.00 474
0.102041 50.00 490

0.090667 34.00 375
0.812325 290.00 357
0.081218 16.00 197
0.031496 4.00 127
0.085526 13.00 152

0.336364 37.00 110
0.154964 64.00 413
0.159322 47.00 295
0.189655 22.00 116
0.254932 168.00 659

0.471564 199.00 422
0.513514 76.00 148
0.021898 3.00 137
0.080292 11.00 137
0.011236 2.00 178

0.205575 177.00 861
0.097276 25.00 257
0.326271 77.00 236
0.150342 132.00 878
0.316456 50.00 158

0.264463 64.00 242
0.275591 140.00 508
0.063655 31.00 487
0.398438 102.00 256
0.096774 30.00 310

0.022222 4.00 180
0.169715 167.00 984
0.350877 300.00 855
0.496226 263.00 530
0.061792 60.00 971

0.084100 64.00 761
0.663223 321.00 484
0.106622 95.00 891
0.207071 82.00 396
0.036879 26.00 705

0.179039 41.00 229
0.340454 255.00 749
0.153153 153.00 999
0.213592 22.00 103
0.215130 91.00 423

0.440945 56.00 127
0.344648 132.00 383
0.035032 11.00 314
0.114108 55.00 482
0.169255 109.00 644

0.346705 121.00 349
0.013062 9.00 689
0.348552 313.00 898
0.297101 41.00 138
0.092050 22.00 239

0.208029 114.00 548
0.269231 42.00 156
0.426829 140.00 328
0.005602 2.00 357
0.191489 126.00 658

0.175000 63.00 360
0.089506 29.00 324
0.406780 96.00 236
0.368088 233.00 633
0.062112 50.00 805

0.075893 17.00 224
0.391831 259.00 661
0.125843 56.00 445
0.504274 59.00 117
0.006154 2.00 325

0.257895 49.00 190
0.165957 39.00 235
0.132184 23.00 174
0.363636 40.00 110
0.180498 87.00 482

0.055300 36.00 651
0.028860 20.00 693
0.115242 93.00 807
0.781250 150.00 192
0.120000 15.00 125

0.032717 23.00 703
0.188679 40.00 212
0.823245 340.00 413
0.039474 27.00 684
0.016043 3.00 187

0.304965 43.00 141
0.074307 59.00 794
0.161593 69.00 427
0.537594 143.00 266
0.025602 17.00 664

0.382576 202.00 528
0.066667 8.00 120
0.169697 28.00 165
0.274510 28.00 102
0.202222 91.00 450

0.096115 47.00 489
0.108369 101.00 932
0.011050 2.00 181
0.014184 2.00 141
0.867925 184.00 212

0.184314 94.00 510
0.017621 4.00 227
0.285714 54.00 189
0.423858 167.00 394
0.192258 149.00 775

0.324153 306.00 944
0.467153 128.00 274
0.168605 29.00 172
0.021053 4.00 190
0.118095 62.00 525

0.607488 503.00 828
0.102293 58.00 567
0.038251 14.00 366
0.002347 1.00 426
0.349714 306.00 875

0.524573 491.00 936
0.168889 152.00 900
0.035714 4.00 112
0.094170 21.00 223
0.279221 215.00 770

0.334307 229.00 685
0.206391 155.00 751
0.402985 81.00 201
0.065421 7.00 107
0.095238 10.00 105

0.027778 16.00 576
0.714754 218.00 305
0.196774 61.00 310
0.020833 4.00 192
0.138983 41.00 295

0.007519 1.00 133
0.439834 106.00 241
0.169336 74.00 437
0.415493 59.00 142
0.072797 57.00 783

0.209150 64.00 306
0.223864 197.00 880
0.186620 53.00 284
0.363636 120.00 330
0.116099 75.00 646

0.002639 1.00 379
0.289617 159.00 549
0.597222 215.00 360
0.056225 14.00 249
0.152672 20.00 131

0.005236 3.00 573
0.111111 47.00 423
0.536486 397.00 740
0.216049 35.00 162
0.225962 47.00 208

0.210356 65.00 309
0.163366 99.00 606
0.111732 20.00 179
0.146018 33.00 226
0.471429 66.00 140

0.477308 305.00 639
0.179104 24.00 134
0.172775 33.00 191
0.218830 86.00 393
0.056122 33.00 588

0.398148 43.00 108
0.022071 13.00 589
0.259259 77.00 297
0.399638 221.00 553
0.026915 26.00 966

0.088328 28.00 317
0.151982 138.00 908
0.144543 49.00 339
0.515957 194.00 376
0.195980 39.00 199

0.363065 289.00 796
0.279476 64.00 229
0.067416 12.00 178
0.033760 29.00 859
0.356522 41.00 115

0.119658 14.00 117
0.010101 2.00 198
0.191439 161.00 841
0.113208 18.00 159
0.653465 66.00 101

0.645000 129.00 200
0.086275 22.00 255
0.059701 24.00 402
0.202946 124.00 611
0.105370 104.00 987

0.098985 39.00 394
0.375000 108.00 288
0.098266 68.00 692
0.009091 3.00 330
0.521505 97.00 186

0.551724 160.00 290
0.127496 83.00 651
0.214681 155.00 722
0.176729 161.00 911
0.030612 6.00 196

0.227334 168.00 739
0.046961 17.00 362
0.421488 102.00 242
0.284553 35.00 123
0.113208 36.00 318

0.073477 41.00 558
0.261905 33.00 126
0.217899 56.00 257
0.124470 88.00 707
0.425697 275.00 646

0.228346 87.00 381
0.126126 42.00 333
0.148352 27.00 182
0.139007 98.00 705
0.453782 54.00 119

0.343173 93.00 271
0.008753 4.00 457
0.028777 4.00 139
0.015358 9.00 586
0.707589 317.00 448

0.113772 38.00 334
0.133333 18.00 135
0.142857 15.00 105
0.383302 202.00 527
0.326797 50.00 153

0.766234 177.00 231
0.101961 26.00 255
0.140351 16.00 114
0.049107 11.00 224
0.042629 24.00 563

0.054983 16.00 291
0.294479 192.00 652
0.017857 2.00 112
0.067834 31.00 457
0.667133 477.00 715

0.170213 32.00 188
0.759777 272.00 358
0.029851 6.00 201
0.075929 47.00 619
0.065789 45.00 684

0.146165 101.00 691
0.007353 1.00 136
0.330508 39.00 118
0.103597 72.00 695
0.518919 96.00 185

0.333333 81.00 243
0.187699 177.00 943
0.042806 36.00 841
0.114504 15.00 131
0.418079 74.00 177

0.195616 116.00 593
0.649819 360.00 554
0.094787 20.00 211
0.125984 16.00 127
0.032520 12.00 369

0.576923 75.00 130
0.126506 21.00 166
0.037037 4.00 108
0.109489 15.00 137
0.245763 29.00 118

0.058252 6.00 103
0.398315 331.00 831
0.171975 27.00 157
0.245509 41.00 167
0.230241 134.00 582

0.618321 405.00 655
0.042079 17.00 404
0.193396 41.00 212
0.039735 6.00 151
0.200000 31.00 155

0.196923 64.00 325
0.138889 20.00 144
0.293594 165.00 562
0.432584 77.00 178
0.037037 7.00 189

0.159420 77.00 483
0.169697 28.00 165
0.354331 45.00 127
0.413690 139.00 336
0.006964 5.00 718

0.386805 299.00 773
0.023256 15.00 645
0.552028 313.00 567
0.041344 16.00 387
0.096220 28.00 291

0.452915 101.00 223
0.162246 104.00 641
0.175141 155.00 885
0.220339 39.00 177
0.086111 31.00 360

0.091549 39.00 426
0.342995 71.00 207
0.088235 12.00 136
0.028571 3.00 105
0.551834 346.00 627

0.085185 46.00 540
0.349515 36.00 103
0.093976 39.00 415
0.402624 399.00 991
0.171679 137.00 798

0.417178 204.00 489
0.238329 97.00 407
0.160305 21.00 131
0.006557 2.00 305
0.275362 76.00 276

0.120419 23.00 191
0.027548 10.00 363
0.412017 96.00 233
0.345794 37.00 107
0.197368 30.00 152

0.308227 266.00 863
0.183007 28.00 153
0.483660 74.00 153
0.019802 6.00 303
0.097561 16.00 164

0.279528 71.00 254
0.132484 104.00 785
0.110708 61.00 551
0.270677 36.00 133
0.310345 45.00 145

0.107692 28.00 260
0.092896 17.00 183
0.770798 454.00 589
0.119266 39.00 327
0.012012 4.00 333

0.232143 52.00 224
0.303258 121.00 399
0.124774 69.00 553
0.020033 12.00 599
0.423015 261.00 617

0.210000 63.00 300
0.085185 46.00 540
0.451178 134.00 297
0.237500 57.00 240
0.117117 13.00 111

0.388199 125.00 322
0.105691 26.00 246
0.228169 81.00 355
0.167630 29.00 173
0.207207 69.00 333

0.079137 11.00 139
0.229508 42.00 183
0.367470 244.00 664
0.047970 26.00 542
0.377005 141.00 374

0.483221 72.00 149
0.005495 1.00 182
0.079114 25.00 316
0.015625 2.00 128
0.513393 115.00 224

0.254286 178.00 700
0.274368 76.00 277
0.175127 69.00 394
0.338095 71.00 210
0.056122 11.00 196

0.010204 2.00 196
0.007797 4.00 513
0.720339 255.00 354
0.175758 29.00 165
0.192192 64.00 333

0.061594 17.00 276
0.518625 362.00 698
0.028369 4.00 141
0.212308 69.00 325
0.281307 155.00 551

0.124431 82.00 659
0.054913 38.00 692
0.354839 88.00 248
0.410788 198.00 482
0.156863 48.00 306

0.474359 111.00 234
0.016779 10.00 596
0.341880 40.00 117
0.181818 22.00 121
0.084615 22.00 260

0.410714 69.00 168
0.115000 69.00 600
0.238876 102.00 427
0.250000 43.00 172
0.080808 32.00 396

0.169231 22.00 130
0.159624 34.00 213
0.160550 35.00 218
0.522472 465.00 890
0.089655 26.00 290

0.226804 88.00 388
0.511538 133.00 260
0.040268 6.00 149
0.218750 28.00 128
0.096953 35.00 361

0.446237 83.00 186
0.008000 1.00 125
0.546816 146.00 267
0.054264 21.00 387
0.046784 8.00 171

0.025806 4.00 155
0.465011 206.00 443
0.038554 16.00 415
0.565068 165.00 292
0.007519 3.00 399

0.145631 15.00 103
0.354430 112.00 316
0.110280 59.00 535
0.166882 129.00 773
0.321767 102.00 317

0.542169 90.00 166
0.091787 19.00 207
0.084507 24.00 284
0.338983 40.00 118
0.050691 11.00 217

0.007899 5.00 633
0.441606 121.00 274
0.226328 98.00 433
0.418182 115.00 275
0.008621 1.00 116

0.059829 7.00 117
0.086957 26.00 299
0.352804 302.00 856
0.227753 151.00 663
0.371835 235.00 632

0.122200 120.00 982
0.382979 72.00 188
0.109568 71.00 648
0.085890 14.00 163
0.398844 207.00 519

0.097651 79.00 809
0.342466 75.00 219
0.301165 181.00 601
0.240196 49.00 204
0.115993 66.00 569

0.301127 187.00 621
0.504545 111.00 220
0.161290 70.00 434
0.118143 28.00 237
0.010929 2.00 183

0.227027 42.00 185
0.314050 38.00 121
0.074176 54.00 728
0.170732 49.00 287
0.315217 58.00 184

0.195833 47.00 240
0.170886 27.00 158
0.311475 38.00 122
0.400000 58.00 145
0.020528 7.00 341

0.344433 331.00 961
0.180538 141.00 781
0.219608 56.00 255
0.283333 51.00 180
0.073113 62.00 848

0.380000 38.00 100
0.173913 92.00 529
0.005208 1.00 192
0.275000 220.00 800
0.261134 129.00 494

0.490654 105.00 214
0.001522 1.00 657
0.280000 35.00 125
0.003311 2.00 604
0.328244 43.00 131

0.261993 142.00 542
0.176101 112.00 636
0.244048 164.00 672
0.214008 55.00 257
0.202020 40.00 198

0.018648 16.00 858
0.598425 76.00 127
0.034091 21.00 616
0.435798 112.00 257
0.011321 3.00 265

0.148496 79.00 532
0.146465 29.00 198
0.330025 266.00 806
0.001224 1.00 817
0.473262 177.00 374

0.287129 29.00 101
0.202989 163.00 803
0.060403 18.00 298
0.472585 181.00 383
0.074074 24.00 324

0.382429 296.00 774
0.019178 7.00 365
0.254317 162.00 637
0.403846 42.00 104
0.044248 15.00 339

0.417625 109.00 261
0.005076 1.00 197
0.391198 160.00 409
0.198254 159.00 802
0.084633 38.00 449

0.068404 42.00 614
0.344498 72.00 209
0.486647 164.00 337
0.193317 81.00 419
0.007979 3.00 376

0.352399 191.00 542
0.182836 49.00 268
0.014706 3.00 204
0.313008 77.00 246
0.237819 205.00 862

0.387176 314.00 811
0.286982 97.00 338
0.041379 6.00 145
0.167832 24.00 143
0.215633 80.00 371

0.105590 102.00 966
0.272727 30.00 110
0.026042 5.00 192
0.194203 67.00 345
0.507216 246.00 485

0.122744 34.00 277
0.215962 46.00 213
0.634218 215.00 339
0.012658 2.00 158
0.114206 41.00 359

0.126050 15.00 119
0.099585 24.00 241
0.603704 489.00 810
0.078292 22.00 281
0.187215 123.00 657

0.128527 41.00 319
0.144068 17.00 118
0.054795 32.00 584
0.179688 23.00 128
0.592058 164.00 277

0.282958 88.00 311
0.148515 90.00 606
0.186747 31.00 166
0.368421 147.00 399
0.113103 82.00 725

0.587413 84.00 143
0.123153 25.00 203
0.179348 33.00 184
0.196356 97.00 494
0.012403 8.00 645

0.057285 46.00 803
0.065288 60.00 919
0.556622 290.00 521
0.186217 127.00 682
0.230769 27.00 117

0.372271 341.00 916
0.514286 54.00 105
0.079208 8.00 101
0.091667 22.00 240
0.043165 18.00 417

0.418301 128.00 306
0.176000 44.00 250
0.259887 138.00 531
0.116438 17.00 146
0.127820 85.00 665

0.026631 20.00 751
0.540268 322.00 596
0.214058 67.00 313
0.104895 15.00 143
0.215054 40.00 186

0.154412 21.00 136
0.589958 282.00 478
0.122951 15.00 122
0.157895 24.00 152
0.068807 15.00 218

0.314371 105.00 334
0.014252 6.00 421
0.469828 109.00 232
0.234234 52.00 222
0.068421 13.00 190

0.177419 22.00 124
0.546584 176.00 322
0.052265 15.00 287
0.003650 1.00 274
0.319372 61.00 191

0.075665 37.00 489
0.027473 5.00 182
0.592040 119.00 201
0.120614 110.00 912
0.287075 211.00 735

0.304762 32.00 105
0.418760 250.00 597
0.172414 105.00 609
0.056604 6.00 106
0.146341 18.00 123

0.711275 675.00 949
0.017857 2.00 112
0.033981 7.00 206
0.298980 293.00 980
0.036403 34.00 934

0.262411 37.00 141
0.408818 408.00 998
0.346821 240.00 692
0.001092 1.00 916
0.082126 17.00 207

0.305344 40.00 131
0.168459 47.00 279
0.180361 90.00 499
0.404412 55.00 136
0.039773 21.00 528

0.077844 13.00 167
0.074906 20.00 267
0.221311 54.00 244
0.504167 242.00 480
0.223048 60.00 269

0.337931 49.00 145
0.186770 48.00 257
0.007220 4.00 554
0.500960 261.00 521
0.063197 17.00 269

0.537356 187.00 348
0.070886 28.00 395
0.299674 92.00 307
0.192308 50.00 260
0.002070 1.00 483

0.118943 27.00 227
0.231788 35.00 151
0.480226 85.00 177
0.237676 135.00 568
0.035461 10.00 282

0.083650 44.00 526
0.122642 13.00 106
0.342756 291.00 849
0.007246 5.00 690
0.547170 174.00 318

0.201923 105.00 520
0.112903 14.00 124
0.293651 185.00 630
0.152027 45.00 296
0.338710 42.00 124

0.012024 6.00 499
0.257979 194.00 752
0.125341 46.00 367
0.699324 207.00 296
0.006313 5.00 792

0.169872 53.00 312
0.309795 136.00 439
0.155070 78.00 503
0.455556 328.00 720
0.009494 3.00 316

0.092308 18.00 195
0.023622 3.00 127
0.125984 16.00 127
0.007812 1.00 128
0.844262 103.00 122

0.263314 178.00 676
0.395498 123.00 311
0.121154 63.00 520
0.265517 231.00 870
0.051095 7.00 137

0.211806 61.00 288
0.107143 21.00 196
0.111940 30.00 268
0.380301 278.00 731
0.288462 60.00 208

0.525952 304.00 578
0.216949 64.00 295
0.126404 45.00 356
0.189245 183.00 967
0.039683 10.00 252

0.713068 251.00 352
0.118280 22.00 186
0.105590 17.00 161
0.073930 19.00 257
0.096346 87.00 903

0.137830 47.00 341
0.155039 40.00 258
0.311111 112.00 360
0.361570 175.00 484
0.133791 78.00 583

0.307692 128.00 416
0.500000 87.00 174
0.094828 11.00 116
0.044643 5.00 112
0.149573 70.00 468

0.004348 1.00 230
0.474684 75.00 158
0.322418 256.00 794
0.057269 13.00 227
0.241071 27.00 112

0.056667 17.00 300
0.028526 18.00 631
0.231132 98.00 424
0.264286 37.00 140
0.518325 396.00 764

0.135652 78.00 575
0.135338 18.00 133
0.161765 88.00 544
0.388350 40.00 103
0.275862 32.00 116

0.284165 131.00 461
0.030303 13.00 429
0.121417 72.00 593
0.141499 134.00 947
0.520958 87.00 167

0.153846 56.00 364
0.298305 88.00 295
0.299862 218.00 727
0.089572 67.00 748
0.257353 70.00 272

0.203046 40.00 197
0.126935 41.00 323
0.345178 68.00 197
0.349917 211.00 603
0.078176 24.00 307

0.112554 26.00 231
0.081707 67.00 820
0.115010 59.00 513
0.209756 43.00 205
0.581395 75.00 129

0.005831 2.00 343
0.576433 181.00 314
0.097152 58.00 597
0.031100 13.00 418
0.389412 331.00 850

0.153846 16.00 104
0.533898 126.00 236
0.068421 13.00 190
0.173977 119.00 684
0.169381 52.00 307

0.355609 149.00 419
0.030361 16.00 527
0.058824 14.00 238
0.303030 40.00 132
0.356923 116.00 325

0.532880 235.00 441
0.223684 34.00 152
0.285978 155.00 542
0.047059 12.00 255
0.007892 7.00 887

0.350000 35.00 100
0.091346 19.00 208
0.081140 37.00 456
0.292835 282.00 963
0.288462 30.00 104

0.113636 45.00 396
0.396682 263.00 663
0.283537 93.00 328
0.131635 62.00 471
0.174737 166.00 950

0.032870 26.00 791
0.026087 3.00 115
0.179443 103.00 574
0.105491 73.00 692
0.756272 211.00 279

0.009434 3.00 318
0.288462 30.00 104
0.254658 123.00 483
0.388350 40.00 103
0.155039 40.00 258

0.017058 8.00 469
0.022388 3.00 134
0.149533 32.00 214
0.232394 33.00 142
0.678414 154.00 227

0.022044 11.00 499
0.259459 96.00 370
0.192513 144.00 748
0.176136 31.00 176
0.453165 179.00 395

0.221757 53.00 239
0.586081 160.00 273
0.074970 62.00 827
0.100000 59.00 590
0.119454 70.00 586

0.095533 77.00 806
0.448598 48.00 107
0.200000 44.00 220
0.068966 20.00 290
0.288462 30.00 104

0.377970 175.00 463
0.036697 4.00 109
0.007092 1.00 141
0.596320 551.00 924
0.084615 11.00 130

0.200284 141.00 704
0.078689 48.00 610
0.312796 66.00 211
0.345286 260.00 753
0.164948 96.00 582

0.127273 14.00 110
0.085714 39.00 455
0.111922 46.00 411
0.093294 64.00 686
0.676923 88.00 130

0.055866 10.00 179
0.771277 580.00 752
0.126227 90.00 713
0.025000 12.00 480
0.125828 19.00 151

0.273205 156.00 571
0.008163 2.00 245
0.246772 172.00 697
0.232019 100.00 431
0.338936 242.00 714

0.202749 59.00 291
0.015504 2.00 129
0.055118 14.00 254
0.600610 197.00 328
0.220745 83.00 376

0.326531 224.00 686
0.009804 1.00 102
0.107914 15.00 139
0.598901 109.00 182
0.055970 15.00 268

0.128978 77.00 597
0.057851 7.00 121
0.257985 210.00 814
0.543103 126.00 232
0.113300 46.00 406

0.143271 99.00 691
0.216000 27.00 125
0.205674 29.00 141
0.265060 176.00 664
0.264808 76.00 287

0.296407 99.00 334
0.166667 132.00 792
0.032653 32.00 980
0.317123 313.00 987
0.288000 36.00 125

0.126712 37.00 292
0.314516 78.00 248
0.418507 398.00 951
0.231693 193.00 833
0.005597 3.00 536

0.330645 82.00 248
0.331558 249.00 751
0.227979 88.00 386
0.077586 9.00 116
0.132640 102.00 769

0.025641 24.00 936
0.046122 22.00 477
0.236641 31.00 131
0.363158 69.00 190
0.423611 61.00 144

0.150485 124.00 824
0.082487 65.00 788
0.097222 21.00 216
0.179732 94.00 523
0.588235 90.00 153

0.125786 20.00 159
0.534653 54.00 101
0.119101 53.00 445
0.030093 26.00 864
0.287671 63.00 219

0.436224 171.00 392
0.015075 3.00 199
0.170053 159.00 935
0.024590 3.00 122
0.450237 380.00 844

0.461538 378.00 819
0.181818 20.00 110
0.165775 93.00 561
0.087007 75.00 862
0.200855 94.00 468

0.008850 1.00 113
0.061224 18.00 294
0.113960 40.00 351
0.025229 11.00 436
0.891192 172.00 193

0.304945 111.00 364
0.284091 50.00 176
0.075567 60.00 794
0.242667 91.00 375
0.193231 177.00 916

0.122642 13.00 106
0.285714 250.00 875
0.482066 336.00 697
0.075188 10.00 133
0.138889 20.00 144

0.118227 24.00 203
0.142534 63.00 442
0.023569 7.00 297
0.547192 458.00 837
0.268571 47.00 175

0.517647 176.00 340
0.152542 27.00 177
0.036082 7.00 194
0.263591 160.00 607
0.129921 66.00 508

0.368750 118.00 320
0.078947 15.00 190
0.074271 28.00 377
0.141324 79.00 559
0.435644 88.00 202

0.511527 355.00 694
0.070485 16.00 227
0.033333 5.00 150
0.209302 45.00 215
0.275168 41.00 149

0.091503 56.00 612
0.082873 15.00 181
0.492718 406.00 824
0.328492 294.00 895
0.103448 18.00 174

0.148148 60.00 405
0.013158 2.00 152
0.520690 151.00 290
0.242718 25.00 103
0.182051 71.00 390

0.146608 134.00 914
0.117647 12.00 102
0.414404 351.00 847
0.375887 53.00 141
0.038529 22.00 571

0.291457 58.00 199
0.485861 378.00 778
0.069686 20.00 287
0.034351 9.00 262
0.217391 35.00 161

0.060797 29.00 477
0.400000 72.00 180
0.073864 39.00 528
0.092593 15.00 162
0.471787 301.00 638

0.008547 1.00 117
0.003759 1.00 266
0.354839 132.00 372
0.139955 62.00 443
0.594059 240.00 404

0.040000 4.00 100
0.371553 256.00 689
0.011905 3.00 252
0.637520 401.00 629
0.044017 32.00 727

0.004399 3.00 682
0.098291 46.00 468
0.904494 161.00 178
0.046763 13.00 278
0.044393 19.00 428

0.303125 291.00 960
0.243243 54.00 222
0.020548 15.00 730
0.515528 83.00 161
0.020000 2.00 100

0.013201 8.00 606
0.397129 332.00 836
0.186798 133.00 712
0.171108 122.00 713
0.329545 87.00 264

0.210581 203.00 964
0.108333 13.00 120
0.162577 106.00 652
0.342995 213.00 621
0.272222 49.00 180

0.318777 292.00 916
0.077273 34.00 440
0.078300 35.00 447
0.305164 65.00 213
0.318367 156.00 490

0.206096 142.00 689
0.194805 75.00 385
0.177966 21.00 118
0.373174 281.00 753
0.144578 24.00 166

0.083333 10.00 120
0.327366 128.00 391
0.318282 289.00 908
0.162996 37.00 227
0.207547 44.00 212

0.195122 96.00 492
0.076190 24.00 315
0.363636 76.00 209
0.034091 9.00 264
0.432258 67.00 155

0.029586 10.00 338
0.034240 34.00 993
0.159601 64.00 401
0.653846 561.00 858
0.225532 53.00 235

0.257576 34.00 132
0.369004 100.00 271
0.256180 114.00 445
0.121739 14.00 115
0.100000 10.00 100

0.742358 340.00 458
0.137363 25.00 182
0.164329 82.00 499
0.016667 2.00 120
0.040486 10.00 247

0.667808 195.00 292
0.172524 54.00 313
0.044872 7.00 156
0.169355 21.00 124
0.044554 9.00 202

0.135593 24.00 177
0.314879 182.00 578
0.104167 40.00 384
0.414201 280.00 676
0.131783 17.00 129

0.118644 14.00 118
0.183761 86.00 468
0.459770 80.00 174
0.222944 206.00 924
0.113503 58.00 511

0.224168 128.00 571
0.146643 83.00 566
0.469027 106.00 226
0.178218 18.00 101
0.077244 37.00 479

0.023649 7.00 296
0.322660 131.00 406
0.012500 5.00 400
0.044199 8.00 181
0.700000 77.00 110

0.442334 326.00 737
0.163462 34.00 208
0.090686 37.00 408
0.155143 92.00 593
0.248756 50.00 201

0.361582 64.00 177
0.535156 137.00 256
0.079208 8.00 101
0.109195 19.00 174
0.020979 3.00 143

0.023026 7.00 304
0.543956 99.00 182
0.099631 27.00 271
0.185792 34.00 183
0.244856 119.00 486

0.062016 40.00 645
0.006803 2.00 294
0.154362 46.00 298
0.691057 85.00 123
0.181818 22.00 121

0.360759 57.00 158
0.055794 13.00 233
0.515012 223.00 433
0.137349 57.00 415
0.031401 13.00 414

0.579710 120.00 207
0.050420 6.00 119
0.101227 66.00 652
0.260163 96.00 369
0.114094 17.00 149

0.037838 35.00 925
0.248699 239.00 961
0.169492 20.00 118
0.450000 45.00 100
0.194161 133.00 685

0.177215 84.00 474
0.010050 2.00 199
0.686275 70.00 102
0.122744 34.00 277
0.099291 14.00 141

0.062257 32.00 514
0.572238 202.00 353
0.231626 104.00 449
0.192982 22.00 114
0.037736 20.00 530

0.208577 107.00 513
0.524775 233.00 444
0.222798 43.00 193
0.100000 33.00 330
0.043243 8.00 185

0.025641 5.00 195
0.295165 116.00 393
0.100806 25.00 248
0.178187 116.00 651
0.500000 281.00 562

0.649573 76.00 117
0.061111 11.00 180
0.287356 100.00 348
0.102345 48.00 469
0.007968 2.00 251

0.088435 13.00 147
0.022013 14.00 636
0.272727 42.00 154
0.118170 93.00 787
0.594118 505.00 850

0.378601 184.00 486
0.380435 70.00 184
0.073394 8.00 109
0.197531 32.00 162
0.068783 13.00 189

0.182867 111.00 607
0.042705 12.00 281
0.330472 154.00 466
0.009631 6.00 623
0.535939 425.00 793

0.520000 130.00 250
0.058394 8.00 137
0.124324 46.00 370
0.044218 13.00 294
0.355372 215.00 605

0.137615 15.00 109
0.016779 5.00 298
0.150358 63.00 419
0.151625 42.00 277
0.648148 105.00 162

0.242857 68.00 280
0.269841 34.00 126
0.059140 11.00 186
0.029412 17.00 578
0.498221 140.00 281

0.465300 295.00 634
0.034965 5.00 143
0.253968 32.00 126
0.020619 4.00 194
0.322835 41.00 127

0.034884 33.00 946
0.168254 53.00 315
0.289562 172.00 594
0.139535 54.00 387
0.467949 73.00 156

0.326555 273.00 836
0.189119 73.00 386
0.017825 10.00 561
0.368098 60.00 163
0.195467 69.00 353

0.030457 12.00 394
0.167770 76.00 453
0.562791 121.00 215
0.133028 58.00 436
0.205714 108.00 525

0.131410 41.00 312
0.091892 17.00 185
0.523077 102.00 195
0.046798 19.00 406
0.303371 54.00 178

0.162393 57.00 351
0.021246 15.00 706
0.341564 332.00 972
0.488550 64.00 131
0.084942 22.00 259

0.286863 107.00 373
0.367052 127.00 346
0.353591 64.00 181
0.067308 7.00 104
0.023483 12.00 511

0.099778 45.00 451
0.054348 45.00 828
0.362637 66.00 182
0.511111 69.00 135
0.070968 66.00 930

0.404181 232.00 574
0.097059 33.00 340
0.381818 84.00 220
0.031579 6.00 190
0.186813 51.00 273

0.171521 53.00 309
0.367925 39.00 106
0.267139 113.00 423
0.187500 21.00 112
0.104972 76.00 724

0.032689 22.00 673
0.080732 75.00 929
0.260563 37.00 142
0.114286 12.00 105
0.610429 199.00 326

0.146226 31.00 212
0.090909 50.00 550
0.237374 141.00 594
0.186335 60.00 322
0.441441 98.00 222

0.237624 24.00 101
0.108878 65.00 597
0.077441 23.00 297
0.188679 20.00 106
0.490323 76.00 155

0.255172 37.00 145
0.074074 18.00 243
0.130952 33.00 252
0.465116 280.00 602
0.174194 27.00 155

0.305732 48.00 157
0.529412 270.00 510
0.027864 18.00 646
0.207627 196.00 944
0.030303 11.00 363

0.116618 40.00 343
0.710526 162.00 228
0.117998 99.00 839
0.012346 2.00 162
0.144611 106.00 733

0.336538 35.00 104
0.368217 95.00 258
0.008621 1.00 116
0.018244 16.00 877
0.369676 217.00 587

0.166667 57.00 342
0.150000 33.00 220
0.092683 19.00 205
0.620991 213.00 343
0.067961 7.00 103

0.152605 123.00 806
0.295918 261.00 882
0.006637 3.00 452
0.474240 359.00 757
0.170960 146.00 854

0.627660 118.00 188
0.166667 19.00 114
0.012552 6.00 478
0.024390 5.00 205
0.266036 253.00 951

0.052356 10.00 191
0.364035 166.00 456
0.146341 54.00 369
0.398458 310.00 778
0.139116 85.00 611

0.177966 21.00 118
0.122449 24.00 196
0.646383 563.00 871
0.148551 82.00 552
0.007519 3.00 399

0.048980 12.00 245
0.334038 158.00 473
0.441729 235.00 532
0.008929 2.00 224
0.266667 148.00 555

0.234783 108.00 460
0.513369 96.00 187
0.139059 136.00 978
0.186508 47.00 252
0.025678 18.00 701

0.522911 388.00 742
0.139932 41.00 293
0.317726 95.00 299
0.115854 19.00 164
0.003896 3.00 770

0.299120 102.00 341
0.188119 19.00 101
0.351916 202.00 574
0.017094 2.00 117
0.246637 55.00 223

0.013641 13.00 953
0.519417 107.00 206
0.402899 139.00 345
0.028302 3.00 106
0.133515 98.00 734

0.054054 6.00 111
0.532125 323.00 607
0.413167 364.00 881
0.072165 14.00 194
0.033175 7.00 211

0.129787 61.00 470
0.045045 5.00 111
0.100917 11.00 109
0.232899 143.00 614
0.588983 139.00 236

0.067050 35.00 522
0.336170 79.00 235
0.207627 98.00 472
0.407494 174.00 427
0.081744 30.00 367

0.432602 138.00 319
0.045181 15.00 332
0.015267 2.00 131
0.365385 133.00 364
0.236434 61.00 258

0.486726 220.00 452
0.139759 58.00 415
0.249175 151.00 606
0.027473 15.00 546
0.196005 157.00 801

0.207972 120.00 577
0.099099 44.00 444
0.743341 307.00 413
0.015532 13.00 837
0.035477 16.00 451

0.271540 208.00 766
0.178571 75.00 420
0.236842 36.00 152
0.176471 36.00 204
0.232804 44.00 189

0.221095 109.00 493
0.328709 308.00 937
0.473171 97.00 205
0.063342 47.00 742
0.015625 7.00 448

0.140187 15.00 107
0.817204 228.00 279
0.053292 51.00 957
0.079681 20.00 251
0.016632 8.00 481

0.005556 5.00 900
0.101900 59.00 579
0.327059 139.00 425
0.079208 24.00 303
0.587131 219.00 373

0.327150 194.00 593
0.143043 110.00 769
0.051724 6.00 116
0.146853 21.00 143
0.432624 61.00 141

0.219081 124.00 566
0.368715 66.00 179
0.307551 167.00 543
0.091097 44.00 483
0.111675 22.00 197

0.301105 109.00 362
0.202186 37.00 183
0.313725 32.00 102
0.011628 3.00 258
0.273885 43.00 157

0.424460 59.00 139
0.068249 23.00 337
0.503650 138.00 274
0.086364 19.00 220
0.014056 14.00 996

0.450820 55.00 122
0.087379 9.00 103
0.281287 236.00 839
0.256256 256.00 999
0.022124 5.00 226

0.260000 26.00 100
0.335714 47.00 140
0.160187 103.00 643
0.154913 134.00 865
0.194444 35.00 180

0.767857 215.00 280
0.139108 53.00 381
0.005319 3.00 564
0.122881 58.00 472
0.066308 37.00 558

0.216561 34.00 157
0.515873 65.00 126
0.160494 26.00 162
0.071429 33.00 462
0.136585 28.00 205

0.119658 14.00 117
0.130376 97.00 744
0.373984 46.00 123
0.229268 47.00 205
0.247119 193.00 781

0.360743 136.00 377
0.242991 26.00 107
0.071023 25.00 352
0.273312 85.00 311
0.153846 32.00 208

0.323834 125.00 386
0.421569 43.00 102
0.081081 12.00 148
0.189916 113.00 595
0.090323 14.00 155

0.344000 43.00 125
0.168285 52.00 309
0.406162 145.00 357
0.039337 19.00 483
0.138158 21.00 152

0.288136 68.00 236
0.067164 9.00 134
0.359375 184.00 512
0.277457 48.00 173
0.104449 54.00 517

0.262032 49.00 187
0.067164 9.00 134
0.637124 381.00 598
0.089701 27.00 301
0.046632 9.00 193

0.140288 39.00 278
0.022945 12.00 523
0.092199 26.00 282
0.266788 147.00 551
0.582857 102.00 175

0.091371 18.00 197
0.568345 237.00 417
0.308853 307.00 994
0.044218 39.00 882
0.088339 75.00 849

0.045226 9.00 199
0.192308 105.00 546
0.424427 278.00 655
0.173913 36.00 207
0.260274 38.00 146

0.507143 426.00 840
0.035156 9.00 256
0.165536 122.00 737
0.011050 2.00 181
0.380090 84.00 221

0.068345 19.00 278
0.047253 43.00 910
0.284542 208.00 731
0.466165 248.00 532
0.231441 106.00 458

0.114804 38.00 331
0.181818 62.00 341
0.094845 46.00 485
0.144000 18.00 125
0.558974 109.00 195

0.193211 74.00 383
0.256757 171.00 666
0.205952 173.00 840
0.229947 43.00 187
0.220183 24.00 109

0.123596 77.00 623
0.570000 57.00 100
0.097320 69.00 709
0.157770 133.00 843
0.148707 69.00 464

0.122642 13.00 106
0.189394 50.00 264
0.548217 415.00 757
0.144828 105.00 725
0.100917 11.00 109

0.055675 26.00 467
0.138249 30.00 217
0.662252 200.00 302
0.056497 20.00 354
0.189504 65.00 343

0.068441 18.00 263
0.101877 38.00 373
0.101198 76.00 751
0.097917 94.00 960
0.728762 712.00 977

0.141809 116.00 818
0.322767 112.00 347
0.279141 91.00 326
0.287500 184.00 640
0.069767 9.00 129

0.456599 384.00 841
0.230508 136.00 590
0.090226 48.00 532
0.125360 87.00 694
0.196989 157.00 797

0.024169 8.00 331
0.237942 148.00 622
0.416667 45.00 108
0.014540 9.00 619
0.406176 342.00 842

0.439834 212.00 482
0.171694 74.00 431
0.201646 49.00 243
0.268581 159.00 592
0.023392 4.00 171

0.182432 54.00 296
0.307692 40.00 130
0.045833 33.00 720
0.457143 64.00 140
0.104505 58.00 555

0.418274 412.00 985
0.058036 13.00 224
0.130097 67.00 515
0.008811 2.00 227
0.484663 79.00 163

0.623529 106.00 170
0.046667 7.00 150
0.105634 15.00 142
0.263543 180.00 683
0.055233 19.00 344

0.201481 136.00 675
0.010152 2.00 197
0.151351 28.00 185
0.503226 78.00 155
0.235772 29.00 123

0.226804 88.00 388
0.139630 68.00 487
0.523277 281.00 537
0.028335 24.00 847
0.187500 21.00 112

0.277937 97.00 349
0.131640 57.00 433
0.128205 30.00 234
0.135802 22.00 162
0.425000 289.00 680

0.210714 59.00 280
0.119601 36.00 301
0.340678 201.00 590
0.369935 283.00 765
0.061404 28.00 456

0.565789 129.00 228
0.138929 96.00 691
0.187831 71.00 378
0.178707 47.00 263
0.027586 20.00 725

0.161572 37.00 229
0.130482 119.00 912
0.085455 47.00 550
0.686717 274.00 399
0.037594 5.00 133

0.187166 140.00 748
0.375309 152.00 405
0.159420 22.00 138
0.373418 118.00 316
0.004141 2.00 483

0.086957 14.00 161
0.365854 45.00 123
0.218121 65.00 298
0.090047 19.00 211
0.334792 153.00 457

0.387665 264.00 681
0.282486 100.00 354
0.112500 18.00 160
0.281915 106.00 376
0.028846 6.00 208

0.126074 44.00 349
0.066148 17.00 257
0.525926 142.00 270
0.218391 38.00 174
0.171429 36.00 210

0.126984 16.00 126
0.280612 165.00 588
0.406154 132.00 325
0.039152 24.00 613
0.246512 106.00 430

0.187097 29.00 155
0.046358 7.00 151
0.588235 160.00 272
0.096927 41.00 423
0.178571 25.00 140

0.178218 18.00 101
0.017857 2.00 112
0.201320 61.00 303
0.612994 217.00 354
0.084337 21.00 249

0.422907 384.00 908
0.004914 2.00 407
0.333333 34.00 102
0.195402 119.00 609
0.139785 39.00 279

0.268868 57.00 212
0.251732 109.00 433
0.089552 72.00 804
0.402174 74.00 184
0.086806 25.00 288

0.197531 32.00 162
0.063973 19.00 297
0.580645 378.00 651
0.223642 70.00 313
0.033578 32.00 953

0.379085 58.00 153
0.091743 10.00 109
0.517350 164.00 317
0.048951 7.00 143
0.062147 22.00 354

0.273023 252.00 923
0.290584 179.00 616
0.053533 50.00 934
0.022585 18.00 797
0.459916 109.00 237

0.147761 99.00 670
0.054545 6.00 110
0.209677 130.00 620
0.387574 131.00 338
0.302326 52.00 172

0.184431 154.00 835
0.500816 307.00 613
0.115702 14.00 121
0.218182 36.00 165
0.077519 10.00 129

0.032882 17.00 517
0.148454 72.00 485
0.340741 46.00 135
0.148472 34.00 229
0.429530 64.00 149

0.352941 150.00 425
0.054276 33.00 608
0.138462 27.00 195
0.075342 11.00 146
0.484211 138.00 285

0.098404 37.00 376
0.304965 43.00 141
0.073171 12.00 164
0.359233 356.00 991
0.259109 64.00 247

0.121519 48.00 395
0.139474 106.00 760
0.445693 357.00 801
0.164199 122.00 743
0.229730 153.00 666

0.051823 27.00 521
0.004032 1.00 248
0.181818 60.00 330
0.763547 155.00 203
0.099576 47.00 472

0.033520 6.00 179
0.011665 11.00 943
0.561321 119.00 212
0.256881 28.00 109
0.235772 29.00 123

0.200000 25.00 125
0.407323 178.00 437
0.159645 72.00 451
0.284672 78.00 274
0.046980 7.00 149

0.439516 109.00 248
0.153614 51.00 332
0.066310 62.00 935
0.397380 91.00 229
0.045213 17.00 376

0.302778 109.00 360
0.081761 13.00 159
0.429658 113.00 263
0.131148 24.00 183
0.158055 104.00 658

0.001297 1.00 771
0.569579 528.00 927
0.438503 82.00 187
0.036232 5.00 138
0.050602 21.00 415

0.188095 79.00 420
0.425225 236.00 555
0.150000 15.00 100
0.262887 102.00 388
0.075758 70.00 924

0.065817 62.00 942
0.164103 32.00 195
0.056090 35.00 624
0.211640 40.00 189
0.602062 292.00 485

0.447648 295.00 659
0.043972 31.00 705
0.028986 12.00 414
0.153846 26.00 169
0.425993 118.00 277

0.164062 21.00 128
0.161290 25.00 155
0.478571 67.00 140
0.025434 22.00 865
0.262729 129.00 491

0.005068 3.00 592
0.166274 141.00 848
0.160944 150.00 932
0.751252 450.00 599
0.018072 3.00 166

0.233918 120.00 513
0.227468 53.00 233
0.118132 43.00 364
0.496183 130.00 262
0.027273 24.00 880

0.075758 10.00 132
0.077922 12.00 154
0.302222 68.00 225
0.028302 15.00 530
0.612546 166.00 271

0.236641 31.00 131
0.227642 56.00 246
0.089744 21.00 234
0.150754 30.00 199
0.396721 121.00 305

0.070000 14.00 200
0.284672 78.00 274
0.391304 333.00 851
0.127049 31.00 244
0.222930 35.00 157

0.052192 25.00 479
0.377809 269.00 712
0.124538 101.00 811
0.419355 78.00 186
0.126214 13.00 103

0.085714 21.00 245
0.261364 46.00 176
0.593220 70.00 118
0.055690 23.00 413
0.111111 29.00 261

0.136069 63.00 463
0.019778 16.00 809
0.348148 47.00 135
0.394161 54.00 137
0.208609 63.00 302

0.083815 58.00 692
0.381188 154.00 404
0.329412 56.00 170
0.165939 38.00 229
0.138075 33.00 239

0.246269 33.00 134
0.500000 87.00 174
0.007833 3.00 383
0.033981 7.00 206
0.311927 34.00 109

0.041237 8.00 194
0.394464 114.00 289
0.588822 295.00 501
0.069507 31.00 446
0.003663 1.00 273

0.204007 112.00 549
0.219545 164.00 747
0.068736 31.00 451
0.025862 6.00 232
0.582979 137.00 235

0.369427 58.00 157
0.030303 4.00 132
0.452381 76.00 168
0.155405 23.00 148
0.096990 87.00 897

0.087838 13.00 148
0.079646 9.00 113
0.322581 210.00 651
0.210145 29.00 138
0.401766 364.00 906

0.053254 27.00 507
0.685039 87.00 127
0.190476 20.00 105
0.035874 24.00 669
0.136986 80.00 584

0.081829 68.00 831
0.522727 92.00 176
0.039326 21.00 534
0.290488 226.00 778
0.168317 34.00 202

0.048309 10.00 207
0.009063 3.00 331
0.701987 212.00 302
0.231214 40.00 173
0.106707 35.00 328

0.208696 72.00 345
0.276106 156.00 565
0.013223 8.00 605
0.222222 26.00 117
0.378676 206.00 544

0.278689 34.00 122
0.260606 43.00 165
0.146341 42.00 287
0.209524 22.00 105
0.202020 60.00 297

0.189024 31.00 164
0.767717 195.00 254
0.009554 3.00 314
0.130435 15.00 115
0.001558 1.00 642

0.413793 96.00 232
0.154545 102.00 660
0.086316 82.00 950
0.396135 82.00 207
0.050776 36.00 709

0.469444 169.00 360
0.050114 22.00 439
0.173815 77.00 443
0.268349 117.00 436
0.137417 83.00 604

0.357778 161.00 450
0.363426 157.00 432
0.197957 155.00 783
0.101351 15.00 148
0.072464 10.00 138

0.043103 10.00 232
0.007634 3.00 393
0.163522 52.00 318
0.372654 139.00 373
0.513514 57.00 111

0.045045 30.00 666
0.442021 385.00 871
0.348739 83.00 238
0.083333 18.00 216
0.184758 80.00 433

0.326226 306.00 938
0.069565 16.00 230
0.142259 68.00 478
0.360721 180.00 499
0.201018 79.00 393

0.552632 84.00 152
0.007233 4.00 553
0.151934 55.00 362
0.101732 47.00 462
0.282828 56.00 198

0.190476 48.00 252
0.139296 95.00 682
0.248649 46.00 185
0.453532 122.00 269
0.066104 47.00 711

0.046243 8.00 173
0.309160 81.00 262
0.064828 47.00 725
0.070875 64.00 903
0.607570 305.00 502

0.159184 78.00 490
0.296154 77.00 260
0.300766 157.00 522
0.128049 42.00 328
0.214286 99.00 462

0.038760 5.00 129
0.038462 7.00 182
0.054242 39.00 719
0.713755 192.00 269
0.258352 116.00 449

0.066038 21.00 318
0.069307 28.00 404
0.433198 107.00 247
0.461794 139.00 301
0.067416 12.00 178

0.021053 6.00 285
0.316092 55.00 174
0.333333 51.00 153
0.240190 202.00 841
0.192691 58.00 301

0.005587 1.00 179
0.544715 268.00 492
0.230000 23.00 100
0.227273 30.00 132
0.094293 38.00 403

0.578431 59.00 102
0.098361 54.00 549
0.333333 211.00 633
0.021898 3.00 137
0.068111 22.00 323

0.061404 7.00 114
0.179167 43.00 240
0.024485 19.00 776
0.480519 111.00 231
0.360656 44.00 122

0.284722 123.00 432
0.540710 518.00 958
0.076271 9.00 118
0.111842 34.00 304
0.083205 54.00 649

0.044728 14.00 313
0.128205 50.00 390
0.372285 360.00 967
0.378641 39.00 103
0.176471 30.00 170

0.305228 181.00 593
0.056604 12.00 212
0.400754 319.00 796
0.057143 6.00 105
0.279133 103.00 369

0.040900 20.00 489
0.216080 215.00 995
0.305556 55.00 180
0.490132 149.00 304
0.050955 8.00 157

0.188352 152.00 807
0.286957 33.00 115
0.107050 41.00 383
0.145833 98.00 672
0.371212 147.00 396

0.027888 7.00 251
0.223301 23.00 103
0.077178 70.00 907
0.195122 88.00 451
0.571856 191.00 334

0.298077 93.00 312
0.113744 24.00 211
0.560386 116.00 207
0.089744 14.00 156
0.038251 7.00 183

0.261053 124.00 475
0.277523 121.00 436
0.371429 39.00 105
0.034483 25.00 725
0.151724 22.00 145

0.679887 240.00 353
0.075472 8.00 106
0.052174 6.00 115
0.238095 25.00 105
0.057692 9.00 156

0.110294 15.00 136
0.061856 12.00 194
0.094340 20.00 212
0.800995 161.00 201
0.034298 32.00 933

0.618881 177.00 286
0.277852 207.00 745
0.041096 6.00 146
0.069149 26.00 376
0.092715 14.00 151

0.045872 5.00 109
0.350000 49.00 140
0.435484 270.00 620
0.082450 70.00 849
0.181347 35.00 193

0.064000 8.00 125
0.177249 67.00 378
0.076923 28.00 364
0.379032 94.00 248
0.400794 101.00 252

0.114286 44.00 385
0.051482 33.00 641
0.134199 31.00 231
0.490698 211.00 430
0.306620 88.00 287

0.175299 44.00 251
0.131737 22.00 167
0.694828 403.00 580
0.047244 6.00 127
0.052687 50.00 949

0.177419 77.00 434
0.125000 15.00 120
0.554180 179.00 323
0.049438 22.00 445
0.198113 21.00 106

0.083333 10.00 120
0.343115 304.00 886
0.487685 198.00 406
0.025105 6.00 239
0.162651 27.00 166

0.196364 54.00 275
0.183183 61.00 333
0.196970 78.00 396
0.245033 148.00 604
0.278250 229.00 823

0.138060 74.00 536
0.729282 132.00 181
0.050388 13.00 258
0.054688 21.00 384
0.123377 114.00 924

0.430909 237.00 550
0.271930 155.00 570
0.150235 32.00 213
0.014423 6.00 416
0.232609 107.00 460

0.093484 33.00 353
0.144781 86.00 594
0.279245 74.00 265
0.028689 7.00 244
0.555066 126.00 227

0.193717 37.00 191
0.449251 270.00 601
0.052109 21.00 403
0.359223 37.00 103
0.046025 22.00 478

0.011628 3.00 258
0.074890 51.00 681
0.429371 307.00 715
0.522727 69.00 132
0.060345 28.00 464

0.655629 99.00 151
0.272727 39.00 143
0.155963 102.00 654
0.003695 3.00 812
0.009050 2.00 221

0.162921 29.00 178
0.071429 31.00 434
0.276190 29.00 105
0.242147 185.00 764
0.347938 135.00 388

0.067961 7.00 103
0.154791 126.00 814
0.318102 181.00 569
0.394595 73.00 185
0.167553 63.00 376

0.053952 43.00 797
0.077495 73.00 942
0.561173 555.00 989
0.333333 59.00 177
0.072727 8.00 110

0.106250 85.00 800
0.116554 69.00 592
0.126214 26.00 206
0.428571 105.00 245
0.319672 117.00 366

0.057143 14.00 245
0.325792 72.00 221
0.059233 51.00 861
0.506329 120.00 237
0.151303 151.00 998

0.102740 30.00 292
0.112299 42.00 374
0.626667 188.00 300
0.223108 56.00 251
0.032895 10.00 304

0.166329 82.00 493
0.233813 65.00 278
0.376000 47.00 125
0.016393 2.00 122
0.307947 93.00 302

0.366460 59.00 161
0.051471 7.00 136
0.325768 244.00 749
0.009901 1.00 101
0.346890 145.00 418

0.191358 93.00 486
0.264943 164.00 619
0.349462 130.00 372
0.173077 27.00 156
0.116071 13.00 112

0.195387 144.00 737
0.196532 34.00 173
0.109756 18.00 164
0.562212 122.00 217
0.041975 17.00 405

0.329114 78.00 237
0.131915 31.00 235
0.275660 188.00 682
0.052632 8.00 152
0.312500 65.00 208

0.160643 40.00 249
0.060159 53.00 881
0.298319 71.00 238
0.325234 174.00 535
0.255814 33.00 129

0.149485 29.00 194
0.249275 86.00 345
0.119804 49.00 409
0.023121 12.00 519
0.560694 194.00 346

0.239130 55.00 230
0.032723 25.00 764
0.081522 15.00 184
0.480454 381.00 793
0.265723 169.00 636

0.050733 45.00 887
0.014970 5.00 334
0.111888 16.00 143
0.488834 197.00 403
0.435356 165.00 379

0.332402 119.00 358
0.330882 270.00 816
0.055556 28.00 504
0.139535 18.00 129
0.243931 211.00 865

0.355330 70.00 197
0.020725 4.00 193
0.516129 192.00 372
0.186567 25.00 134
0.023292 15.00 644

0.487701 456.00 935
0.016779 10.00 596
0.235023 51.00 217
0.240143 67.00 279
0.118421 36.00 304

0.266055 29.00 109
0.291262 30.00 103
0.061058 45.00 737
0.209091 23.00 110
0.277228 28.00 101

0.115942 56.00 483
0.148148 20.00 135
0.080000 10.00 125
0.627778 226.00 360
0.125708 111.00 883

0.101961 26.00 255
0.256579 39.00 152
0.451031 350.00 776
0.112554 52.00 462
0.183333 121.00 660

0.242424 32.00 132
0.016854 3.00 178
0.159145 67.00 421
0.523810 121.00 231
0.155689 26.00 167

0.228659 75.00 328
0.124113 35.00 282
0.279487 109.00 390
0.452555 124.00 274
0.018307 8.00 437

0.100000 39.00 390
0.098901 18.00 182
0.271676 47.00 173
0.480000 132.00 275
0.152216 79.00 519

0.435576 382.00 877
0.117438 99.00 843
0.166667 141.00 846
0.208589 34.00 163
0.170103 66.00 388

0.532847 73.00 137
0.230982 167.00 723
0.067308 14.00 208
0.045290 25.00 552
0.225410 55.00 244

0.220339 65.00 295
0.141593 16.00 113
0.610909 168.00 275
0.032319 17.00 526
0.085938 11.00 128

0.038551 33.00 856
0.132609 61.00 460
0.739003 252.00 341
0.032432 6.00 185
0.157068 30.00 191

0.060000 9.00 150
0.126531 31.00 245
0.444772 302.00 679
0.042254 15.00 355
0.431421 346.00 802

0.097297 18.00 185
0.490909 81.00 165
0.167756 77.00 459
0.211696 181.00 855
0.129032 104.00 806

0.139810 59.00 422
0.103604 23.00 222
0.686217 234.00 341
0.047619 5.00 105
0.125828 19.00 151

0.002755 2.00 726
0.196970 26.00 132
0.627451 128.00 204
0.255784 199.00 778
0.012887 10.00 776

0.111413 41.00 368
0.272171 267.00 981
0.014286 2.00 140
0.476440 91.00 191
0.225532 53.00 235

0.066901 19.00 284
0.012000 3.00 250
0.865591 161.00 186
0.067857 38.00 560
0.084507 12.00 142

0.102767 26.00 253
0.088889 24.00 270
0.275362 38.00 138
0.323988 104.00 321
0.310116 187.00 603

0.376028 320.00 851
0.250836 75.00 299
0.042403 12.00 283
0.240271 142.00 591
0.190909 84.00 440

0.070750 67.00 947
0.234513 53.00 226
0.058172 21.00 361
0.337838 50.00 148
0.400000 42.00 105

0.235955 42.00 178
0.004115 1.00 243
0.286290 71.00 248
0.385220 245.00 636
0.190601 73.00 383

0.292517 129.00 441
0.029126 3.00 103
0.183007 84.00 459
0.056277 13.00 231
0.533264 513.00 962

0.334056 154.00 461
0.329787 124.00 376
0.091195 29.00 318
0.304124 59.00 194
0.043716 8.00 183

0.361194 121.00 335
0.033613 24.00 714
0.003333 1.00 300
0.256376 191.00 745
0.446172 373.00 836

0.291990 113.00 387
0.042254 15.00 355
0.037594 5.00 133
0.550132 417.00 758
0.179032 111.00 620

0.016641 11.00 661
0.026549 3.00 113
0.278261 32.00 115
0.148936 56.00 376
0.622807 568.00 912

0.047210 11.00 233
0.288298 271.00 940
0.240375 231.00 961
0.328000 82.00 250
0.198718 124.00 624

0.673077 105.00 156
0.171429 18.00 105
0.088529 71.00 802
0.066667 20.00 300
0.094017 33.00 351

0.573209 184.00 321
0.025000 3.00 120
0.009494 6.00 632
0.402490 97.00 241
0.089431 22.00 246

0.102339 35.00 342
0.031008 4.00 129
0.178530 153.00 857
0.540541 120.00 222
0.247525 25.00 101

0.111450 73.00 655
0.256637 58.00 226
0.035831 11.00 307
0.396985 79.00 199
0.294805 227.00 770

0.114943 80.00 696
0.074534 12.00 161
0.634615 231.00 364
0.049505 5.00 101
0.225275 41.00 182

0.120582 58.00 481
0.033803 24.00 710
0.034826 7.00 201
0.787485 667.00 847
0.122613 122.00 995

0.021978 4.00 182
0.096525 75.00 777
0.560748 60.00 107
0.327434 37.00 113
0.094737 36.00 380

0.155440 30.00 193
0.026087 3.00 115
0.310127 294.00 948
0.167582 61.00 364
0.440476 74.00 168

0.042553 36.00 846
0.403846 42.00 104
0.097938 19.00 194
0.342159 336.00 982
0.205000 41.00 200

0.038130 31.00 813
0.144068 17.00 118
0.531165 196.00 369
0.035948 11.00 306
0.353627 273.00 772

0.114943 20.00 174
0.010949 6.00 548
0.334365 108.00 323
0.610063 97.00 159
0.032787 4.00 122

0.627364 564.00 899
0.146497 23.00 157
0.231034 67.00 290
0.069565 8.00 115
0.023810 3.00 126

0.335135 186.00 555
0.292683 36.00 123
0.060811 27.00 444
0.059006 19.00 322
0.349701 292.00 835

0.124031 16.00 129
0.024272 10.00 412
0.158416 16.00 101
0.666667 74.00 111
0.117737 77.00 654

0.200426 94.00 469
0.271186 32.00 118
0.040302 16.00 397
0.334239 246.00 736
0.254144 46.00 181

0.056180 15.00 267
0.267626 186.00 695
0.386252 236.00 611
0.233861 192.00 821
0.158501 55.00 347

0.113475 16.00 141
0.006696 3.00 448
0.352332 272.00 772
0.183007 28.00 153
0.441667 53.00 120

0.334646 85.00 254
0.151515 50.00 330
0.012072 6.00 497
0.066667 9.00 135
0.538302 260.00 483

0.090361 15.00 166
0.173620 129.00 743
0.126338 59.00 467
0.180124 29.00 161
0.525641 164.00 312

0.015075 3.00 199
0.787709 141.00 179
0.159794 124.00 776
0.078431 12.00 153
0.058166 26.00 447

0.002247 1.00 445
0.270270 30.00 111
0.148789 86.00 578
0.401349 238.00 593
0.275556 62.00 225

0.108808 84.00 772
0.216814 49.00 226
0.307278 114.00 371
0.238095 40.00 168
0.230469 59.00 256

0.043406 26.00 599
0.411960 124.00 301
0.310734 55.00 177
0.126437 33.00 261
0.208000 26.00 125

0.517588 206.00 398
0.058411 25.00 428
0.228487 77.00 337
0.283019 30.00 106
0.011611 8.00 689

0.110638 26.00 235
0.153173 70.00 457
0.208469 128.00 614
0.051282 8.00 156
0.580247 94.00 162

0.618812 125.00 202
0.091371 18.00 197
0.105485 25.00 237
0.104218 42.00 403
0.181435 172.00 948

0.004975 1.00 201
0.432161 430.00 995
0.337662 52.00 154
0.118952 59.00 496
0.206107 81.00 393

0.310345 207.00 667
0.118644 28.00 236
0.549763 116.00 211
0.084112 18.00 214
0.038647 8.00 207

0.126190 53.00 420
0.302632 69.00 228
0.189860 176.00 927
0.467980 285.00 609
0.016000 2.00 125

0.772532 180.00 233
0.009174 2.00 218
0.138462 18.00 130
0.051724 6.00 116
0.136752 16.00 117

0.315789 42.00 133
0.133621 31.00 232
0.500000 282.00 564
0.140449 50.00 356
0.004926 1.00 203

0.007075 3.00 424
0.286697 125.00 436
0.574257 406.00 707
0.223485 118.00 528
0.007143 3.00 420

0.075145 13.00 173
0.047170 5.00 106
0.247899 59.00 238
0.175603 131.00 746
0.558282 91.00 163

0.209302 27.00 129
0.061674 14.00 227
0.704000 88.00 125
0.036232 5.00 138
0.092243 88.00 954

0.123239 35.00 284
0.624779 353.00 565
0.019704 16.00 812
0.105611 96.00 909
0.224000 112.00 500

0.282443 37.00 131
0.020979 3.00 143
0.415094 44.00 106
0.052899 52.00 983
0.328767 264.00 803

0.065217 24.00 368
0.607143 459.00 756
0.071895 33.00 459
0.014388 2.00 139
0.342857 36.00 105

0.343348 80.00 233
0.185759 60.00 323
0.100340 59.00 588
0.135983 65.00 478
0.333333 92.00 276

0.504065 248.00 492
0.202073 39.00 193
0.112245 77.00 686
0.116216 43.00 370
0.165049 51.00 309

0.303303 101.00 333
0.170874 88.00 515
0.246518 177.00 718
0.060086 14.00 233
0.318182 35.00 110

0.120556 78.00 647
0.156134 126.00 807
0.305310 69.00 226
0.053571 6.00 112
0.466667 84.00 180

0.452055 231.00 511
0.095694 20.00 209
0.020040 20.00 998
0.045455 7.00 154
0.486792 129.00 265

0.104000 13.00 125
0.218310 31.00 142
0.076923 74.00 962
0.678715 169.00 249
0.017341 3.00 173

0.168539 30.00 178
0.190123 77.00 405
0.307847 153.00 497
0.295082 162.00 549
0.139423 58.00 416

0.142259 34.00 239
0.132159 30.00 227
0.686275 70.00 102
0.034722 5.00 144
0.108434 27.00 249

0.200546 147.00 733
0.013216 3.00 227
0.222749 47.00 211
0.192308 30.00 156
0.468468 312.00 666

0.059603 9.00 151
0.039164 15.00 383
0.238806 32.00 134
0.209003 65.00 311
0.552147 180.00 326

0.007435 2.00 269
0.121827 72.00 591
0.337580 212.00 628
0.259259 28.00 108
0.375796 59.00 157

0.056373 23.00 408
0.258170 79.00 306
0.034056 11.00 323
0.630390 307.00 487
0.120661 73.00 605

0.650498 523.00 804
0.079787 45.00 564
0.080460 28.00 348
0.139186 130.00 934
0.149321 66.00 442

0.326923 289.00 884
0.009434 2.00 212
0.311404 71.00 228
0.245098 100.00 408
0.207254 80.00 386

0.523132 147.00 281
0.018443 9.00 488
0.219828 51.00 232
0.287356 75.00 261
0.053435 14.00 262

0.353774 150.00 424
0.444724 177.00 398
0.059322 14.00 236
0.109890 30.00 273
0.134328 18.00 134

0.289720 31.00 107
0.334190 130.00 389
0.200837 48.00 239
0.088496 20.00 226
0.192500 77.00 400

0.056261 31.00 551
0.129412 22.00 170
0.096220 28.00 291
0.544872 85.00 156
0.273846 89.00 325

0.105058 54.00 514
0.020408 5.00 245
0.154762 39.00 252
0.628571 154.00 245
0.188571 132.00 700

0.147541 18.00 122
0.114286 16.00 140
0.533898 126.00 236
0.070524 39.00 553
0.238434 67.00 281

0.237624 24.00 101
0.079279 44.00 555
0.624309 113.00 181
0.100000 26.00 260
0.060255 52.00 863

0.214286 30.00 140
0.231707 57.00 246
0.434783 120.00 276
0.126761 108.00 852
0.089595 31.00 346

0.114391 31.00 271
0.099602 75.00 753
0.240343 56.00 233
0.518116 143.00 276
0.123810 104.00 840

0.142857 30.00 210
0.184211 21.00 114
0.170940 40.00 234
0.313725 32.00 102
0.282468 174.00 616

0.094828 11.00 116
0.125984 16.00 127
0.136364 21.00 154
0.344828 80.00 232
0.396226 42.00 106

0.029354 15.00 511
0.103020 58.00 563
0.130539 109.00 835
0.367089 58.00 158
0.473270 301.00 636

0.036913 11.00 298
0.045714 32.00 700
0.512821 60.00 117
0.344969 168.00 487
0.162679 34.00 209

0.074866 14.00 187
0.605263 253.00 418
0.283333 153.00 540
0.042840 35.00 817
0.095662 86.00 899

0.041494 20.00 482
0.280769 73.00 260
0.432161 86.00 199
0.330275 36.00 109
0.013187 6.00 455

0.077936 71.00 911
0.608595 524.00 861
0.095161 59.00 620
0.095189 93.00 977
0.225806 35.00 155

0.243243 81.00 333
0.275720 67.00 243
0.039841 10.00 251
0.516014 145.00 281
0.025743 13.00 505

0.342105 156.00 456
0.107895 41.00 380
0.229508 84.00 366
0.263077 171.00 650
0.158974 155.00 975

0.237643 125.00 526
0.088722 59.00 665
0.036364 6.00 165
0.511111 161.00 315
0.228972 98.00 428

0.522876 80.00 153
0.186770 144.00 771
0.034783 12.00 345
0.135011 59.00 437
0.215686 44.00 204

0.003096 1.00 323
0.044903 37.00 824
0.335366 165.00 492
0.407547 108.00 265
0.312285 272.00 871

0.277778 45.00 162
0.033946 24.00 707
0.158095 83.00 525
0.309735 35.00 113
0.320527 292.00 911

0.323171 53.00 164
0.011594 8.00 690
0.221080 86.00 389
0.443609 59.00 133
0.101281 87.00 859

0.077869 19.00 244
0.049676 46.00 926
0.179104 24.00 134
0.038314 10.00 261
0.758953 551.00 726

0.153005 84.00 549
0.157143 66.00 420
0.158879 17.00 107
0.086957 14.00 161
0.547368 208.00 380

0.035874 16.00 446
0.177254 173.00 976
0.532796 463.00 869
0.116327 57.00 490
0.236395 139.00 588

0.367220 177.00 482
0.012526 6.00 479
0.500000 193.00 386
0.001218 1.00 821
0.219880 73.00 332

0.167053 72.00 431
0.027426 13.00 474
0.135650 121.00 892
0.373396 320.00 857
0.395023 254.00 643

0.110000 11.00 100
0.246479 35.00 142
0.537190 65.00 121
0.145270 86.00 592
0.063830 24.00 376

0.701133 495.00 706
0.005435 2.00 368
0.214286 57.00 266
0.034247 5.00 146
0.138614 14.00 101

0.238562 73.00 306
0.362832 41.00 113
0.178862 22.00 123
0.253061 62.00 245
0.063063 14.00 222

0.016529 8.00 484
0.363636 208.00 572
0.259516 75.00 289
0.054545 6.00 110
0.404255 76.00 188

0.468785 413.00 881
0.370236 204.00 551
0.004950 1.00 202
0.116505 24.00 206
0.141058 56.00 397

0.397284 234.00 589
0.114286 24.00 210
0.288344 94.00 326
0.089450 39.00 436
0.210526 48.00 228

0.421788 151.00 358
0.208481 177.00 849
0.203540 23.00 113
0.093407 17.00 182
0.170000 34.00 200

0.516646 419.00 811
0.014124 5.00 354
0.380769 297.00 780
0.092511 21.00 227
0.094444 85.00 900

0.600299 401.00 668
0.018987 6.00 316
0.188119 19.00 101
0.176829 29.00 164
0.115385 15.00 130

0.023614 23.00 974
0.604082 148.00 245
0.080402 16.00 199
0.347826 40.00 115
0.042781 8.00 187

0.388889 42.00 108
0.056040 45.00 803
0.054054 6.00 111
0.125899 35.00 278
0.476978 404.00 847

0.145729 29.00 199
0.304985 104.00 341
0.086207 10.00 116
0.175000 154.00 880
0.393443 168.00 427

0.567982 259.00 456
0.050691 11.00 217
0.283019 30.00 106
0.117021 22.00 188
0.081081 9.00 111

0.361538 47.00 130
0.097561 12.00 123
0.140401 49.00 349
0.356846 172.00 482
0.147567 94.00 637

0.180392 46.00 255
0.205714 36.00 175
0.192982 33.00 171
0.106195 12.00 113
0.410596 62.00 151

0.115479 47.00 407
0.051282 8.00 156
0.455357 102.00 224
0.014634 3.00 205
0.459064 157.00 342

0.377358 40.00 106
0.323944 115.00 355
0.322034 38.00 118
0.038997 14.00 359
0.032197 17.00 528

0.174545 48.00 275
0.017123 5.00 292
0.044444 10.00 225
0.038710 6.00 155
0.828125 371.00 448

0.057516 44.00 765
0.116071 13.00 112
0.156740 50.00 319
0.319588 62.00 194
0.448609 371.00 827

0.017986 5.00 278
0.010090 9.00 892
0.152717 104.00 681
0.120000 24.00 200
0.801802 89.00 111

0.146688 93.00 634
0.250000 68.00 272
0.027174 5.00 184
0.469767 303.00 645
0.203947 31.00 152

0.058824 10.00 170
0.224138 65.00 290
0.390135 174.00 446
0.201299 186.00 924
0.224090 160.00 714

0.808362 232.00 287
0.015038 2.00 133
0.040217 37.00 920
0.071823 39.00 543
0.165899 36.00 217

0.247191 66.00 267
0.124481 30.00 241
0.162884 122.00 749
0.512438 206.00 402
0.052083 30.00 576

0.184162 100.00 543
0.386520 281.00 727
0.233831 47.00 201
0.178571 35.00 196
0.119048 40.00 336

0.020000 12.00 600
0.005445 3.00 551
0.264507 196.00 741
0.510978 256.00 501
0.299735 226.00 754

0.080000 52.00 650
0.308017 73.00 237
0.261261 58.00 222
0.401434 112.00 279
0.048309 30.00 621

0.219048 23.00 105
0.586826 98.00 167
0.184615 156.00 845
0.080357 36.00 448
0.030769 10.00 325

0.030303 23.00 759
0.376176 120.00 319
0.153846 36.00 234
0.460784 47.00 102
0.073034 13.00 178

0.283619 116.00 409
0.060484 15.00 248
0.267296 170.00 636
0.446108 149.00 334
0.042141 37.00 878

0.017857 4.00 224
0.416456 329.00 790
0.242718 125.00 515
0.056911 14.00 246
0.367089 58.00 158

0.150000 54.00 360
0.454441 394.00 867
0.136080 109.00 801
0.215496 89.00 413
0.146552 34.00 232

0.406250 78.00 192
0.445455 49.00 110
0.168224 36.00 214
0.049020 5.00 102
0.032483 14.00 431

0.079734 24.00 301
0.631148 77.00 122
0.022022 22.00 999
0.337284 313.00 928
0.030568 14.00 458

0.039604 4.00 101
0.547826 63.00 115
0.150442 17.00 113
0.237164 97.00 409
0.122664 105.00 856

0.124138 36.00 290
0.131148 16.00 122
0.189055 38.00 201
0.321168 44.00 137
0.335404 108.00 322

0.686528 265.00 386
0.200000 145.00 725
0.022161 8.00 361
0.181818 24.00 132
0.007937 1.00 126

0.078947 12.00 152
0.026178 10.00 382
0.322410 305.00 946
0.510511 340.00 666
0.156250 20.00 128

0.014184 2.00 141
0.171329 49.00 286
0.236813 211.00 891
0.633540 102.00 161
0.047198 16.00 339

0.117450 105.00 894
0.400709 113.00 282
0.420749 146.00 347
0.064220 7.00 109
0.091160 33.00 362

0.088235 12.00 136
0.228758 35.00 153
0.140162 104.00 742
0.382488 83.00 217
0.253807 50.00 197

0.163194 94.00 576
0.136752 16.00 117
0.467554 281.00 601
0.077098 34.00 441
0.252903 196.00 775

0.500000 118.00 236
0.052478 18.00 343
0.303797 48.00 158
0.014493 3.00 207
0.228070 26.00 114

0.582734 243.00 417
0.092896 17.00 183
0.041667 5.00 120
0.009009 3.00 333
0.379147 80.00 211

0.339489 239.00 704
0.288462 45.00 156
0.145985 20.00 137
0.315789 66.00 209
0.011957 11.00 920

0.013793 4.00 290
0.140049 57.00 407
0.388211 191.00 492
0.417736 358.00 857
0.139501 95.00 681

0.286195 85.00 297
0.068323 11.00 161
0.166667 33.00 198
0.046729 10.00 214
0.529979 495.00 934

0.482955 85.00 176
0.034653 7.00 202
0.306748 100.00 326
0.243697 87.00 357
0.028796 11.00 382

0.136986 90.00 657
0.393939 91.00 231
0.012295 3.00 244
0.163333 49.00 300
0.393393 131.00 333

0.046474 29.00 624
0.780952 164.00 210
0.115044 13.00 113
0.097633 66.00 676
0.062500 8.00 128

0.082031 42.00 512
0.108108 68.00 629
0.401515 53.00 132
0.229167 33.00 144
0.274112 54.00 197

0.234421 158.00 674
0.272374 210.00 771
0.141935 44.00 310
0.041096 18.00 438
0.409736 202.00 493

0.016717 11.00 658
0.140234 84.00 599
0.084677 21.00 248
0.283186 32.00 113
0.574866 215.00 374

0.161290 35.00 217
0.509852 414.00 812
0.009709 1.00 103
0.169533 69.00 407
0.245714 86.00 350

0.041096 6.00 146
0.443038 105.00 237
0.316000 316.00 1000
0.091121 39.00 428
0.205607 44.00 214

0.011364 2.00 176
0.239583 92.00 384
0.349738 334.00 955
0.169054 59.00 349
0.326923 34.00 104

0.277040 146.00 527
0.074324 11.00 148
0.412698 104.00 252
0.257525 77.00 299
0.079585 23.00 289

0.183284 125.00 682
0.356364 98.00 275
0.309735 35.00 113
0.182857 64.00 350
0.066667 8.00 120

0.094225 62.00 658
0.046053 7.00 152
0.260234 89.00 342
0.043321 12.00 277
0.661017 546.00 826

0.071028 38.00 535
0.145617 98.00 673
0.400000 44.00 110
0.153992 81.00 526
0.328790 193.00 587

0.260606 43.00 165
0.041322 5.00 121
0.412621 255.00 618
0.240223 43.00 179
0.141093 80.00 567

0.235849 75.00 318
0.143541 30.00 209
0.083650 22.00 263
0.429379 152.00 354
0.210526 200.00 950

0.158879 17.00 107
0.289189 107.00 370
0.210835 144.00 683
0.063063 7.00 111
0.375194 242.00 645

0.155844 24.00 154
0.124153 55.00 443
0.470833 113.00 240
0.135593 24.00 177
0.212944 102.00 479

0.219076 147.00 671
0.229839 114.00 496
0.517483 74.00 143
0.101064 38.00 376
0.033033 22.00 666

0.300000 75.00 250
0.393782 152.00 386
0.100000 13.00 130
0.153974 93.00 604
0.155080 29.00 187

0.054726 11.00 201
0.374663 139.00 371
0.157837 143.00 906
0.032468 5.00 154
0.484043 455.00 940

0.036530 24.00 657
0.354125 176.00 497
0.439130 101.00 230
0.217213 53.00 244
0.053846 21.00 390

0.046070 17.00 369
0.331507 242.00 730
0.368771 111.00 301
0.205357 46.00 224
0.148256 51.00 344

0.078571 11.00 140
0.504065 62.00 123
0.359813 77.00 214
0.103030 17.00 165
0.055556 47.00 846

0.575221 65.00 113
0.174834 132.00 755
0.177143 31.00 175
0.094891 26.00 274
0.082927 17.00 205

0.189189 49.00 259
0.142105 27.00 190
0.054286 19.00 350
0.219355 68.00 310
0.496410 484.00 975

0.108911 11.00 101
0.431325 179.00 415
0.014286 2.00 140
0.430000 43.00 100
0.117978 21.00 178

0.205607 22.00 107
0.014663 5.00 341
0.208015 109.00 524
0.091765 39.00 425
0.578571 81.00 140

0.208589 34.00 163
0.571930 163.00 285
0.267159 253.00 947
0.022453 13.00 579
0.032319 17.00 526

0.635236 256.00 403
0.006410 1.00 156
0.027923 16.00 573
0.175258 85.00 485
0.259352 104.00 401

0.173780 57.00 328
0.306373 125.00 408
0.336257 115.00 342
0.025424 3.00 118
0.264151 84.00 318

0.209354 188.00 898
0.019355 3.00 155
0.379147 80.00 211
0.345455 76.00 220
0.148438 19.00 128

0.127027 47.00 370
0.112821 88.00 780
0.490566 182.00 371
0.116667 84.00 720
0.253444 92.00 363

0.459854 63.00 137
0.543269 339.00 624
0.027132 7.00 258
0.004184 3.00 717
0.059701 8.00 134

0.037915 8.00 211
0.193798 25.00 129
0.534121 407.00 762
0.262231 134.00 511
0.073529 20.00 272

0.505929 128.00 253
0.386617 312.00 807
0.119186 41.00 344
0.061611 13.00 211
0.023560 9.00 382

0.019608 6.00 306
0.247748 55.00 222
0.147436 23.00 156
0.587822 251.00 427
0.098551 34.00 345

0.031847 10.00 314
0.483254 101.00 209
0.200000 20.00 100
0.147518 104.00 705
0.240000 30.00 125

0.129310 75.00 580
0.023166 6.00 259
0.446347 391.00 876
0.307087 39.00 127
0.195122 40.00 205

0.209366 76.00 363
0.460526 140.00 304
0.050599 38.00 751
0.313725 64.00 204
0.064220 14.00 218

0.086860 39.00 449
0.216346 90.00 416
0.276596 143.00 517
0.482759 84.00 174
0.035469 31.00 874

0.214592 50.00 233
0.329114 52.00 158
0.089552 12.00 134
0.298658 178.00 596
0.161905 17.00 105

0.119205 72.00 604
0.183752 95.00 517
0.035714 25.00 700
0.428044 116.00 271
0.333333 80.00 240

0.183333 33.00 180
0.047532 26.00 547
0.127596 43.00 337
0.412979 140.00 339
0.328042 62.00 189

0.289963 156.00 538
0.243243 27.00 111
0.145455 32.00 220
0.040000 8.00 200
0.384910 301.00 782

0.094340 10.00 106
0.048387 9.00 186
0.183051 54.00 295
0.133070 101.00 759
0.642857 108.00 168

0.207317 68.00 328
0.652266 619.00 949
0.016667 2.00 120
0.137681 57.00 414
0.088483 63.00 712

0.341667 41.00 120
0.231111 104.00 450
0.155303 82.00 528
0.279070 144.00 516
0.090102 71.00 788

0.194631 29.00 149
0.233645 50.00 214
0.190601 73.00 383
0.050143 35.00 698
0.433526 150.00 346

0.112903 14.00 124
0.109589 16.00 146
0.313514 58.00 185
0.248619 45.00 181
0.314465 50.00 159

0.119227 111.00 931
0.018041 7.00 388
0.059379 44.00 741
0.854701 400.00 468
0.050360 7.00 139

0.230769 75.00 325
0.044248 5.00 113
0.008562 5.00 584
0.437895 208.00 475
0.382166 60.00 157

0.045802 12.00 262
0.242574 49.00 202
0.162194 139.00 857
0.495652 57.00 115
0.156425 28.00 179

0.354701 83.00 234
0.037422 18.00 481
0.231080 229.00 991
0.463054 94.00 203
0.017143 3.00 175

0.162264 43.00 265
0.313659 186.00 593
0.037383 4.00 107
0.330986 47.00 142
0.260108 193.00 742

0.362637 198.00 546
0.043478 7.00 161
0.432099 140.00 324
0.204741 95.00 464
0.054545 6.00 110

0.028169 4.00 142
0.392523 168.00 428
0.627219 106.00 169
0.036842 7.00 190
0.011765 2.00 170

0.067404 67.00 994
0.394737 225.00 570
0.006873 2.00 291
0.046875 6.00 128
0.579853 236.00 407

0.200000 152.00 760
0.246575 36.00 146
0.370079 47.00 127
0.085106 12.00 141
0.199790 190.00 951

0.601594 302.00 502
0.090150 54.00 599
0.089431 33.00 369
0.192575 83.00 431
0.125673 70.00 557

0.163810 86.00 525
0.221198 96.00 434
0.200000 50.00 250
0.292835 94.00 321
0.226044 92.00 407

0.158416 16.00 101
0.293333 44.00 150
0.441026 344.00 780
0.014107 9.00 638
0.191860 99.00 516

0.015929 9.00 565
0.050445 17.00 337
0.324138 47.00 145
0.280335 67.00 239
0.432000 162.00 375

0.206098 169.00 820
0.134503 23.00 171
0.633117 195.00 308
0.007299 4.00 548
0.118519 16.00 135

0.107692 14.00 130
0.023739 16.00 674
0.316923 103.00 325
0.424242 266.00 627
0.225941 54.00 239

0.014981 4.00 267
0.566215 543.00 959
0.055556 6.00 108
0.248062 128.00 516
0.211506 125.00 591

0.025000 4.00 160
0.082327 75.00 911
0.912281 104.00 114
0.067797 24.00 354
0.011236 7.00 623

0.064516 10.00 155
0.058824 8.00 136
0.374781 214.00 571
0.019608 2.00 102
0.580153 152.00 262

0.205742 86.00 418
0.347386 206.00 593
0.155039 20.00 129
0.382550 57.00 149
0.006780 2.00 295

0.035897 21.00 585
0.688192 373.00 542
0.111111 15.00 135
0.238462 31.00 130
0.030488 10.00 328

0.042194 10.00 237
0.165517 24.00 145
0.398287 372.00 934
0.250000 40.00 160
0.249597 155.00 621

0.202381 34.00 168
0.158004 76.00 481
0.312989 200.00 639
0.232843 95.00 408
0.192857 81.00 420

0.331476 119.00 359
0.104536 53.00 507
0.111446 74.00 664
0.314425 194.00 617
0.239669 29.00 121

0.435252 242.00 556
0.121693 23.00 189
0.042857 6.00 140
0.457746 390.00 852
0.046296 5.00 108

0.183448 133.00 725
0.473214 106.00 224
0.104854 54.00 515
0.004451 3.00 674
0.333333 67.00 201

0.161417 82.00 508
0.140411 41.00 292
0.081568 77.00 944
0.409836 75.00 183
0.309677 48.00 155

0.003030 1.00 330
0.079772 28.00 351
0.315385 41.00 130
0.412214 54.00 131
0.280702 48.00 171

0.157895 90.00 570
0.056277 13.00 231
0.433333 65.00 150
0.245283 143.00 583
0.207207 46.00 222

0.076923 18.00 234
0.562162 104.00 185
0.096078 49.00 510
0.158209 53.00 335
0.205128 24.00 117

0.190476 20.00 105
0.093960 14.00 149
0.127517 19.00 149
0.283567 283.00 998
0.402778 87.00 216

0.070866 18.00 254
0.018315 5.00 273
0.126482 32.00 253
0.725352 412.00 568
0.155378 117.00 753

0.303797 120.00 395
0.139731 83.00 594
0.412037 178.00 432
0.012048 2.00 166
0.229258 105.00 458

0.480000 216.00 450
0.026882 10.00 372
0.063830 30.00 470
0.306338 174.00 568
0.222222 80.00 360

0.514620 88.00 171
0.061129 39.00 638
0.130307 89.00 683
0.352941 48.00 136
0.039216 16.00 408

0.230343 208.00 903
0.059937 57.00 951
0.109481 97.00 886
0.052734 27.00 512
0.647541 158.00 244

0.506815 409.00 807
0.239766 41.00 171
0.026316 3.00 114
0.073826 44.00 596
0.250000 29.00 116

0.406349 128.00 315
0.258993 72.00 278
0.378428 207.00 547
0.028662 9.00 314
0.030303 14.00 462

0.529126 109.00 206
0.078431 8.00 102
0.279835 68.00 243
0.040217 37.00 920
0.177215 28.00 158

0.417722 66.00 158
0.004464 1.00 224
0.228070 26.00 114
0.422222 57.00 135
0.027778 3.00 108

0.228261 147.00 644
0.298942 113.00 378
0.196195 165.00 841
0.158879 17.00 107
0.214744 134.00 624

0.175070 125.00 714
0.056075 6.00 107
0.131579 15.00 114
0.214286 63.00 294
0.521179 283.00 543

0.118881 17.00 143
0.098321 41.00 417
0.663818 466.00 702
0.011429 6.00 525
0.207407 28.00 135

0.067164 9.00 134
0.406897 59.00 145
0.226804 44.00 194
0.101064 19.00 188
0.298592 106.00 355

0.745763 88.00 118
0.115385 12.00 104
0.121756 61.00 501
0.039634 13.00 328
0.083573 58.00 694

0.265152 35.00 132
0.517110 272.00 526
0.019531 5.00 256
0.141593 16.00 113
0.158228 25.00 158

0.364103 71.00 195
0.030303 4.00 132
0.008929 8.00 896
0.579439 248.00 428
0.118750 38.00 320

0.230508 136.00 590
0.453846 59.00 130
0.296489 228.00 769
0.047120 9.00 191
0.068421 13.00 190

0.112617 108.00 959
0.581443 564.00 970
0.044386 17.00 383
0.028090 10.00 356
0.335238 176.00 525

0.068085 16.00 235
0.009091 1.00 110
0.161850 56.00 346
0.391753 76.00 194
0.468278 155.00 331

0.047297 7.00 148
0.290780 123.00 423
0.026936 16.00 594
0.106222 70.00 659
0.625935 502.00 802

0.422819 63.00 149
0.168000 21.00 125
0.016706 7.00 419
0.155689 26.00 167
0.340551 173.00 508

0.146341 42.00 287
0.074246 64.00 862
0.194175 40.00 206
0.041905 22.00 525
0.643963 416.00 646

0.351852 38.00 108
0.079511 26.00 327
0.054147 47.00 868
0.191489 27.00 141
0.426710 262.00 614

0.114206 41.00 359
0.197701 86.00 435
0.283951 69.00 243
0.012346 3.00 243
0.488550 64.00 131

0.048387 9.00 186
0.802326 276.00 344
0.015385 2.00 130
0.201754 23.00 114
0.035211 5.00 142

0.021008 5.00 238
0.653552 598.00 915
0.162416 121.00 745
0.122034 36.00 295
0.145299 17.00 117

0.066667 19.00 285
0.016886 9.00 533
0.570681 218.00 382
0.314554 67.00 213
0.132353 27.00 204

0.102564 20.00 195
0.197020 119.00 604
0.522293 82.00 157
0.143498 32.00 223
0.140351 16.00 114

0.302491 85.00 281
0.162304 31.00 191
0.154622 92.00 595
0.395238 166.00 420
0.085616 25.00 292

0.317949 62.00 195
0.403141 231.00 573
0.333333 61.00 183
0.039735 6.00 151
0.002924 1.00 342

0.226974 69.00 304
0.060952 32.00 525
0.145485 87.00 598
0.503788 399.00 792
0.161117 150.00 931

0.290667 218.00 750
0.020690 12.00 580
0.023411 14.00 598
0.521452 158.00 303
0.244318 43.00 176

0.074334 53.00 713
0.125000 23.00 184
0.550877 314.00 570
0.144144 16.00 111
0.204724 104.00 508

0.062500 9.00 144
0.040241 20.00 497
0.201220 33.00 164
0.631206 89.00 141
0.153846 16.00 104

0.407407 110.00 270
0.035897 7.00 195
0.123711 36.00 291
0.457143 112.00 245
0.075377 30.00 398

0.038043 7.00 184
0.343860 294.00 855
0.386534 310.00 802
0.173959 163.00 937
0.161157 39.00 242

0.333333 36.00 108
0.133574 37.00 277
0.242655 223.00 919
0.081481 11.00 135
0.311828 58.00 186

0.331858 75.00 226
0.315789 36.00 114
0.347107 210.00 605
0.084821 19.00 224
0.019048 6.00 315

0.702312 243.00 346
0.160428 30.00 187
0.187377 95.00 507
0.003375 3.00 889
0.043165 6.00 139

0.452949 361.00 797
0.107551 47.00 437
0.063694 20.00 314
0.100000 18.00 180
0.376307 108.00 287

0.324742 63.00 194
0.029056 12.00 413
0.024194 3.00 124
0.355899 184.00 517
0.364662 97.00 266

0.055118 35.00 635
0.289157 72.00 249
0.204724 52.00 254
0.139831 33.00 236
0.412587 59.00 143

0.283186 32.00 113
0.298932 168.00 562
0.063492 28.00 441
0.288509 118.00 409
0.168919 25.00 148

0.081871 14.00 171
0.696552 101.00 145
0.042735 5.00 117
0.081967 15.00 183
0.192000 24.00 125

0.226562 58.00 256
0.153535 76.00 495
0.173810 73.00 420
0.337748 51.00 151
0.208243 192.00 922

0.242604 41.00 169
0.338272 274.00 810
0.257143 63.00 245
0.144068 17.00 118
0.116279 15.00 129

0.060538 27.00 446
0.617647 63.00 102
0.080183 70.00 873
0.054237 16.00 295
0.290520 95.00 327

0.045977 12.00 261
0.300221 136.00 453
0.111230 104.00 935
0.136364 24.00 176
0.509091 196.00 385

0.151832 29.00 191
0.098214 11.00 112
0.181481 49.00 270
0.543590 106.00 195
0.128000 16.00 125

0.243750 39.00 160
0.250000 117.00 468
0.095483 93.00 974
0.223656 104.00 465
0.285714 76.00 266

0.091603 12.00 131
0.112150 48.00 428
0.319493 277.00 867
0.514116 346.00 673
0.057377 14.00 244

0.624277 108.00 173
0.127273 14.00 110
0.149847 98.00 654
0.050491 36.00 713
0.150704 107.00 710

0.162437 32.00 197
0.027778 3.00 108
0.465699 353.00 758
0.320000 32.00 100
0.128931 41.00 318

0.019851 8.00 403
0.062087 47.00 757
0.301047 115.00 382
0.036810 12.00 326
0.680921 207.00 304

0.057562 51.00 886
0.145270 86.00 592
0.038462 6.00 156
0.716867 119.00 166
0.145833 28.00 192

0.161074 24.00 149
0.143158 68.00 475
0.641234 395.00 616
0.057471 30.00 522
0.093199 37.00 397

0.126074 44.00 349
0.156900 83.00 529
0.022573 10.00 443
0.650000 91.00 140
0.143975 92.00 639

0.266497 105.00 394
0.040359 36.00 892
0.395973 59.00 149
0.253521 72.00 284
0.143939 57.00 396

0.014327 5.00 349
0.011342 6.00 529
0.683871 106.00 155
0.230159 203.00 882
0.157303 56.00 356

0.080696 51.00 632
0.101877 76.00 746
0.130827 87.00 665
0.594132 243.00 409
0.192593 78.00 405

0.492891 104.00 211
0.259317 167.00 644
0.190000 19.00 100
0.114613 80.00 698
0.041420 14.00 338

0.120930 78.00 645
0.223009 126.00 565
0.660448 531.00 804
0.044521 26.00 584
0.052632 7.00 133

0.020408 4.00 196
0.023364 5.00 214
0.059211 9.00 152
0.309746 232.00 749
0.684932 100.00 146

0.069697 23.00 330
0.160000 16.00 100
0.603774 64.00 106
0.075650 32.00 423
0.192560 88.00 457

0.068376 40.00 585
0.229805 165.00 718
0.361314 198.00 548
0.230263 35.00 152
0.211009 184.00 872

0.003597 2.00 556
0.184000 23.00 125
0.105727 24.00 227
0.079208 8.00 101
0.726776 399.00 549

0.019531 5.00 256
0.504132 244.00 484
0.065649 43.00 655
0.105769 66.00 624
0.401515 53.00 132

0.346154 162.00 468
0.499268 341.00 683
0.011628 3.00 258
0.085016 80.00 941
0.156250 20.00 128

0.170391 61.00 358
0.266811 123.00 461
0.499205 314.00 629
0.023256 21.00 903
0.140461 67.00 477

0.049505 5.00 101
0.091371 18.00 197
0.504065 186.00 369
0.080717 36.00 446
0.379747 90.00 237

0.171014 59.00 345
0.438163 124.00 283
0.428571 180.00 420
0.006667 2.00 300
0.055626 44.00 791

0.137353 82.00 597
0.254005 222.00 874
0.152505 70.00 459
0.068146 43.00 631
0.486486 144.00 296

0.445087 77.00 173
0.025000 25.00 1000
0.205674 29.00 141
0.140741 19.00 135
0.286765 234.00 816

0.026316 6.00 228
0.173913 28.00 161
0.432584 77.00 178
0.262548 136.00 518
0.208589 68.00 326

0.359375 276.00 768
0.083969 22.00 262
0.333333 63.00 189
0.177419 22.00 124
0.146758 86.00 586

0.066434 19.00 286
0.039394 13.00 330
0.492958 70.00 142
0.371901 45.00 121
0.127273 42.00 330

0.033708 6.00 178
0.069686 20.00 287
0.432763 177.00 409
0.485294 66.00 136
0.073171 21.00 287

0.071240 27.00 379
0.005181 1.00 193
0.150345 109.00 725
0.089655 13.00 145
0.785714 121.00 154

0.107143 27.00 252
0.066345 55.00 829
0.495627 170.00 343
0.345794 148.00 428
0.084071 19.00 226

0.293860 134.00 456
0.254386 29.00 114
0.004587 1.00 218
0.542768 349.00 643
0.002169 2.00 922

0.325758 43.00 132
0.138614 14.00 101
0.373514 220.00 589
0.245924 181.00 736
0.019108 9.00 471

0.245064 211.00 861
0.003788 3.00 792
0.209386 58.00 277
0.274510 56.00 204
0.366176 249.00 680

0.245902 105.00 427
0.119122 38.00 319
0.285350 224.00 785
0.362398 133.00 367
0.090476 19.00 210

0.235359 213.00 905
0.045187 23.00 509
0.341102 161.00 472
0.309524 65.00 210
0.170940 40.00 234

0.462264 49.00 106
0.198830 34.00 171
0.233333 70.00 300
0.169231 33.00 195
0.044248 35.00 791

0.098996 69.00 697
0.555276 221.00 398
0.023022 16.00 695
0.034608 19.00 549
0.387931 315.00 812

0.202020 40.00 198
0.320312 41.00 128
0.061008 23.00 377
0.334884 144.00 430
0.176707 44.00 249

0.179969 115.00 639
0.343220 81.00 236
0.365443 239.00 654
0.145914 75.00 514
0.063291 10.00 158

0.010830 6.00 554
0.034722 5.00 144
0.756303 90.00 119
0.261798 233.00 890
0.033333 11.00 330

0.063745 48.00 753
0.351351 78.00 222
0.173203 53.00 306
0.466531 230.00 493
0.042146 11.00 261

0.242875 196.00 807
0.247956 91.00 367
0.188427 127.00 674
0.292553 55.00 188
0.130435 15.00 115

0.140823 89.00 632
0.225166 68.00 302
0.312903 194.00 620
0.284404 31.00 109
0.134021 26.00 194

0.121547 66.00 543
0.142857 17.00 119
0.086538 9.00 104
0.603261 111.00 184
0.142857 37.00 259

0.154390 153.00 991
0.066225 30.00 453
0.144105 33.00 229
0.570776 125.00 219
0.163043 30.00 184

0.138756 116.00 836
0.152838 35.00 229
0.201571 77.00 382
0.254945 116.00 455
0.351792 324.00 921

0.362890 221.00 609
0.117318 21.00 179
0.342593 111.00 324
0.083333 34.00 408
0.191176 26.00 136

0.260967 232.00 889
0.010417 4.00 384
0.007519 1.00 133
0.269231 84.00 312
0.553785 139.00 251

0.172646 77.00 446
0.264331 83.00 314
0.080824 51.00 631
0.378947 72.00 190
0.205882 42.00 204

0.034722 5.00 144
0.083333 9.00 108
0.075145 13.00 173
0.346234 331.00 956
0.564626 83.00 147

0.179598 125.00 696
0.073171 9.00 123
0.266207 193.00 725
0.094787 20.00 211
0.484848 80.00 165

0.308411 33.00 107
0.456163 359.00 787
0.224189 76.00 339
0.094488 12.00 127
0.014440 12.00 831

0.086505 25.00 289
0.478632 56.00 117
0.252874 66.00 261
0.074278 54.00 727
0.206897 36.00 174

0.035294 6.00 170
0.062753 31.00 494
0.459016 56.00 122
0.130435 21.00 161
0.411765 126.00 306

0.195364 177.00 906
0.255452 82.00 321
0.256936 213.00 829
0.361905 76.00 210
0.028571 6.00 210

0.462754 410.00 886
0.214022 58.00 271
0.229833 151.00 657
0.067869 64.00 943
0.126270 87.00 689

0.474339 305.00 643
0.040462 14.00 346
0.314039 255.00 812
0.241071 54.00 224
0.033333 4.00 120

0.240909 159.00 660
0.083916 12.00 143
0.453782 54.00 119
0.042601 19.00 446
0.280000 105.00 375

0.186275 19.00 102
0.076142 15.00 197
0.062954 26.00 413
0.270896 269.00 993
0.503937 192.00 381

0.206186 180.00 873
0.556604 59.00 106
0.073394 8.00 109
0.023555 22.00 934
0.233645 100.00 428

0.351145 46.00 131
0.440000 55.00 125
0.035990 28.00 778
0.098540 27.00 274
0.172775 99.00 573

0.304762 128.00 420
0.230366 88.00 382
0.150198 38.00 253
0.329480 57.00 173
0.085714 18.00 210

0.817391 94.00 115
0.043796 24.00 548
0.179916 129.00 717
0.043269 18.00 416
0.013158 3.00 228

0.382436 135.00 353
0.258170 79.00 306
0.032967 12.00 364
0.260921 221.00 847
0.164286 23.00 140

0.181941 135.00 742
0.033860 30.00 886
0.138514 41.00 296
0.007812 1.00 128
0.743119 243.00 327

0.113043 39.00 345
0.349515 36.00 103
0.343137 35.00 102
0.118519 48.00 405
0.182573 44.00 241

0.040127 38.00 947
0.052356 10.00 191
0.914286 96.00 105
0.075000 12.00 160
0.010294 7.00 680

0.075472 20.00 265
0.474695 272.00 573
0.231023 140.00 606
0.200535 75.00 374
0.120341 113.00 939

0.377483 57.00 151
0.017804 6.00 337
0.176860 107.00 605
0.466125 344.00 738
0.063091 20.00 317

0.037657 9.00 239
0.352941 54.00 153
0.179245 19.00 106
0.420330 153.00 364
0.111111 30.00 270

0.182580 109.00 597
0.266898 154.00 577
0.231481 25.00 108
0.126050 15.00 119
0.291498 216.00 741

0.038917 23.00 591
0.205160 167.00 814
0.158228 50.00 316
0.548319 522.00 952
0.151376 33.00 218

0.318584 72.00 226
0.286041 250.00 874
0.204225 29.00 142
0.063927 42.00 657
0.228426 45.00 197

0.151261 18.00 119
0.104331 53.00 508
0.171975 108.00 628
0.607362 99.00 163
0.057377 7.00 122

0.263780 67.00 254
0.212121 49.00 231
0.061372 17.00 277
0.163462 17.00 104
0.397906 76.00 191

0.170874 88.00 515
0.322368 49.00 152
0.092827 22.00 237
0.085586 19.00 222
0.424971 371.00 873

0.226415 24.00 106
0.056250 9.00 160
0.161290 30.00 186
0.350000 287.00 820
0.303797 48.00 158

0.390244 160.00 410
0.101562 65.00 640
0.209743 155.00 739
0.259615 54.00 208
0.136499 92.00 674

0.474684 300.00 632
0.386390 335.00 867
0.006192 2.00 323
0.023707 11.00 464
0.208633 58.00 278

0.025000 3.00 120
0.038095 4.00 105
0.074534 12.00 161
0.197150 83.00 421
0.768707 565.00 735

0.504202 60.00 119
0.048485 8.00 165
0.342857 48.00 140
0.079909 70.00 876
0.125424 37.00 295

0.591716 400.00 676
0.011111 11.00 990
0.432432 64.00 148
0.056047 19.00 339
0.008850 1.00 113

0.263764 206.00 781
0.035714 4.00 112
0.169565 39.00 230
0.232394 33.00 142
0.397454 281.00 707

0.431373 66.00 153
0.100000 20.00 200
0.159420 22.00 138
0.112948 82.00 726
0.301471 205.00 680

0.467714 268.00 573
0.069565 56.00 805
0.031250 13.00 416
0.254181 76.00 299
0.272727 57.00 209

0.462171 281.00 608
0.015827 11.00 695
0.252212 57.00 226
0.197183 112.00 568
0.171032 111.00 649

0.705882 120.00 170
0.051064 12.00 235
0.164384 24.00 146
0.115578 23.00 199
0.063492 12.00 189

0.091566 76.00 830
0.304020 121.00 398
0.011202 11.00 982
0.218487 26.00 119
0.479769 83.00 173

0.173228 22.00 127
0.201439 28.00 139
0.202830 86.00 424
0.169643 19.00 112
0.361111 52.00 144

0.021038 15.00 713
0.285935 185.00 647
0.023810 13.00 546
0.337398 83.00 246
0.428571 48.00 112

0.055970 15.00 268
0.071429 21.00 294
0.180828 166.00 918
0.368421 84.00 228
0.424242 154.00 363

0.133779 40.00 299
0.491369 427.00 869
0.432877 316.00 730
0.029762 5.00 168
0.009524 3.00 315

0.262376 106.00 404
0.013986 4.00 286
0.225225 25.00 111
0.366667 44.00 120
0.233202 118.00 506

0.146853 21.00 143
0.528000 132.00 250
0.221311 27.00 122
0.128505 110.00 856
0.076419 35.00 458

0.766284 200.00 261
0.040816 14.00 343
0.005792 3.00 518
0.027027 3.00 111
0.256831 235.00 915

0.207675 92.00 443
0.207035 206.00 995
0.271930 31.00 114
0.149007 135.00 906
0.264249 255.00 965

0.018987 3.00 158
0.065527 23.00 351
0.284783 131.00 460
0.025532 6.00 235
0.704268 231.00 328

0.119048 50.00 420
0.065574 8.00 122
0.192308 25.00 130
0.308411 33.00 107
0.412844 225.00 545

0.163121 23.00 141
0.094315 73.00 774
0.175337 91.00 519
0.013060 7.00 536
0.652672 342.00 524

0.149153 44.00 295
0.150943 16.00 106
0.673554 163.00 242
0.087500 14.00 160
0.033688 19.00 564

0.412969 121.00 293
0.025316 22.00 869
0.117647 12.00 102
0.157895 66.00 418
0.391892 58.00 148

0.328267 108.00 329
0.096475 52.00 539
0.338530 152.00 449
0.301927 141.00 467
0.033333 5.00 150

0.149847 49.00 327
0.161765 22.00 136
0.339768 88.00 259
0.305315 247.00 809
0.143229 55.00 384

0.152855 83.00 543
0.003003 2.00 666
0.769497 444.00 577
0.018848 18.00 955
0.155738 57.00 366

0.287066 91.00 317
0.126106 57.00 452
0.321900 122.00 379
0.144928 20.00 138
0.223140 27.00 121

0.406504 200.00 492
0.126214 13.00 103
0.075047 40.00 533
0.354839 88.00 248
0.140260 54.00 385

0.799087 175.00 219
0.157534 92.00 584
0.107317 22.00 205
0.030568 7.00 229
0.005076 1.00 197

0.066667 16.00 240
0.273381 38.00 139
0.297244 151.00 508
0.376344 210.00 558
0.088106 20.00 227

0.130769 17.00 130
0.047619 7.00 147
0.032086 6.00 187
0.603622 300.00 497
0.289474 33.00 114

0.225610 37.00 164
0.230216 32.00 139
0.211864 25.00 118
0.017857 2.00 112
0.419048 44.00 105

0.227545 38.00 167
0.530405 157.00 296
0.090498 20.00 221
0.185771 47.00 253
0.065217 9.00 138

0.103659 17.00 164
0.360360 40.00 111
0.227907 49.00 215
0.196544 91.00 463
0.216301 69.00 319

0.375635 74.00 197
0.363636 80.00 220
0.176370 103.00 584
0.019802 2.00 101
0.165085 87.00 527

0.133829 36.00 269
0.597285 264.00 442
0.078818 48.00 609
0.003417 3.00 878
0.287879 76.00 264

0.119403 16.00 134
0.116248 88.00 757
0.693694 231.00 333
0.113636 45.00 396
0.053879 25.00 464

0.306034 71.00 232
0.381757 113.00 296
0.301987 228.00 755
0.009302 2.00 215
0.098901 27.00 273

0.380610 212.00 557
0.261905 33.00 126
0.301260 263.00 873
0.052174 6.00 115
0.105263 20.00 190

0.174419 75.00 430
0.100775 13.00 129
0.099026 61.00 616
0.017327 7.00 404
0.704082 138.00 196

0.356436 36.00 101
0.273438 70.00 256
0.163522 104.00 636
0.015464 6.00 388
0.288804 227.00 786

0.050847 6.00 118
0.276151 66.00 239
0.308320 189.00 613
0.147368 98.00 665
0.321739 37.00 115

0.064220 7.00 109
0.139818 92.00 658
0.045455 33.00 726
0.573840 136.00 237
0.272727 114.00 418

0.196850 25.00 127
0.530928 103.00 194
0.061311 29.00 473
0.138365 22.00 159
0.178174 160.00 898

0.065728 14.00 213
0.009615 1.00 104
0.022876 7.00 306
0.959184 235.00 245
0.044304 35.00 790

0.047619 34.00 714
0.264000 33.00 125
0.595190 594.00 998
0.131868 24.00 182
0.060241 15.00 249

0.297619 75.00 252
0.326055 224.00 687
0.291667 77.00 264
0.130584 38.00 291
0.055147 45.00 816

0.109726 44.00 401
0.220721 98.00 444
0.200795 101.00 503
0.455882 62.00 136
0.106796 11.00 103

0.105932 100.00 944
0.260432 181.00 695
0.451115 263.00 583
0.048611 7.00 144
0.237872 152.00 639

0.369932 219.00 592
0.137097 34.00 248
0.246824 136.00 551
0.040094 17.00 424
0.309091 170.00 550

0.142012 48.00 338
0.093656 31.00 331
0.129808 54.00 416
0.115385 15.00 130
0.621324 169.00 272

0.353234 71.00 201
0.068966 8.00 116
0.246973 102.00 413
0.288136 34.00 118
0.142857 89.00 623

0.322034 57.00 177
0.067961 7.00 103
0.132404 38.00 287
0.086957 74.00 851
0.492405 389.00 790

0.141593 16.00 113
0.277228 56.00 202
0.346883 128.00 369
0.102326 66.00 645
0.226293 105.00 464

0.253846 33.00 130
0.048544 15.00 309
0.224880 94.00 418
0.217172 43.00 198
0.358268 91.00 254

0.034314 14.00 408
0.468900 98.00 209
0.033592 13.00 387
0.036199 16.00 442
0.525886 193.00 367

0.070391 63.00 895
0.291074 225.00 773
0.159799 159.00 995
0.141667 17.00 120
0.440476 111.00 252

0.450746 151.00 335
0.008368 2.00 239
0.024348 14.00 575
0.201111 181.00 900
0.416206 226.00 543

0.491094 193.00 393
0.093066 51.00 548
0.250000 210.00 840
0.191489 45.00 235
0.074074 8.00 108

0.260135 77.00 296
0.162393 19.00 117
0.174468 41.00 235
0.078431 28.00 357
0.426901 146.00 342

0.048714 36.00 739
0.066667 16.00 240
0.654040 259.00 396
0.224522 141.00 628
0.106007 30.00 283

0.230366 44.00 191
0.329114 78.00 237
0.221053 126.00 570
0.011751 10.00 851
0.310403 185.00 596

0.469027 53.00 113
0.138272 56.00 405
0.418919 62.00 148
0.040650 10.00 246
0.035354 7.00 198

0.326271 77.00 236
0.174211 127.00 729
0.086957 12.00 138
0.152381 16.00 105
0.356651 311.00 872

0.302521 36.00 119
0.016760 6.00 358
0.228029 192.00 842
0.193939 192.00 990
0.362205 92.00 254

0.070423 10.00 142
0.458065 71.00 155
0.370213 87.00 235
0.184000 69.00 375
0.016393 2.00 122

0.365714 128.00 350
0.174274 84.00 482
0.083660 64.00 765
0.105820 80.00 756
0.371601 123.00 331

0.420999 413.00 981
0.137097 119.00 868
0.141141 141.00 999
0.141509 15.00 106
0.262436 153.00 583

0.218182 60.00 275
0.178752 106.00 593
0.394495 43.00 109
0.282297 118.00 418
0.030488 5.00 164

0.072289 12.00 166
0.107595 17.00 158
0.385075 129.00 335
0.149068 48.00 322
0.383929 43.00 112

0.422414 196.00 464
0.280992 34.00 121
0.238596 136.00 570
0.032967 6.00 182
0.125000 31.00 248

0.002821 2.00 709
0.528846 110.00 208
0.144000 18.00 125
0.172308 56.00 325
0.252427 26.00 103

0.259709 107.00 412
0.308434 256.00 830
0.102857 18.00 175
0.155039 40.00 258
0.272727 267.00 979

0.192416 137.00 712
0.215470 39.00 181
0.277647 236.00 850
0.223776 32.00 143
0.192268 184.00 957

0.030272 30.00 991
0.565217 195.00 345
0.066038 21.00 318
0.170213 32.00 188
0.265734 38.00 143

0.526971 127.00 241
0.017544 7.00 399
0.311111 56.00 180
0.076271 45.00 590
0.167421 37.00 221

0.180451 24.00 133
0.009709 1.00 103
0.155172 18.00 116
0.562613 310.00 551
0.191710 37.00 193

0.139415 81.00 581
0.301205 100.00 332
0.322034 76.00 236
0.309623 74.00 239
0.027778 13.00 468

0.312821 61.00 195
0.407942 113.00 277
0.194357 62.00 319
0.025253 5.00 198
0.154802 137.00 885

0.014451 5.00 346
0.095652 11.00 115
0.275194 71.00 258
0.342105 78.00 228
0.373206 78.00 209

0.080420 23.00 286
0.186335 30.00 161
0.123412 68.00 551
0.306273 83.00 271
0.409836 50.00 122

0.040404 8.00 198
0.825816 531.00 643
0.071429 11.00 154
0.121019 19.00 157
0.036384 33.00 907

0.276371 131.00 474
0.061415 46.00 749
0.010417 2.00 192
0.562500 72.00 128
0.198347 24.00 121

0.138655 66.00 476
0.233244 87.00 373
0.488205 476.00 975
0.111111 23.00 207
0.125984 80.00 635

0.410256 48.00 117
0.094488 12.00 127
0.080402 16.00 199
0.406091 160.00 394
0.116505 12.00 103

0.034247 5.00 146
0.383838 76.00 198
0.390625 50.00 128
0.014184 4.00 282
0.271739 75.00 276

0.080769 21.00 260
0.080838 27.00 334
0.715320 593.00 829
0.082310 67.00 814
0.142857 28.00 196

0.203160 90.00 443
0.116931 96.00 821
0.059259 8.00 135
0.090909 49.00 539
0.628571 264.00 420

0.592437 141.00 238
0.151839 128.00 843
0.042904 26.00 606
0.060748 13.00 214
0.254237 30.00 118

0.270506 155.00 573
0.212389 24.00 113
0.522167 106.00 203
0.037576 31.00 825
0.054280 26.00 479

0.215084 77.00 358
0.533040 121.00 227
0.076749 34.00 443
0.185786 149.00 802
0.090909 31.00 341

0.160804 32.00 199
0.274648 39.00 142
0.130518 68.00 521
0.203966 72.00 353
0.330579 40.00 121

0.244300 75.00 307
0.118343 20.00 169
0.024793 3.00 121
0.695009 376.00 541
0.023941 13.00 543

0.031690 18.00 568
0.650394 413.00 635
0.077586 9.00 116
0.013158 3.00 228
0.323810 68.00 210

0.026578 16.00 602
0.097222 35.00 360
0.556054 248.00 446
0.160221 29.00 181
0.256410 30.00 117

0.168142 19.00 113
0.105691 13.00 123
0.410870 189.00 460
0.375887 212.00 564
0.043984 34.00 773

0.112878 71.00 629
0.066667 32.00 480
0.654224 333.00 509
0.103774 11.00 106
0.160465 138.00 860

0.026930 15.00 557
0.323857 262.00 809
0.153439 116.00 756
0.358108 53.00 148
0.238764 85.00 356

0.033846 22.00 650
0.163265 32.00 196
0.588933 298.00 506
0.193133 45.00 233
0.118644 35.00 295

0.054101 31.00 573
0.080556 29.00 360
0.649123 185.00 285
0.013308 7.00 526
0.300000 48.00 160

0.205357 92.00 448
0.165877 35.00 211
0.144628 35.00 242
0.398734 63.00 158
0.181250 87.00 480

0.277311 33.00 119
0.354254 254.00 717
0.088496 10.00 113
0.308824 168.00 544
0.069124 15.00 217

0.321101 35.00 109
0.077253 36.00 466
0.413265 81.00 196
0.200000 35.00 175
0.088339 25.00 283

0.033613 8.00 238
0.513906 425.00 827
0.254317 162.00 637
0.128205 15.00 117
0.169355 21.00 124

0.176000 22.00 125
0.063636 7.00 110
0.134118 114.00 850
0.310345 54.00 174
0.418006 130.00 311

0.168539 120.00 712
0.019704 4.00 203
0.514007 422.00 821
0.228050 200.00 877
0.174757 18.00 103

0.080986 23.00 284
0.068966 10.00 145
0.373444 90.00 241
0.059242 50.00 844
0.516432 110.00 213

0.150313 72.00 479
0.473520 152.00 321
0.218182 120.00 550
0.095238 24.00 252
0.162791 21.00 129

0.058824 21.00 357
0.023810 4.00 168
0.738281 189.00 256
0.178571 35.00 196
0.100000 73.00 730

0.108247 42.00 388
0.188034 22.00 117
0.591667 213.00 360
0.143836 21.00 146
0.062500 8.00 128

0.069712 29.00 416
0.162162 18.00 111
0.252336 27.00 107
0.026059 16.00 614
0.593361 572.00 964

0.056064 49.00 874
0.466942 452.00 968
0.009524 1.00 105
0.170358 100.00 587
0.395652 91.00 230

0.241722 73.00 302
0.267361 154.00 576
0.274074 259.00 945
0.018779 4.00 213
0.297778 67.00 225

0.023810 3.00 126
0.023158 22.00 950
0.285714 34.00 119
0.484444 109.00 225
0.288978 215.00 744

0.431335 223.00 517
0.136499 46.00 337
0.073733 16.00 217
0.140673 46.00 327
0.317829 205.00 645

0.190608 69.00 362
0.546961 99.00 181
0.020000 3.00 150
0.195876 57.00 291
0.144828 42.00 290

0.072183 41.00 568
0.410256 128.00 312
0.134995 130.00 963
0.035019 9.00 257
0.450617 73.00 162

0.196429 44.00 224
0.012121 8.00 660
0.456647 79.00 173
0.029240 10.00 342
0.407143 57.00 140

0.022951 7.00 305
0.250836 225.00 897
0.077670 24.00 309
0.354839 154.00 434
0.395210 66.00 167

0.153767 149.00 969
0.047205 38.00 805
0.325688 71.00 218
0.172185 104.00 604
0.404545 89.00 220

0.175676 52.00 296
0.240741 65.00 270
0.071429 12.00 168
0.576720 109.00 189
0.029197 4.00 137

0.276753 75.00 271
0.046083 10.00 217
0.004545 2.00 440
0.639175 248.00 388
0.136157 90.00 661

0.027491 8.00 291
0.402116 76.00 189
0.200000 44.00 220
0.004762 1.00 210
0.464217 240.00 517

0.379310 110.00 290
0.188433 101.00 536
0.022305 6.00 269
0.062257 48.00 771
0.445607 213.00 478

0.460298 371.00 806
0.244275 32.00 131
0.159091 28.00 176
0.079618 25.00 314
0.154008 73.00 474

0.156028 88.00 564
0.163636 108.00 660
0.381579 87.00 228
0.067416 36.00 534
0.328063 166.00 506

0.096774 12.00 124
0.125413 38.00 303
0.327485 112.00 342
0.353365 147.00 416
0.198529 27.00 136

0.198391 148.00 746
0.011218 7.00 624
0.548023 97.00 177
0.121608 121.00 995
0.219601 121.00 551

0.269414 170.00 631
0.118644 21.00 177
0.243490 187.00 768
0.317073 156.00 492
0.150391 77.00 512

0.190727 181.00 949
0.349754 284.00 812
0.277551 68.00 245
0.190840 25.00 131
0.087963 19.00 216

0.188372 81.00 430
0.298507 40.00 134
0.192982 33.00 171
0.398810 67.00 168
0.023077 3.00 130

0.060274 22.00 365
0.373494 62.00 166
0.310954 88.00 283
0.165394 65.00 393
0.186047 24.00 129

0.148876 53.00 356
0.065245 52.00 797
0.340129 317.00 932
0.432168 309.00 715
0.112782 15.00 133

0.049020 5.00 102
0.679545 299.00 440
0.193648 189.00 976
0.005650 2.00 354
0.175214 41.00 234

0.038462 12.00 312
0.206434 154.00 746
0.461187 303.00 657
0.008078 5.00 619
0.381356 45.00 118

0.141762 37.00 261
0.092369 46.00 498
0.395210 66.00 167
0.017544 2.00 114
0.452790 211.00 466

0.015000 3.00 200
0.477509 138.00 289
0.196051 139.00 709
0.029197 12.00 411
0.384284 357.00 929

0.033962 9.00 265
0.496124 128.00 258
0.431818 95.00 220
0.113208 18.00 159
0.027624 15.00 543

0.482394 137.00 284
0.105033 48.00 457
0.126087 29.00 230
0.039474 27.00 684
0.346535 35.00 101

0.404181 116.00 287
0.090323 70.00 775
0.029412 4.00 136
0.288431 182.00 631
0.287037 62.00 216

0.036745 14.00 381
0.250704 89.00 355
0.232323 161.00 693
0.435484 162.00 372
0.145729 116.00 796

0.190840 25.00 131
0.136223 44.00 323
0.261324 75.00 287
0.287129 58.00 202
0.228137 120.00 526

0.006601 2.00 303
0.121008 72.00 595
0.044349 31.00 699
0.038095 4.00 105
0.892100 463.00 519

0.255319 36.00 141
0.071676 62.00 865
0.648649 72.00 111
0.030864 5.00 162
0.100000 13.00 130

0.048930 16.00 327
0.033408 15.00 449
0.475806 59.00 124
0.428973 305.00 711
0.114679 25.00 218

0.350236 297.00 848
0.363905 123.00 338
0.102767 26.00 253
0.206186 60.00 291
0.080808 64.00 792

0.166667 21.00 126
0.120567 17.00 141
0.630719 386.00 612
0.062500 10.00 160
0.117318 21.00 179

0.299320 44.00 147
0.124031 16.00 129
0.231214 40.00 173
0.286325 67.00 234
0.155172 27.00 174

0.193606 109.00 563
0.021635 9.00 416
0.450000 99.00 220
0.302589 187.00 618
0.130081 16.00 123

0.664234 91.00 137
0.015106 5.00 331
0.201754 23.00 114
0.091398 68.00 744
0.126638 29.00 229

0.008264 2.00 242
0.803922 164.00 204
0.136898 128.00 935
0.145098 37.00 255
0.009009 1.00 111

0.162393 19.00 117
0.149682 47.00 314
0.631068 65.00 103
0.071006 24.00 338
0.082734 23.00 278

0.344486 278.00 807
0.345912 220.00 636
0.250000 224.00 896
0.003484 1.00 287
0.155440 60.00 386

0.461009 201.00 436
0.116071 13.00 112
0.421053 64.00 152
0.045175 44.00 974
0.048544 5.00 103

0.209386 58.00 277
0.287958 165.00 573
0.010657 6.00 563
0.401316 61.00 152
0.191518 140.00 731

0.062731 34.00 542
0.448113 95.00 212
0.156627 26.00 166
0.280285 236.00 842
0.150183 41.00 273

0.090674 35.00 386
0.032587 16.00 491
0.041379 6.00 145
0.908257 198.00 218
0.026042 5.00 192

0.013453 9.00 669
0.253182 179.00 707
0.100478 21.00 209
0.218810 114.00 521
0.515012 223.00 433

0.262136 27.00 103
0.158088 43.00 272
0.363747 299.00 822
0.156716 21.00 134
0.156812 61.00 389

0.097812 76.00 777
0.015707 6.00 382
0.230216 64.00 278
0.169096 58.00 343
0.586705 203.00 346

0.483471 117.00 242
0.137072 132.00 963
0.250000 39.00 156
0.219092 140.00 639
0.011407 3.00 263

0.157676 38.00 241
0.175258 34.00 194
0.045726 23.00 503
0.683060 125.00 183
0.037234 7.00 188

0.009615 4.00 416
0.400000 360.00 900
0.172535 98.00 568
0.165563 25.00 151
0.352941 48.00 136

0.006110 3.00 491
0.445323 338.00 759
0.260753 97.00 372
0.327886 321.00 979
0.059801 18.00 301

0.369369 82.00 222
0.048780 10.00 205
0.129105 114.00 883
0.138826 123.00 886
0.413174 138.00 334

0.044674 13.00 291
0.126110 71.00 563
0.292135 78.00 267
0.136264 62.00 455
0.503086 163.00 324

0.083636 23.00 275
0.319066 82.00 257
0.216667 26.00 120
0.308140 106.00 344
0.169675 47.00 277

0.620408 152.00 245
0.212941 181.00 850
0.027569 22.00 798
0.034052 30.00 881
0.201923 21.00 104

0.172727 19.00 110
0.250000 61.00 244
0.373349 311.00 833
0.247573 204.00 824
0.059375 19.00 320

