0.040816 12.00 294
0.768642 402.00 523
0.121212 16.00 132
0.063380 9.00 142
0.004950 4.00 808

0.291312 171.00 587
0.092025 15.00 163
0.473361 231.00 488
0.122807 28.00 228
0.019048 2.00 105

0.607477 130.00 214
0.213873 37.00 173
0.087065 35.00 402
0.063253 21.00 332
0.027682 8.00 289

0.192846 124.00 643
0.234286 41.00 175
0.339726 124.00 365
0.094262 23.00 244
0.135135 45.00 333

0.282132 90.00 319
0.338798 62.00 183
0.196721 24.00 122
0.172070 138.00 802
0.013889 2.00 144

0.379874 302.00 795
0.181818 66.00 363
0.263441 245.00 930
0.023370 19.00 813
0.150150 50.00 333

0.142515 119.00 835
0.007435 4.00 538
0.047222 17.00 360
0.033264 16.00 481
0.772277 78.00 101

0.205189 174.00 848
0.316726 267.00 843
0.117057 35.00 299
0.027586 4.00 145
0.335366 55.00 164

0.115875 100.00 863
0.600000 69.00 115
0.044492 21.00 472
0.020661 20.00 968
0.218391 38.00 174

0.180165 109.00 605
0.185430 140.00 755
0.136012 88.00 647
0.466368 104.00 223
0.030556 11.00 360

0.379630 41.00 108
0.063725 13.00 204
0.280576 39.00 139
0.185714 182.00 980
0.096552 14.00 145

0.065156 23.00 353
0.056075 6.00 107
0.643478 74.00 115
0.112346 91.00 810
0.127021 55.00 433

0.161290 30.00 186
0.064286 27.00 420
0.333333 88.00 264
0.428409 377.00 880
0.009804 1.00 102

0.405028 145.00 358
0.184669 53.00 287
0.190141 54.00 284
0.008152 3.00 368
0.214724 35.00 163

0.186141 137.00 736
0.043478 25.00 575
0.557604 484.00 868
0.173669 62.00 357
0.037634 21.00 558

0.017544 2.00 114
0.080196 49.00 611
0.350195 90.00 257
0.528662 83.00 157
0.020325 5.00 246

0.104000 39.00 375
0.324561 74.00 228
0.019608 11.00 561
0.491124 166.00 338
0.058111 24.00 413

0.493927 122.00 247
0.268456 200.00 745
0.004274 1.00 234
0.099617 26.00 261
0.130215 103.00 791

0.183908 112.00 609
0.438095 46.00 105
0.091324 40.00 438
0.222222 32.00 144
0.067925 18.00 265

0.292308 95.00 325
0.155963 34.00 218
0.077206 63.00 816
0.237389 80.00 337
0.236025 152.00 644

0.047368 9.00 190
0.108247 21.00 194
0.050125 20.00 399
0.033613 4.00 119
0.761317 370.00 486

0.396610 117.00 295
0.104478 42.00 402
0.127168 22.00 173
0.065116 28.00 430
0.309322 73.00 236

0.250639 98.00 391
0.023529 14.00 595
0.041494 20.00 482
0.365559 121.00 331
0.316770 102.00 322

0.077147 53.00 687
0.092233 19.00 206
0.257426 26.00 101
0.567164 76.00 134
0.005556 1.00 180

0.025890 8.00 309
0.462617 99.00 214
0.125786 20.00 159
0.123153 50.00 406
0.265789 101.00 380

0.039560 36.00 910
0.027523 3.00 109
0.210801 121.00 574
0.484472 78.00 161
0.233668 186.00 796

0.594655 267.00 449
0.149123 136.00 912
0.114545 63.00 550
0.022517 17.00 755
0.119318 105.00 880

0.082353 21.00 255
0.529412 153.00 289
0.018519 5.00 270
0.270492 33.00 122
0.093711 76.00 811

0.045662 10.00 219
0.244444 55.00 225
0.029240 10.00 342
0.347222 75.00 216
0.330377 298.00 902

0.051282 38.00 741
0.026379 22.00 834
0.057377 7.00 122
0.379562 52.00 137
0.479256 335.00 699

0.182320 33.00 181
0.582609 67.00 115
0.020408 3.00 147
0.160305 21.00 131
0.055556 16.00 288

0.007576 2.00 264
0.112705 55.00 488
0.311321 33.00 106
0.179148 122.00 681
0.386010 149.00 386

0.043307 11.00 254
0.096491 11.00 114
0.124542 102.00 819
0.333333 253.00 759
0.401141 211.00 526

0.450425 159.00 353
0.180157 69.00 383
0.092308 24.00 260
0.138002 134.00 971
0.141058 56.00 397

0.281437 47.00 167
0.490879 296.00 603
0.116201 104.00 895
0.025000 13.00 520
0.085106 20.00 235

0.364341 47.00 129
0.376543 122.00 324
0.017722 14.00 790
0.078947 30.00 380
0.165289 20.00 121

0.006684 5.00 748
0.057307 20.00 349
0.868486 350.00 403
0.020468 7.00 342
0.043478 5.00 115

0.225490 69.00 306
0.365297 160.00 438
0.144033 35.00 243
0.173239 123.00 710
0.092369 23.00 249

0.015982 7.00 438
0.504673 54.00 107
0.245033 37.00 151
0.209901 106.00 505
0.022508 7.00 311

0.365269 61.00 167
0.327536 113.00 345
0.036364 6.00 165
0.211838 68.00 321
0.057471 10.00 174

0.141463 29.00 205
0.037217 23.00 618
0.408010 326.00 799
0.278788 46.00 165
0.137131 65.00 474

0.012567 7.00 557
0.168919 25.00 148
0.274854 47.00 171
0.158070 95.00 601
0.382911 121.00 316

0.313559 37.00 118
0.166667 23.00 138
0.234848 62.00 264
0.103846 27.00 260
0.182609 42.00 230

0.064865 12.00 185
0.151482 138.00 911
0.520000 130.00 250
0.127660 18.00 141
0.141439 57.00 403

0.304054 45.00 148
0.091418 49.00 536
0.338583 43.00 127
0.218750 42.00 192
0.053030 21.00 396

0.307479 111.00 361
0.208955 28.00 134
0.367876 142.00 386
0.070968 22.00 310
0.038462 5.00 130

0.026786 3.00 112
0.362213 347.00 958
0.223077 29.00 130
0.329218 80.00 243
0.053381 15.00 281

0.555957 154.00 277
0.022838 14.00 613
0.152174 28.00 184
0.268382 146.00 544
0.001034 1.00 967

0.686567 138.00 201
0.015228 6.00 394
0.010417 6.00 576
0.040717 25.00 614
0.241758 44.00 182

0.112360 20.00 178
0.044885 43.00 958
0.538636 237.00 440
0.123093 121.00 983
0.182692 19.00 104

0.033333 10.00 300
0.098446 19.00 193
0.010309 8.00 776
0.295652 34.00 115
0.566372 192.00 339

0.336815 258.00 766
0.113772 19.00 167
0.333333 36.00 108
0.100592 51.00 507
0.115922 83.00 716

0.035762 27.00 755
0.324042 93.00 287
0.169399 31.00 183
0.326590 113.00 346
0.142857 16.00 112

0.270869 159.00 587
0.357733 303.00 847
0.008602 4.00 465
0.261745 117.00 447
0.099068 85.00 858

0.138790 117.00 843
0.524390 172.00 328
0.036571 32.00 875
0.201681 24.00 119
0.092450 60.00 649

0.063348 42.00 663
0.100000 70.00 700
0.051220 42.00 820
0.248227 70.00 282
0.538462 210.00 390

0.144578 24.00 166
0.087201 62.00 711
0.268041 78.00 291
0.333333 43.00 129
0.166405 106.00 637

0.097826 18.00 184
0.261682 28.00 107
0.038835 16.00 412
0.193548 90.00 465
0.403061 158.00 392

0.522013 415.00 795
0.227273 25.00 110
0.012146 3.00 247
0.012821 2.00 156
0.222642 59.00 265

0.145038 38.00 262
0.046263 13.00 281
0.222222 36.00 162
0.552707 194.00 351
0.034483 7.00 203

0.081448 18.00 221
0.242424 160.00 660
0.106178 55.00 518
0.438503 164.00 374
0.133065 66.00 496

0.005952 1.00 168
0.614525 110.00 179
0.246914 120.00 486
0.097087 40.00 412
0.034816 18.00 517

0.141291 116.00 821
0.021912 11.00 502
0.055351 15.00 271
0.693431 285.00 411
0.087393 61.00 698

0.317391 146.00 460
0.340206 99.00 291
0.047337 8.00 169
0.247934 30.00 121
0.052632 7.00 133

0.146341 36.00 246
0.115578 46.00 398
0.393204 81.00 206
0.184035 166.00 902
0.159483 37.00 232

0.336134 40.00 119
0.008658 4.00 462
0.176471 27.00 153
0.076087 35.00 460
0.403084 183.00 454

0.148331 120.00 809
0.062857 33.00 525
0.454000 454.00 1000
0.046656 30.00 643
0.288703 207.00 717

0.168591 73.00 433
0.208556 39.00 187
0.037975 6.00 158
0.189916 113.00 595
0.394799 167.00 423

0.464948 451.00 970
0.107784 18.00 167
0.125514 61.00 486
0.055118 7.00 127
0.244681 92.00 376

0.133094 111.00 834
0.437500 84.00 192
0.148649 22.00 148
0.239316 28.00 117
0.040000 10.00 250

0.014625 8.00 547
0.059603 9.00 151
0.052154 46.00 882
0.845638 756.00 894
0.030960 20.00 646

0.254000 254.00 1000
0.054945 20.00 364
0.058442 18.00 308
0.460606 76.00 165
0.166667 36.00 216

0.080614 42.00 521
0.278660 158.00 567
0.103774 11.00 106
0.400000 44.00 110
0.133981 69.00 515

0.103053 27.00 262
0.176856 81.00 458
0.040761 15.00 368
0.064846 19.00 293
0.613636 81.00 132

0.111570 81.00 726
0.133663 27.00 202
0.026820 7.00 261
0.571623 419.00 733
0.155070 78.00 503

0.637795 81.00 127
0.018018 2.00 111
0.269231 63.00 234
0.072670 46.00 633
0.002326 1.00 430

0.055901 9.00 161
0.125926 17.00 135
0.130000 26.00 200
0.267606 57.00 213
0.414013 65.00 157

0.063063 7.00 111
0.008696 1.00 115
0.212711 164.00 771
0.572319 459.00 802
0.138889 20.00 144

0.178988 46.00 257
0.086705 15.00 173
0.242762 109.00 449
0.248276 72.00 290
0.242820 93.00 383

0.130159 41.00 315
0.185714 39.00 210
0.241050 101.00 419
0.169643 57.00 336
0.271971 229.00 842

0.491525 145.00 295
0.220033 134.00 609
0.113990 22.00 193
0.110000 11.00 100
0.066116 8.00 121

0.446914 362.00 810
0.181818 22.00 121
0.204545 27.00 132
0.127572 31.00 243
0.038462 23.00 598

0.087786 23.00 262
0.125220 71.00 567
0.198113 126.00 636
0.147186 34.00 231
0.442308 161.00 364

0.560345 65.00 116
0.129630 126.00 972
0.142857 38.00 266
0.093333 28.00 300
0.068041 66.00 970

0.208333 50.00 240
0.264493 73.00 276
0.305825 63.00 206
0.033019 7.00 212
0.190972 55.00 288

0.475385 309.00 650
0.067723 47.00 694
0.320346 74.00 231
0.121622 18.00 148
0.013867 9.00 649

0.049281 24.00 487
0.037675 35.00 929
0.736111 106.00 144
0.122137 16.00 131
0.060345 7.00 116

0.352556 269.00 763
0.358491 38.00 106
0.089172 14.00 157
0.098684 15.00 152
0.091518 82.00 896

0.166987 87.00 521
0.012848 6.00 467
0.024000 3.00 125
0.121547 22.00 181
0.672727 444.00 660

0.313333 94.00 300
0.214286 42.00 196
0.106742 19.00 178
0.277228 28.00 101
0.084399 33.00 391

0.221408 151.00 682
0.250000 63.00 252
0.311558 124.00 398
0.072682 29.00 399
0.144231 15.00 104

0.044961 29.00 645
0.603175 114.00 189
0.254513 141.00 554
0.090056 48.00 533
0.005102 2.00 392

0.370000 74.00 200
0.063309 44.00 695
0.271186 32.00 118
0.172727 38.00 220
0.127202 65.00 511

0.132450 20.00 151
0.338403 178.00 526
0.391304 54.00 138
0.041494 10.00 241
0.096475 52.00 539

0.023179 7.00 302
0.434564 259.00 596
0.157812 101.00 640
0.323404 76.00 235
0.059659 21.00 352

0.493064 391.00 793
0.284553 210.00 738
0.028871 11.00 381
0.054054 8.00 148
0.136957 126.00 920

0.037433 7.00 187
0.226236 119.00 526
0.254717 27.00 106
0.345794 37.00 107
0.137056 81.00 591

0.063158 18.00 285
0.117568 87.00 740
0.210851 171.00 811
0.155340 48.00 309
0.452607 191.00 422

0.058296 13.00 223
0.440758 372.00 844
0.019417 4.00 206
0.256410 210.00 819
0.226013 106.00 469

0.263158 115.00 437
0.039152 24.00 613
0.101523 20.00 197
0.394737 45.00 114
0.197605 66.00 334

0.159091 28.00 176
0.078947 15.00 190
0.094624 44.00 465
0.004301 4.00 930
0.663043 122.00 184

0.038202 17.00 445
0.375610 231.00 615
0.416981 221.00 530
0.055556 6.00 108
0.116773 110.00 942

0.440909 97.00 220
0.164706 154.00 935
0.245642 155.00 631
0.144144 16.00 111
0.001770 1.00 565

0.092985 57.00 613
0.042553 8.00 188
0.015075 6.00 398
0.393891 245.00 622
0.455738 139.00 305

0.359649 41.00 114
0.185619 111.00 598
0.141439 114.00 806
0.177778 40.00 225
0.130597 35.00 268

0.250951 66.00 263
0.402597 217.00 539
0.047071 45.00 956
0.258065 64.00 248
0.045455 21.00 462

0.238589 115.00 482
0.025641 4.00 156
0.265306 52.00 196
0.122517 37.00 302
0.344538 82.00 238

0.022523 5.00 222
0.425693 169.00 397
0.059211 27.00 456
0.352041 69.00 196
0.139738 32.00 229

0.472149 178.00 377
0.069444 10.00 144
0.191199 126.00 659
0.227723 23.00 101
0.039555 32.00 809

0.046512 6.00 129
0.118143 28.00 237
0.082192 12.00 146
0.481752 66.00 137
0.272000 238.00 875

0.223140 54.00 242
0.081836 41.00 501
0.007722 2.00 259
0.421893 370.00 877
0.265432 43.00 162

0.068966 18.00 261
0.056940 48.00 843
0.005019 4.00 797
0.359116 65.00 181
0.511236 182.00 356

0.071174 20.00 281
0.709559 193.00 272
0.121429 68.00 560
0.093863 26.00 277
0.004695 1.00 213

0.011364 6.00 528
0.557252 73.00 131
0.071713 18.00 251
0.319066 164.00 514
0.043175 31.00 718

0.133047 31.00 233
0.053030 14.00 264
0.029703 12.00 404
0.356110 271.00 761
0.428934 338.00 788

0.277778 70.00 252
0.021898 3.00 137
0.060345 7.00 116
0.571429 100.00 175
0.064240 30.00 467

0.206667 31.00 150
0.021818 6.00 275
0.358824 61.00 170
0.130493 98.00 751
0.276423 34.00 123

0.050000 8.00 160
0.219818 193.00 878
0.295337 57.00 193
0.105556 19.00 180
0.332000 83.00 250

0.240000 24.00 100
0.264249 51.00 193
0.297605 261.00 877
0.028121 25.00 889
0.165533 73.00 441

0.357616 54.00 151
0.106825 36.00 337
0.193732 136.00 702
0.317204 59.00 186
0.023622 6.00 254

0.084034 10.00 119
0.373727 367.00 982
0.020000 2.00 100
0.337662 104.00 308
0.184615 36.00 195

0.109865 98.00 892
0.122034 72.00 590
0.434462 295.00 679
0.108949 84.00 771
0.224670 51.00 227

0.157495 83.00 527
0.025197 16.00 635
0.049822 28.00 562
0.572165 111.00 194
0.195167 105.00 538

0.047619 21.00 441
0.379518 63.00 166
0.145535 132.00 907
0.102941 49.00 476
0.322344 176.00 546

0.397059 81.00 204
0.190698 41.00 215
0.265487 30.00 113
0.127490 32.00 251
0.021684 17.00 784

0.141350 67.00 474
0.038817 21.00 541
0.215021 209.00 972
0.463918 180.00 388
0.141762 37.00 261

0.013986 2.00 143
0.095652 55.00 575
0.438997 385.00 877
0.236111 221.00 936
0.217224 169.00 778

0.099432 35.00 352
0.201258 32.00 159
0.129944 46.00 354
0.404000 101.00 250
0.172581 107.00 620

0.232068 55.00 237
0.266667 32.00 120
0.092593 15.00 162
0.257549 145.00 563
0.148148 80.00 540

0.175810 141.00 802
0.413462 43.00 104
0.075676 14.00 185
0.049279 41.00 832
0.281356 83.00 295

0.238606 89.00 373
0.489451 232.00 474
0.075581 13.00 172
0.115000 115.00 1000
0.084715 46.00 543

0.363409 145.00 399
0.078261 18.00 230
0.077220 20.00 259
0.259459 48.00 185
0.226415 48.00 212

0.021978 4.00 182
0.258065 216.00 837
0.202086 155.00 767
0.352941 186.00 527
0.166667 51.00 306

0.593985 158.00 266
0.274648 78.00 284
0.074184 25.00 337
0.004938 2.00 405
0.053191 10.00 188

0.160000 24.00 150
0.065177 35.00 537
0.208410 114.00 547
0.440741 119.00 270
0.126894 67.00 528

0.156716 105.00 670
0.372093 144.00 387
0.154778 115.00 743
0.011765 3.00 255
0.302139 226.00 748

0.086253 32.00 371
0.062500 51.00 816
0.013793 2.00 145
0.299145 35.00 117
0.546763 228.00 417

0.005435 4.00 736
0.548822 163.00 297
0.156446 125.00 799
0.126437 66.00 522
0.160377 85.00 530

0.028090 20.00 712
0.076459 38.00 497
0.274973 256.00 931
0.458824 78.00 170
0.161538 21.00 130

0.163636 36.00 220
0.067251 23.00 342
0.543988 371.00 682
0.023605 11.00 466
0.201826 199.00 986

0.005848 1.00 171
0.268371 84.00 313
0.107639 31.00 288
0.360947 61.00 169
0.254545 28.00 110

0.240064 151.00 629
0.300885 34.00 113
0.052469 17.00 324
0.027778 3.00 108
0.371658 278.00 748

0.553655 356.00 643
0.063830 30.00 470
0.044355 11.00 248
0.065395 24.00 367
0.270869 159.00 587

0.378109 152.00 402
0.100840 36.00 357
0.089286 15.00 168
0.185668 57.00 307
0.244240 53.00 217

0.045082 11.00 244
0.682281 335.00 491
0.216301 69.00 319
0.022032 18.00 817
0.035971 5.00 139

0.548571 384.00 700
0.186992 138.00 738
0.037594 10.00 266
0.176802 157.00 888
0.049153 29.00 590

0.302703 112.00 370
0.217600 136.00 625
0.197133 55.00 279
0.164127 140.00 853
0.118812 24.00 202

0.631034 183.00 290
0.087248 26.00 298
0.070248 17.00 242
0.071429 20.00 280
0.141700 70.00 494

0.534314 109.00 204
0.285239 257.00 901
0.076190 8.00 105
0.079070 68.00 860
0.020725 4.00 193

0.230415 50.00 217
0.593496 73.00 123
0.009804 1.00 102
0.074850 25.00 334
0.091904 42.00 457

0.201991 142.00 703
0.079717 79.00 991
0.261297 133.00 509
0.316901 90.00 284
0.138837 74.00 533

0.053465 27.00 505
0.132075 14.00 106
0.109562 55.00 502
0.345550 66.00 191
0.361111 182.00 504

0.036036 8.00 222
0.344538 41.00 119
0.308555 220.00 713
0.233607 57.00 244
0.076104 50.00 657

0.045113 6.00 133
0.321168 88.00 274
0.345253 280.00 811
0.254177 213.00 838
0.038462 16.00 416

0.043956 12.00 273
0.253968 80.00 315
0.261905 33.00 126
0.217039 107.00 493
0.225989 200.00 885

0.075862 11.00 145
0.358289 67.00 187
0.177966 42.00 236
0.216450 50.00 231
0.174419 30.00 172

0.024691 6.00 243
0.045726 23.00 503
0.399417 274.00 686
0.501062 236.00 471
0.029586 15.00 507

0.028340 21.00 741
0.262327 133.00 507
0.342233 141.00 412
0.156992 119.00 758
0.208092 72.00 346

0.102113 29.00 284
0.288136 204.00 708
0.081633 32.00 392
0.167488 136.00 812
0.361624 98.00 271

0.117188 30.00 256
0.525253 104.00 198
0.090116 31.00 344
0.138889 60.00 432
0.129979 124.00 954

0.147887 21.00 142
0.076271 9.00 118
0.370629 53.00 143
0.116788 16.00 137
0.285714 52.00 182

0.378846 197.00 520
0.031746 4.00 126
0.014414 8.00 555
0.214545 59.00 275
0.356522 41.00 115

0.281304 164.00 583
0.222892 37.00 166
0.193939 32.00 165
0.145349 100.00 688
0.158416 64.00 404

0.026432 6.00 227
0.296482 59.00 199
0.057692 6.00 104
0.381720 71.00 186
0.237705 29.00 122

0.110000 11.00 100
0.496212 131.00 264
0.173295 61.00 352
0.150895 59.00 391
0.069860 35.00 501

0.022175 21.00 947
0.136228 91.00 668
0.429448 70.00 163
0.212051 183.00 863
0.198992 79.00 397

0.336898 126.00 374
0.342857 60.00 175
0.245473 122.00 497
0.057692 15.00 260
0.018692 2.00 107

0.578767 169.00 292
0.143885 20.00 139
0.056561 25.00 442
0.074627 30.00 402
0.146067 39.00 267

0.370717 119.00 321
0.008993 5.00 556
0.497696 324.00 651
0.044316 23.00 519
0.078292 66.00 843

0.008621 2.00 232
0.250774 81.00 323
0.240000 42.00 175
0.462607 433.00 936
0.032258 5.00 155

0.080537 12.00 149
0.162921 87.00 534
0.049451 36.00 728
0.228916 38.00 166
0.479012 194.00 405

0.196078 20.00 102
0.267327 27.00 101
0.058719 33.00 562
0.212121 77.00 363
0.260465 56.00 215

0.023923 5.00 209
0.247438 169.00 683
0.385350 121.00 314
0.303371 81.00 267
0.037313 25.00 670

0.197216 85.00 431
0.707317 87.00 123
0.038462 9.00 234
0.025126 5.00 199
0.030263 23.00 760

0.346739 319.00 920
0.064444 29.00 450
0.192661 42.00 218
0.055944 16.00 286
0.339706 231.00 680

0.110092 12.00 109
0.327957 61.00 186
0.110000 11.00 100
0.071161 38.00 534
0.384615 60.00 156

0.151639 148.00 976
0.190476 20.00 105
0.278618 258.00 926
0.150000 18.00 120
0.231908 141.00 608

0.194030 39.00 201
0.008511 2.00 235
0.218894 95.00 434
0.422360 68.00 161
0.159664 19.00 119

0.236559 66.00 279
0.426966 114.00 267
0.257895 49.00 190
0.062409 43.00 689
0.017544 5.00 285

0.250000 25.00 100
0.478528 78.00 163
0.159363 40.00 251
0.100000 10.00 100
0.015584 6.00 385

0.004317 3.00 695
0.238384 118.00 495
0.068536 22.00 321
0.284360 60.00 211
0.402778 232.00 576

0.223301 138.00 618
0.461347 185.00 401
0.120690 21.00 174
0.007117 6.00 843
0.185930 74.00 398

0.083984 43.00 512
0.180247 73.00 405
0.033019 7.00 212
0.582278 92.00 158
0.125000 16.00 128

0.200382 105.00 524
0.296178 186.00 628
0.024540 4.00 163
0.076768 38.00 495
0.402537 349.00 867

0.301994 106.00 351
0.141667 17.00 120
0.067686 31.00 458
0.022099 4.00 181
0.462687 124.00 268

0.107595 34.00 316
0.180585 173.00 958
0.188011 69.00 367
0.473251 115.00 243
0.052326 9.00 172

0.211111 57.00 270
0.298122 127.00 426
0.151625 84.00 554
0.064777 16.00 247
0.274112 54.00 197

0.358131 207.00 578
0.009091 1.00 110
0.203262 162.00 797
0.183962 39.00 212
0.247423 168.00 679

0.184713 29.00 157
0.049430 13.00 263
0.106464 56.00 526
0.111801 18.00 161
0.547771 86.00 157

0.143713 24.00 167
0.175799 77.00 438
0.117978 84.00 712
0.081967 20.00 244
0.478589 190.00 397

0.115385 18.00 156
0.010563 3.00 284
0.409357 70.00 171
0.428571 114.00 266
0.037944 31.00 817

0.083624 48.00 574
0.101266 24.00 237
0.288783 121.00 419
0.099112 67.00 676
0.427083 82.00 192

0.156740 50.00 319
0.019802 2.00 101
0.678728 619.00 912
0.024793 3.00 121
0.117647 38.00 323

0.219697 29.00 132
0.050000 6.00 120
0.471831 67.00 142
0.007782 6.00 771
0.248927 116.00 466

0.203666 100.00 491
0.176871 52.00 294
0.164439 123.00 748
0.001376 1.00 727
0.454315 358.00 788

0.064220 35.00 545
0.232258 36.00 155
0.072727 16.00 220
0.381944 55.00 144
0.250474 132.00 527

0.257812 33.00 128
0.319018 52.00 163
0.008929 1.00 112
0.052113 37.00 710
0.362500 58.00 160

0.167155 57.00 341
0.544872 170.00 312
0.166667 31.00 186
0.042857 9.00 210
0.078125 35.00 448

0.121673 32.00 263
0.236842 45.00 190
0.087171 53.00 608
0.004348 1.00 230
0.551506 348.00 631

0.228571 32.00 140
0.150376 20.00 133
0.220472 28.00 127
0.021127 6.00 284
0.383621 89.00 232

0.101852 11.00 108
0.174174 58.00 333
0.307116 82.00 267
0.255776 155.00 606
0.159236 25.00 157

0.250000 26.00 104
0.270000 27.00 100
0.145161 18.00 124
0.226984 143.00 630
0.104000 13.00 125

0.344311 115.00 334
0.392799 240.00 611
0.154748 132.00 853
0.044872 14.00 312
0.059701 12.00 201

0.252427 52.00 206
0.148148 16.00 108
0.052239 7.00 134
0.477273 105.00 220
0.068966 50.00 725

0.462099 317.00 686
0.211982 46.00 217
0.031008 4.00 129
0.165289 40.00 242
0.135514 58.00 428

0.035270 17.00 482
0.226804 44.00 194
0.500000 258.00 516
0.178378 33.00 185
0.064516 8.00 124

0.343066 47.00 137
0.136531 74.00 542
0.177606 46.00 259
0.123894 14.00 113
0.220820 70.00 317

0.009153 4.00 437
0.175711 68.00 387
0.337408 138.00 409
0.119639 53.00 443
0.354839 44.00 124

0.247799 197.00 795
0.167472 104.00 621
0.183673 54.00 294
0.179688 23.00 128
0.223058 89.00 399

0.339921 86.00 253
0.260870 30.00 115
0.108333 26.00 240
0.030769 4.00 130
0.260401 169.00 649

0.177711 59.00 332
0.128342 48.00 374
0.257143 171.00 665
0.164773 58.00 352
0.275949 109.00 395

0.543478 75.00 138
0.153110 32.00 209
0.129787 61.00 470
0.125000 102.00 816
0.048843 19.00 389

0.067227 8.00 119
0.187500 24.00 128
0.039871 37.00 928
0.535885 448.00 836
0.171103 90.00 526

0.275748 249.00 903
0.561111 101.00 180
0.047414 33.00 696
0.092841 83.00 894
0.022152 7.00 316

0.283544 112.00 395
0.115196 47.00 408
0.142408 136.00 955
0.359813 77.00 214
0.099440 71.00 714

0.125884 89.00 707
0.527132 68.00 129
0.237113 69.00 291
0.027027 3.00 111
0.088757 30.00 338

0.433962 46.00 106
0.131059 73.00 557
0.008989 4.00 445
0.409639 68.00 166
0.018692 4.00 214

0.006579 2.00 304
0.330472 77.00 233
0.279793 54.00 193
0.283217 81.00 286
0.098246 28.00 285

0.360248 232.00 644
0.040059 27.00 674
0.449309 195.00 434
0.071964 48.00 667
0.078992 47.00 595

0.081448 54.00 663
0.027708 22.00 794
0.251678 150.00 596
0.122685 106.00 864
0.515371 285.00 553

0.076190 8.00 105
0.397619 167.00 420
0.246499 88.00 357
0.079848 21.00 263
0.199693 130.00 651

0.061017 36.00 590
0.090909 12.00 132
0.347368 132.00 380
0.266949 252.00 944
0.234463 83.00 354

0.313449 289.00 922
0.381579 58.00 152
0.216981 23.00 106
0.046110 16.00 347
0.038105 37.00 971

0.239130 143.00 598
0.027921 27.00 967
0.194842 136.00 698
0.443925 95.00 214
0.095703 49.00 512

0.173028 136.00 786
0.140351 24.00 171
0.339080 177.00 522
0.333333 36.00 108
0.015873 2.00 126

0.087071 33.00 379
0.137405 18.00 131
0.038815 38.00 979
0.301418 85.00 282
0.432298 348.00 805

0.059649 34.00 570
0.050761 20.00 394
0.310231 282.00 909
0.482659 167.00 346
0.098876 44.00 445

0.294314 176.00 598
0.500000 63.00 126
0.111111 16.00 144
0.011788 6.00 509
0.088235 18.00 204

0.069498 36.00 518
0.375000 219.00 584
0.260870 36.00 138
0.267281 58.00 217
0.027711 23.00 830

0.378049 155.00 410
0.014599 2.00 137
0.156425 56.00 358
0.230352 85.00 369
0.222222 194.00 873

0.148515 15.00 101
0.239726 35.00 146
0.032468 5.00 154
0.469751 132.00 281
0.107843 33.00 306

0.228571 64.00 280
0.029139 22.00 755
0.184015 99.00 538
0.544118 407.00 748
0.018634 3.00 161

0.280645 87.00 310
0.038462 5.00 130
0.142549 66.00 463
0.326061 269.00 825
0.214912 49.00 228

0.086592 31.00 358
0.049505 5.00 101
0.114094 17.00 149
0.037037 9.00 243
0.712069 413.00 580

0.386313 175.00 453
0.257009 55.00 214
0.136364 18.00 132
0.190909 63.00 330
0.025000 3.00 120

0.072414 21.00 290
0.299742 232.00 774
0.090476 19.00 210
0.019802 16.00 808
0.512422 165.00 322

0.619048 260.00 420
0.032787 4.00 122
0.253846 33.00 130
0.051471 7.00 136
0.043956 12.00 273

0.136364 66.00 484
0.344507 185.00 537
0.065041 16.00 246
0.288256 81.00 281
0.164524 64.00 389

0.334302 115.00 344
0.152778 33.00 216
0.472141 161.00 341
0.037940 14.00 369
0.004167 1.00 240

0.027273 21.00 770
0.266667 28.00 105
0.588652 83.00 141
0.024390 4.00 164
0.093407 17.00 182

0.052257 22.00 421
0.181009 61.00 337
0.441667 53.00 120
0.307273 169.00 550
0.021583 3.00 139

0.276968 190.00 686
0.008621 4.00 464
0.163763 47.00 287
0.224299 24.00 107
0.327160 159.00 486

0.027523 3.00 109
0.124088 85.00 685
0.630000 63.00 100
0.200000 136.00 680
0.016393 4.00 244

0.215909 38.00 176
0.144105 33.00 229
0.295699 55.00 186
0.092715 14.00 151
0.256757 38.00 148

0.006438 3.00 466
0.471831 134.00 284
0.139583 67.00 480
0.315315 35.00 111
0.071203 45.00 632

0.227679 51.00 224
0.031746 6.00 189
0.378995 249.00 657
0.250000 62.00 248
0.112000 28.00 250

0.069519 26.00 374
0.333333 147.00 441
0.153025 43.00 281
0.233871 29.00 124
0.210300 49.00 233

0.159218 57.00 358
0.104575 16.00 153
0.267399 73.00 273
0.361386 219.00 606
0.111386 45.00 404

0.187135 32.00 171
0.206030 205.00 995
0.150538 28.00 186
0.405405 45.00 111
0.053731 18.00 335

0.009434 2.00 212
0.618321 81.00 131
0.062937 9.00 143
0.052734 27.00 512
0.253846 66.00 260

0.193015 105.00 544
0.038523 24.00 623
0.053061 13.00 245
0.322581 240.00 744
0.393939 52.00 132

0.252269 139.00 551
0.255708 56.00 219
0.442231 111.00 251
0.024045 17.00 707
0.024390 4.00 164

0.114691 89.00 776
0.015625 4.00 256
0.281818 31.00 110
0.414141 123.00 297
0.174888 39.00 223

0.413519 208.00 503
0.121053 23.00 190
0.136232 94.00 690
0.273292 44.00 161
0.059406 12.00 202

0.310526 59.00 190
0.060206 41.00 681
0.518116 143.00 276
0.100610 99.00 984
0.011317 11.00 972

0.269962 71.00 263
0.072727 8.00 110
0.344828 40.00 116
0.143750 23.00 160
0.167598 30.00 179

0.060665 31.00 511
0.395626 199.00 503
0.006250 1.00 160
0.421525 94.00 223
0.117438 33.00 281

0.408333 49.00 120
0.008850 1.00 113
0.341544 208.00 609
0.100000 17.00 170
0.147929 25.00 169

0.077381 39.00 504
0.131579 15.00 114
0.012658 6.00 474
0.638418 113.00 177
0.138211 17.00 123

0.027211 4.00 147
0.403774 107.00 265
0.237736 63.00 265
0.149606 38.00 254
0.182203 43.00 236

0.004886 3.00 614
0.325137 238.00 732
0.369863 135.00 365
0.024194 6.00 248
0.276978 77.00 278

0.320000 72.00 225
0.244019 51.00 209
0.361809 72.00 199
0.014531 11.00 757
0.057592 11.00 191

0.497908 238.00 478
0.022788 17.00 746
0.298611 86.00 288
0.073232 29.00 396
0.107143 12.00 112

0.233568 199.00 852
0.230263 35.00 152
0.104839 13.00 124
0.133779 40.00 299
0.302326 78.00 258

0.215311 45.00 209
0.334862 73.00 218
0.260504 31.00 119
0.081238 42.00 517
0.111702 21.00 188

0.054054 18.00 333
0.060976 35.00 574
0.742173 403.00 543
0.111111 12.00 108
0.029077 23.00 791

0.038462 8.00 208
0.458015 60.00 131
0.191919 38.00 198
0.238342 184.00 772
0.072848 55.00 755

0.149533 16.00 107
0.414286 145.00 350
0.026362 15.00 569
0.206349 26.00 126
0.209677 26.00 124

0.060514 40.00 661
0.044025 7.00 159
0.056338 20.00 355
0.426778 204.00 478
0.414013 260.00 628

0.142180 30.00 211
0.256684 48.00 187
0.184438 64.00 347
0.211251 184.00 871
0.208238 91.00 437

0.060606 8.00 132
0.033025 25.00 757
0.496970 82.00 165
0.048611 7.00 144
0.365337 293.00 802

0.007557 3.00 397
0.478360 210.00 439
0.170068 25.00 147
0.076023 26.00 342
0.266376 122.00 458

0.536281 473.00 882
0.067485 22.00 326
0.152318 46.00 302
0.080645 45.00 558
0.166102 98.00 590

0.187500 27.00 144
0.360231 125.00 347
0.387755 57.00 147
0.029412 4.00 136
0.036232 5.00 138

0.251055 119.00 474
0.488211 352.00 721
0.026718 7.00 262
0.031621 8.00 253
0.205534 52.00 253

0.320833 77.00 240
0.137755 27.00 196
0.122951 15.00 122
0.271649 229.00 843
0.147612 102.00 691

0.049645 7.00 141
0.373016 47.00 126
0.132609 61.00 460
0.418508 303.00 724
0.027027 6.00 222

0.018293 9.00 492
0.168103 39.00 232
0.548694 231.00 421
0.201754 23.00 114
0.062038 42.00 677

0.466340 381.00 817
0.027624 5.00 181
0.365217 42.00 115
0.100000 53.00 530
0.038889 35.00 900

0.035211 10.00 284
0.007576 6.00 792
0.393189 127.00 323
0.086957 10.00 115
0.477124 219.00 459

0.165217 19.00 115
0.294011 162.00 551
0.133609 97.00 726
0.111498 32.00 287
0.293436 76.00 259

0.126984 16.00 126
0.053097 6.00 113
0.480363 159.00 331
0.021898 3.00 137
0.317384 199.00 627

0.122024 41.00 336
0.373494 62.00 166
0.123596 55.00 445
0.337165 88.00 261
0.042857 18.00 420

0.062972 25.00 397
0.810474 325.00 401
0.066482 24.00 361
0.027687 17.00 614
0.035928 6.00 167

0.164659 41.00 249
0.169014 144.00 852
0.060241 15.00 249
0.090000 9.00 100
0.517878 449.00 867

0.144110 115.00 798
0.015919 11.00 691
0.277778 135.00 486
0.504132 61.00 121
0.057971 40.00 690

0.101523 40.00 394
0.228786 213.00 931
0.195238 41.00 210
0.068085 16.00 235
0.402655 182.00 452

0.224066 54.00 241
0.066986 14.00 209
0.529828 524.00 989
0.177778 24.00 135
0.007622 5.00 656

0.009524 9.00 945
0.796238 254.00 319
0.169811 81.00 477
0.006173 2.00 324
0.018519 3.00 162

0.011986 7.00 584
0.437500 308.00 704
0.084942 22.00 259
0.031524 18.00 571
0.434066 79.00 182

0.057377 14.00 244
0.096447 19.00 197
0.031056 10.00 322
0.149867 113.00 754
0.661157 80.00 121

0.188312 29.00 154
0.171975 27.00 157
0.158273 88.00 556
0.094737 18.00 190
0.382812 49.00 128

0.018462 6.00 325
0.287066 182.00 634
0.326241 92.00 282
0.142857 17.00 119
0.220000 22.00 100

0.121875 78.00 640
0.470085 55.00 117
0.066138 25.00 378
0.003086 3.00 972
0.337963 73.00 216

0.100539 56.00 557
0.453195 305.00 673
0.194444 28.00 144
0.030612 9.00 294
0.216216 24.00 111

0.391941 107.00 273
0.062883 41.00 652
0.375571 329.00 876
0.121495 13.00 107
0.040000 4.00 100

0.322751 61.00 189
0.062147 11.00 177
0.081818 18.00 220
0.124031 32.00 258
0.410334 270.00 658

0.317526 154.00 485
0.117347 23.00 196
0.167347 123.00 735
0.145985 20.00 137
0.248815 210.00 844

0.047404 21.00 443
0.002674 1.00 374
0.470588 152.00 323
0.401274 126.00 314
0.079755 13.00 163

0.088652 25.00 282
0.316084 226.00 715
0.124498 31.00 249
0.037344 9.00 241
0.431884 298.00 690

0.027273 6.00 220
0.603922 308.00 510
0.129577 46.00 355
0.203288 136.00 669
0.033333 4.00 120

0.189591 153.00 807
0.026699 11.00 412
0.246098 205.00 833
0.104452 61.00 584
0.433333 52.00 120

0.189781 182.00 959
0.002809 2.00 712
0.683114 623.00 912
0.008197 1.00 122
0.112000 70.00 625

0.079545 14.00 176
0.040084 38.00 948
0.298077 31.00 104
0.326014 193.00 592
0.260231 248.00 953

0.328244 43.00 131
0.229508 56.00 244
0.086294 17.00 197
0.284281 255.00 897
0.073620 12.00 163

0.209677 78.00 372
0.004762 3.00 630
0.151316 23.00 152
0.286232 79.00 276
0.347737 169.00 486

0.205674 58.00 282
0.264237 116.00 439
0.150000 27.00 180
0.137405 90.00 655
0.240000 24.00 100

0.131818 29.00 220
0.117978 21.00 178
0.112532 44.00 391
0.064897 22.00 339
0.573585 152.00 265

0.161538 42.00 260
0.305677 70.00 229
0.083333 9.00 108
0.236842 81.00 342
0.210526 24.00 114

0.205742 43.00 209
0.093750 24.00 256
0.390533 198.00 507
0.299213 114.00 381
0.007519 1.00 133

0.034783 4.00 115
0.129412 44.00 340
0.400703 228.00 569
0.288462 30.00 104
0.154472 19.00 123

0.001634 1.00 612
0.126904 25.00 197
0.023121 16.00 692
0.422434 354.00 838
0.420000 42.00 100

0.384615 85.00 221
0.215686 44.00 204
0.302452 111.00 367
0.025105 12.00 478
0.072398 16.00 221

0.425606 123.00 289
0.263158 90.00 342
0.019208 16.00 833
0.197869 130.00 657
0.091720 72.00 785

0.313725 32.00 102
0.129747 41.00 316
0.161054 110.00 683
0.293051 291.00 993
0.107607 58.00 539

0.093110 50.00 537
0.130000 13.00 100
0.392670 300.00 764
0.148936 63.00 423
0.233766 36.00 154

0.169333 127.00 750
0.124130 107.00 862
0.470213 221.00 470
0.060659 35.00 577
0.178744 37.00 207

0.094737 90.00 950
0.066163 35.00 529
0.348214 234.00 672
0.444862 355.00 798
0.042553 6.00 141

0.070270 13.00 185
0.447761 120.00 268
0.190083 23.00 121
0.123512 83.00 672
0.170732 21.00 123

0.484375 62.00 128
0.079239 50.00 631
0.189796 93.00 490
0.057803 10.00 173
0.191304 22.00 115

0.087079 31.00 356
0.097378 26.00 267
0.206803 152.00 735
0.097744 13.00 133
0.511521 111.00 217

0.343602 145.00 422
0.312195 128.00 410
0.013793 8.00 580
0.151292 82.00 542
0.178378 33.00 185

0.003623 1.00 276
0.289673 115.00 397
0.003273 2.00 611
0.426966 114.00 267
0.277657 128.00 461

0.025381 5.00 197
0.121019 19.00 157
0.384211 292.00 760
0.210191 66.00 314
0.261097 100.00 383

0.097765 35.00 358
0.004348 1.00 230
0.030137 11.00 365
0.024845 4.00 161
0.846154 330.00 390

0.265101 158.00 596
0.194444 49.00 252
0.306604 65.00 212
0.214765 96.00 447
0.020478 6.00 293

0.157895 24.00 152
0.080745 13.00 161
0.315254 93.00 295
0.290938 183.00 629
0.156863 40.00 255

0.326347 109.00 334
0.175676 26.00 148
0.037037 5.00 135
0.370166 67.00 181
0.090373 46.00 509

0.419672 128.00 305
0.047753 17.00 356
0.174968 137.00 783
0.187345 151.00 806
0.171633 144.00 839

0.007916 3.00 379
0.097872 23.00 235
0.113786 52.00 457
0.616541 82.00 133
0.166494 161.00 967

0.220137 129.00 586
0.233143 204.00 875
0.095858 81.00 845
0.322314 78.00 242
0.129380 48.00 371

0.133047 31.00 233
0.141914 43.00 303
0.049505 5.00 101
0.614865 91.00 148
0.060222 38.00 631

0.657375 566.00 861
0.077465 11.00 142
0.035242 8.00 227
0.080000 12.00 150
0.150350 86.00 572

0.144105 33.00 229
0.347759 225.00 647
0.120370 26.00 216
0.016701 8.00 479
0.373397 233.00 624

0.033921 25.00 737
0.064417 63.00 978
0.045714 8.00 175
0.001733 1.00 577
0.853047 238.00 279

0.490385 51.00 104
0.200393 102.00 509
0.098630 36.00 365
0.017544 2.00 114
0.196970 65.00 330

0.132759 77.00 580
0.178571 25.00 140
0.474227 138.00 291
0.190367 83.00 436
0.027363 11.00 402

0.198198 44.00 222
0.101266 88.00 869
0.204778 60.00 293
0.479592 423.00 882
0.016340 5.00 306

0.215078 97.00 451
0.622318 145.00 233
0.046448 17.00 366
0.005208 1.00 192
0.111524 30.00 269

0.123153 25.00 203
0.296154 154.00 520
0.228758 175.00 765
0.026596 10.00 376
0.323972 323.00 997

0.105556 38.00 360
0.246377 34.00 138
0.240310 31.00 129
0.396197 250.00 631
0.008696 1.00 115

0.522831 229.00 438
0.095588 91.00 952
0.205357 161.00 784
0.037500 9.00 240
0.136150 87.00 639

0.108527 14.00 129
0.050847 9.00 177
0.239714 134.00 559
0.346555 166.00 479
0.250996 63.00 251

0.348993 52.00 149
0.059880 10.00 167
0.385827 49.00 127
0.145709 73.00 501
0.067017 51.00 761

0.175000 21.00 120
0.204861 118.00 576
0.146067 78.00 534
0.295455 39.00 132
0.174359 34.00 195

0.266055 29.00 109
0.024862 18.00 724
0.016000 2.00 125
0.564315 272.00 482
0.129231 126.00 975

0.226190 38.00 168
0.045549 44.00 966
0.103175 13.00 126
0.584906 93.00 159
0.042373 25.00 590

0.862069 100.00 116
0.043478 7.00 161
0.016990 7.00 412
0.007463 1.00 134
0.066540 35.00 526

0.293706 84.00 286
0.057143 6.00 105
0.292842 135.00 461
0.203390 24.00 118
0.154461 116.00 751

0.232432 43.00 185
0.093264 36.00 386
0.318565 151.00 474
0.325203 40.00 123
0.025921 19.00 733

0.455497 87.00 191
0.297759 279.00 937
0.027426 26.00 948
0.092827 22.00 237
0.127572 31.00 243

0.076509 71.00 928
0.135714 19.00 140
0.235294 204.00 867
0.097345 11.00 113
0.453552 166.00 366

0.170330 62.00 364
0.205418 91.00 443
0.209486 53.00 253
0.037170 31.00 834
0.381750 205.00 537

0.139717 89.00 637
0.165605 26.00 157
0.287129 58.00 202
0.080357 9.00 112
0.332661 165.00 496

0.153439 58.00 378
0.508163 249.00 490
0.108173 45.00 416
0.198113 21.00 106
0.034582 12.00 347

0.002242 1.00 446
0.208633 29.00 139
0.046599 37.00 794
0.276119 148.00 536
0.466504 383.00 821

0.046512 12.00 258
0.176895 98.00 554
0.329545 58.00 176
0.125000 18.00 144
0.321678 92.00 286

0.114583 88.00 768
0.398276 231.00 580
0.018587 5.00 269
0.285421 139.00 487
0.183099 26.00 142

0.436975 156.00 357
0.456204 125.00 274
0.002857 1.00 350
0.011561 2.00 173
0.093939 31.00 330

0.066038 21.00 318
0.287234 81.00 282
0.036765 15.00 408
0.327586 76.00 232
0.281585 263.00 934

0.034884 6.00 172
0.067039 12.00 179
0.482270 136.00 282
0.322404 59.00 183
0.088083 17.00 193

0.108911 22.00 202
0.276498 60.00 217
0.137255 35.00 255
0.173913 132.00 759
0.301887 64.00 212

0.283951 46.00 162
0.225738 107.00 474
0.171629 98.00 571
0.119171 23.00 193
0.204348 47.00 230

0.035398 4.00 113
0.108484 78.00 719
0.354701 166.00 468
0.294915 87.00 295
0.202806 159.00 784

0.003584 1.00 279
0.362205 46.00 127
0.435556 98.00 225
0.007533 4.00 531
0.192982 55.00 285

0.154246 89.00 577
0.249626 167.00 669
0.275261 79.00 287
0.016529 2.00 121
0.302932 93.00 307

0.111111 62.00 558
0.121399 118.00 972
0.219626 94.00 428
0.329787 62.00 188
0.216216 88.00 407

0.075862 11.00 145
0.528000 132.00 250
0.131387 54.00 411
0.089474 17.00 190
0.183206 24.00 131

0.185185 130.00 702
0.309028 89.00 288
0.059957 56.00 934
0.006068 5.00 824
0.440204 173.00 393

0.023364 5.00 214
0.602484 194.00 322
0.011429 10.00 875
0.231969 119.00 513
0.130824 73.00 558

0.080000 16.00 200
0.014870 4.00 269
0.469505 408.00 869
0.237333 89.00 375
0.198068 41.00 207

0.124567 72.00 578
0.398876 71.00 178
0.173077 36.00 208
0.246324 134.00 544
0.052174 6.00 115

0.222222 188.00 846
0.474126 339.00 715
0.089494 23.00 257
0.206897 24.00 116
0.007663 2.00 261

0.019194 10.00 521
0.102941 56.00 544
0.101562 39.00 384
0.642857 72.00 112
0.132450 80.00 604

0.017123 5.00 292
0.014409 5.00 347
0.263158 30.00 114
0.395245 266.00 673
0.308311 115.00 373

0.158990 107.00 673
0.103327 59.00 571
0.039531 27.00 683
0.597484 95.00 159
0.102293 58.00 567

0.145503 55.00 378
0.039604 8.00 202
0.600601 400.00 666
0.101818 28.00 275
0.110701 30.00 271

0.212766 40.00 188
0.348993 52.00 149
0.070959 54.00 761
0.210938 54.00 256
0.153460 153.00 997

0.044674 13.00 291
0.116279 15.00 129
0.125917 103.00 818
0.427027 79.00 185
0.282258 35.00 124

0.101695 36.00 354
0.341697 286.00 837
0.319635 70.00 219
0.091082 48.00 527
0.147651 44.00 298

0.112782 15.00 133
0.200780 103.00 513
0.128920 74.00 574
0.031873 16.00 502
0.525346 114.00 217

0.389961 101.00 259
0.101010 20.00 198
0.388350 80.00 206
0.106849 39.00 365
0.016103 10.00 621

0.041131 16.00 389
0.004914 2.00 407
0.070126 50.00 713
0.552434 295.00 534
0.332016 252.00 759

0.121622 18.00 148
0.273292 44.00 161
0.004065 1.00 246
0.482972 156.00 323
0.120172 56.00 466

0.083969 11.00 131
0.090909 37.00 407
0.093291 89.00 954
0.415094 66.00 159
0.317073 52.00 164

0.187817 37.00 197
0.013643 10.00 733
0.027149 6.00 221
0.518560 461.00 889
0.250000 40.00 160

0.282520 139.00 492
0.018373 14.00 762
0.044444 6.00 135
0.156425 28.00 179
0.501299 193.00 385

0.373821 317.00 848
0.019868 3.00 151
0.362676 206.00 568
0.202247 198.00 979
0.041456 41.00 989

0.027624 5.00 181
0.234667 88.00 375
0.297143 104.00 350
0.394161 54.00 137
0.047733 20.00 419

0.534169 469.00 878
0.231579 44.00 190
0.159509 26.00 163
0.065574 20.00 305
0.013733 11.00 801

0.525836 173.00 329
0.033730 17.00 504
0.019608 2.00 102
0.290043 134.00 462
0.132597 24.00 181

0.113475 16.00 141
0.009539 6.00 629
0.007547 2.00 265
0.029703 3.00 101
0.842308 219.00 260

0.050410 43.00 853
0.331343 111.00 335
0.300000 84.00 280
0.259319 160.00 617
0.064220 7.00 109

0.156000 39.00 250
0.083532 35.00 419
0.095238 40.00 420
0.167539 32.00 191
0.497238 90.00 181

0.467213 57.00 122
0.051392 24.00 467
0.133208 71.00 533
0.315315 70.00 222
0.038235 13.00 340

0.105624 77.00 729
0.046784 16.00 342
0.266180 255.00 958
0.516667 93.00 180
0.061404 7.00 114

0.295238 31.00 105
0.352000 44.00 125
0.013387 10.00 747
0.274510 28.00 102
0.060606 42.00 693

0.021645 5.00 231
0.295455 39.00 132
0.008929 8.00 896
0.387435 148.00 382
0.293651 37.00 126

0.245223 77.00 314
0.304945 111.00 364
0.238710 37.00 155
0.143939 19.00 132
0.070652 13.00 184

0.069869 48.00 687
0.454955 101.00 222
0.206452 32.00 155
0.229508 70.00 305
0.037344 9.00 241

0.017167 4.00 233
0.185941 82.00 441
0.167382 156.00 932
0.400000 100.00 250
0.228614 155.00 678

0.207947 157.00 755
0.077670 8.00 103
0.596386 99.00 166
0.060201 18.00 299
0.065421 7.00 107

0.345455 76.00 220
0.212014 60.00 283
0.076923 12.00 156
0.227642 56.00 246
0.137143 24.00 175

0.440789 67.00 152
0.289062 74.00 256
0.140000 14.00 100
0.093525 13.00 139
0.041379 6.00 145

0.038462 17.00 442
0.380000 57.00 150
0.238532 78.00 327
0.214815 87.00 405
0.130742 37.00 283

0.148649 22.00 148
0.380000 133.00 350
0.409496 276.00 674
0.050000 6.00 120
0.011958 8.00 669

0.182796 34.00 186
0.150485 31.00 206
0.573333 86.00 150
0.002232 1.00 448
0.088889 12.00 135

0.219966 130.00 591
0.308017 73.00 237
0.242812 152.00 626
0.092593 10.00 108
0.133333 16.00 120

0.104072 23.00 221
0.484615 63.00 130
0.133333 24.00 180
0.061269 28.00 457
0.222720 149.00 669

0.027027 3.00 111
0.191176 91.00 476
0.484979 226.00 466
0.211864 25.00 118
0.080357 9.00 112

0.531250 442.00 832
0.184211 42.00 228
0.163793 38.00 232
0.078431 8.00 102
0.038760 35.00 903

0.381443 222.00 582
0.150838 27.00 179
0.207317 34.00 164
0.177700 51.00 287
0.080808 16.00 198

0.143868 61.00 424
0.459574 216.00 470
0.144828 42.00 290
0.202222 91.00 450
0.046070 17.00 369

0.098522 20.00 203
0.214953 23.00 107
0.019455 10.00 514
0.467890 51.00 109
0.197452 31.00 157

0.193396 123.00 636
0.165899 36.00 217
0.285088 65.00 228
0.167832 24.00 143
0.188716 97.00 514

0.058621 51.00 870
0.064073 56.00 874
0.129085 79.00 612
0.431373 44.00 102
0.316384 56.00 177

0.197107 109.00 553
0.135135 15.00 111
0.277311 33.00 119
0.152882 61.00 399
0.238748 122.00 511

0.018868 3.00 159
0.349650 50.00 143
0.090323 14.00 155
0.292857 41.00 140
0.252555 173.00 685

0.142857 28.00 196
0.345013 128.00 371
0.102041 15.00 147
0.125673 70.00 557
0.281465 123.00 437

0.015748 2.00 127
0.350932 113.00 322
0.452991 159.00 351
0.134021 26.00 194
0.048611 7.00 144

0.224000 112.00 500
0.117581 105.00 893
0.315315 70.00 222
0.120690 35.00 290
0.221239 50.00 226

0.217857 61.00 280
0.420732 69.00 164
0.023897 13.00 544
0.134091 59.00 440
0.204380 84.00 411

0.017742 11.00 620
0.331492 120.00 362
0.023622 3.00 127
0.582117 319.00 548
0.043330 38.00 877

0.403509 46.00 114
0.193005 149.00 772
0.011730 4.00 341
0.117530 59.00 502
0.276650 109.00 394

0.517787 131.00 253
0.110672 56.00 506
0.090164 11.00 122
0.189796 93.00 490
0.094872 37.00 390

0.006098 2.00 328
0.581967 71.00 122
0.329437 310.00 941
0.018223 8.00 439
0.064965 56.00 862

0.597403 138.00 231
0.005263 1.00 190
0.008000 1.00 125
0.287671 63.00 219
0.105634 15.00 142

0.020534 20.00 974
0.087302 33.00 378
0.361446 60.00 166
0.277108 46.00 166
0.252874 88.00 348

0.132845 127.00 956
0.111538 29.00 260
0.433255 185.00 427
0.020619 6.00 291
0.300292 103.00 343

0.167428 110.00 657
0.132743 15.00 113
0.009009 3.00 333
0.418410 200.00 478
0.270000 27.00 100

0.318328 99.00 311
0.054054 8.00 148
0.188720 87.00 461
0.024096 4.00 166
0.414414 46.00 111

0.180180 20.00 111
0.007692 3.00 390
0.065347 33.00 505
0.300469 64.00 213
0.448980 308.00 686

0.007246 1.00 138
0.059829 7.00 117
0.515152 255.00 495
0.204050 131.00 642
0.211073 61.00 289

0.523659 498.00 951
0.069869 16.00 229
0.360190 76.00 211
0.045198 32.00 708
0.001269 1.00 788

0.008929 1.00 112
0.307143 129.00 420
0.557971 77.00 138
0.068493 20.00 292
0.062428 54.00 865

0.045365 23.00 507
0.124803 79.00 633
0.022727 3.00 132
0.158824 27.00 170
0.648019 278.00 429

0.130802 31.00 237
0.024845 12.00 483
0.786260 309.00 393
0.030864 10.00 324
0.027673 22.00 795

0.151261 36.00 238
0.032037 14.00 437
0.369369 41.00 111
0.350528 299.00 853
0.092105 21.00 228

0.230303 38.00 165
0.301746 121.00 401
0.178667 67.00 375
0.289216 59.00 204
0.002954 2.00 677

0.271255 67.00 247
0.188552 112.00 594
0.275000 33.00 120
0.022388 12.00 536
0.237624 24.00 101

0.186364 41.00 220
0.100490 41.00 408
0.354988 153.00 431
0.288754 95.00 329
0.069444 10.00 144

0.062099 58.00 934
0.327273 72.00 220
0.097065 43.00 443
0.428571 54.00 126
0.083056 50.00 602

0.229779 125.00 544
0.107280 28.00 261
0.230198 93.00 404
0.171772 157.00 914
0.261468 171.00 654

0.389937 124.00 318
0.186869 148.00 792
0.042093 37.00 879
0.149837 46.00 307
0.233645 50.00 214

0.351852 95.00 270
0.156028 66.00 423
0.240997 87.00 361
0.104348 36.00 345
0.147586 107.00 725

0.627193 143.00 228
0.111111 17.00 153
0.020833 6.00 288
0.233846 228.00 975
0.007886 5.00 634

0.191413 107.00 559
0.095718 38.00 397
0.093220 11.00 118
0.307229 102.00 332
0.315789 132.00 418

0.461538 54.00 117
0.079415 76.00 957
0.148515 30.00 202
0.060020 59.00 983
0.254777 40.00 157

0.421053 80.00 190
0.352740 103.00 292
0.067164 45.00 670
0.067073 11.00 164
0.086667 13.00 150

0.107865 96.00 890
0.206667 31.00 150
0.109937 52.00 473
0.400990 81.00 202
0.168142 19.00 113

0.164474 25.00 152
0.251266 248.00 987
0.087457 76.00 869
0.437956 120.00 274
0.060606 12.00 198

0.371094 95.00 256
0.282651 145.00 513
0.050222 34.00 677
0.176230 43.00 244
0.125000 13.00 104

0.077500 31.00 400
0.061798 33.00 534
0.244873 203.00 829
0.607143 85.00 140
0.008955 3.00 335

0.313172 233.00 744
0.055118 7.00 127
0.152000 19.00 125
0.065217 12.00 184
0.415020 315.00 759

0.181818 24.00 132
0.015873 2.00 126
0.175627 49.00 279
0.169920 148.00 871
0.456522 105.00 230

0.199764 169.00 846
0.228986 79.00 345
0.280182 123.00 439
0.047120 9.00 191
0.242604 82.00 338

0.460355 389.00 845
0.006135 3.00 489
0.326693 164.00 502
0.044304 7.00 158
0.165173 129.00 781

0.525641 164.00 312
0.120755 64.00 530
0.035211 15.00 426
0.314425 194.00 617
0.005703 3.00 526

0.130435 18.00 138
0.115854 38.00 328
0.044177 11.00 249
0.059113 12.00 203
0.655462 156.00 238

0.144134 129.00 895
0.266187 37.00 139
0.374631 254.00 678
0.184240 166.00 901
0.034826 7.00 201

0.776366 611.00 787
0.034664 33.00 952
0.101695 66.00 649
0.030177 29.00 961
0.058031 56.00 965

0.059299 22.00 371
0.310185 134.00 432
0.173913 40.00 230
0.325088 92.00 283
0.128889 29.00 225

0.099792 48.00 481
0.132924 65.00 489
0.155914 58.00 372
0.258427 46.00 178
0.352617 256.00 726

0.119403 40.00 335
0.015521 7.00 451
0.496894 80.00 161
0.162076 153.00 944
0.205607 22.00 107

0.124629 42.00 337
0.332402 238.00 716
0.044568 16.00 359
0.271429 57.00 210
0.227273 85.00 374

0.173554 21.00 121
0.015419 7.00 454
0.139298 123.00 883
0.543895 539.00 991
0.129730 24.00 185

0.277978 154.00 554
0.070000 7.00 100
0.006682 3.00 449
0.620767 275.00 443
0.028509 13.00 456

0.394256 151.00 383
0.322115 67.00 208
0.148472 136.00 916
0.078329 30.00 383
0.059448 28.00 471

0.358621 260.00 725
0.324009 139.00 429
0.081761 13.00 159
0.137484 106.00 771
0.097561 16.00 164

0.040293 11.00 273
0.219595 130.00 592
0.298913 55.00 184
0.089151 83.00 931
0.348315 341.00 979

0.091346 19.00 208
0.192308 55.00 286
0.116667 14.00 120
0.288210 198.00 687
0.309231 201.00 650

0.060870 21.00 345
0.032345 24.00 742
0.793548 123.00 155
0.058333 7.00 120
0.054795 12.00 219

0.058209 39.00 670
0.017241 4.00 232
0.116279 15.00 129
0.154412 21.00 136
0.652278 272.00 417

0.256410 60.00 234
0.549383 89.00 162
0.116537 105.00 901
0.074157 33.00 445
0.004886 3.00 614

0.036036 4.00 111
0.590551 75.00 127
0.195994 137.00 699
0.109589 16.00 146
0.070000 7.00 100

0.046729 5.00 107
0.141522 106.00 749
0.456221 99.00 217
0.264957 62.00 234
0.088785 19.00 214

0.115566 49.00 424
0.273810 69.00 252
0.082237 25.00 304
0.496788 232.00 467
0.035398 4.00 113

0.493827 80.00 162
0.047841 41.00 857
0.307018 35.00 114
0.041667 9.00 216
0.107143 33.00 308

0.171429 24.00 140
0.222222 72.00 324
0.067797 16.00 236
0.266319 102.00 383
0.270270 120.00 444

0.120000 18.00 150
0.286942 167.00 582
0.192771 48.00 249
0.142857 47.00 329
0.256000 96.00 375

0.210309 102.00 485
0.336700 100.00 297
0.187305 180.00 961
0.144860 31.00 214
0.122449 42.00 343

0.225000 27.00 120
0.238994 38.00 159
0.054658 44.00 805
0.342342 152.00 444
0.135266 28.00 207

0.180662 71.00 393
0.502347 107.00 213
0.077419 12.00 155
0.112403 58.00 516
0.127273 28.00 220

0.208989 93.00 445
0.125000 19.00 152
0.489796 96.00 196
0.088435 26.00 294
0.090909 21.00 231

0.114943 20.00 174
0.036613 16.00 437
0.200837 48.00 239
0.082000 41.00 500
0.568696 327.00 575

0.080292 11.00 137
0.271150 125.00 461
0.605898 226.00 373
0.016949 2.00 118
0.027859 19.00 682

0.490741 53.00 108
0.076443 49.00 641
0.338164 70.00 207
0.054054 6.00 111
0.042453 9.00 212

0.002469 1.00 405
0.676385 232.00 343
0.053061 26.00 490
0.045045 5.00 111
0.225806 49.00 217

0.395722 74.00 187
0.042553 40.00 940
0.273504 32.00 117
0.209486 53.00 253
0.076023 26.00 342

0.341954 119.00 348
0.118012 19.00 161
0.367647 100.00 272
0.125000 24.00 192
0.047368 9.00 190

0.414579 182.00 439
0.041667 10.00 240
0.010050 2.00 199
0.482456 110.00 228
0.051724 18.00 348

0.014815 2.00 135
0.005764 2.00 347
0.148855 117.00 786
0.072664 63.00 867
0.757862 241.00 318

0.022727 4.00 176
0.231818 51.00 220
0.393617 74.00 188
0.129167 31.00 240
0.225641 176.00 780

0.282609 39.00 138
0.455008 268.00 589
0.167028 154.00 922
0.005000 1.00 200
0.084112 36.00 428

0.556782 353.00 634
0.014837 5.00 337
0.268293 55.00 205
0.002886 2.00 693
0.159864 47.00 294

0.117188 75.00 640
0.097087 10.00 103
0.054127 40.00 739
0.563319 258.00 458
0.164859 76.00 461

0.142857 25.00 175
0.541226 256.00 473
0.066176 9.00 136
0.161850 56.00 346
0.092437 66.00 714

0.381625 108.00 283
0.103093 30.00 291
0.230769 39.00 169
0.224787 185.00 823
0.056872 12.00 211

0.343066 329.00 959
0.342033 249.00 728
0.090226 12.00 133
0.113725 87.00 765
0.107056 44.00 411

0.120155 31.00 258
0.024155 15.00 621
0.422535 60.00 142
0.044625 22.00 493
0.388000 97.00 250

0.113043 39.00 345
0.099042 31.00 313
0.114396 89.00 778
0.504132 244.00 484
0.167315 43.00 257

0.360743 136.00 377
0.074271 28.00 377
0.181818 30.00 165
0.008299 2.00 241
0.375000 345.00 920

0.390411 57.00 146
0.274510 28.00 102
0.106383 15.00 141
0.160279 46.00 287
0.071090 30.00 422

0.058824 22.00 374
0.248466 162.00 652
0.230903 133.00 576
0.066253 32.00 483
0.396594 163.00 411

0.006944 1.00 144
0.700974 504.00 719
0.005025 3.00 597
0.194915 23.00 118
0.087786 23.00 262

0.434164 122.00 281
0.066272 56.00 845
0.246032 62.00 252
0.196532 68.00 346
0.053691 8.00 149

0.039419 19.00 482
0.024490 6.00 245
0.435574 311.00 714
0.079268 26.00 328
0.423326 392.00 926

0.226087 52.00 230
0.326873 253.00 774
0.197232 114.00 578
0.021008 5.00 238
0.227273 25.00 110

0.012113 9.00 743
0.226601 46.00 203
0.648352 177.00 273
0.035242 16.00 454
0.080082 39.00 487

0.065116 14.00 215
0.011976 8.00 668
0.402135 113.00 281
0.166667 31.00 186
0.355556 48.00 135

0.182266 37.00 203
0.115987 37.00 319
0.236515 57.00 241
0.307339 67.00 218
0.158602 59.00 372

0.024845 4.00 161
0.017403 13.00 747
0.267760 49.00 183
0.609589 178.00 292
0.075000 15.00 200

0.083333 16.00 192
0.180952 133.00 735
0.313636 69.00 220
0.262069 38.00 145
0.156805 53.00 338

0.185393 33.00 178
0.122807 14.00 114
0.125828 19.00 151
0.131387 126.00 959
0.433962 46.00 106

0.040678 12.00 295
0.183099 26.00 142
0.087671 32.00 365
0.672131 451.00 671
0.015674 5.00 319

0.294931 64.00 217
0.089820 15.00 167
0.275000 33.00 120
0.044983 13.00 289
0.298787 271.00 907

0.130742 37.00 283
0.236446 157.00 664
0.205882 49.00 238
0.388222 356.00 917
0.037037 6.00 162

0.330097 34.00 103
0.392027 354.00 903
0.014388 2.00 139
0.144000 18.00 125
0.127341 102.00 801

0.079306 64.00 807
0.503876 65.00 129
0.097561 40.00 410
0.216667 26.00 120
0.103448 15.00 145

0.028909 22.00 761
0.522042 450.00 862
0.021220 8.00 377
0.141243 75.00 531
0.286713 41.00 143

0.316514 69.00 218
0.189824 97.00 511
0.163366 99.00 606
0.063516 43.00 677
0.265957 50.00 188

0.048000 6.00 125
0.089354 47.00 526
0.266304 49.00 184
0.024096 4.00 166
0.571429 124.00 217

0.081761 26.00 318
0.229839 228.00 992
0.444811 270.00 607
0.157895 78.00 494
0.087963 19.00 216

0.410256 64.00 156
0.245665 85.00 346
0.199074 43.00 216
0.104478 35.00 335
0.038817 21.00 541

0.063492 8.00 126
0.089494 23.00 257
0.318519 86.00 270
0.025605 18.00 703
0.506931 256.00 505

0.421569 43.00 102
0.127473 58.00 455
0.053991 46.00 852
0.010256 4.00 390
0.380531 43.00 113

0.134961 105.00 778
0.562929 492.00 874
0.208738 172.00 824
0.082645 20.00 242
0.010681 8.00 749

0.342342 38.00 111
0.146470 139.00 949
0.230303 38.00 165
0.069565 16.00 230
0.211454 48.00 227

0.303309 165.00 544
0.067227 8.00 119
0.180049 74.00 411
0.038314 10.00 261
0.410765 145.00 353

0.277419 43.00 155
0.187500 21.00 112
0.328000 123.00 375
0.057143 6.00 105
0.144654 69.00 477

0.223881 45.00 201
0.167832 24.00 143
0.341985 224.00 655
0.049774 44.00 884
0.216049 35.00 162

0.068871 25.00 363
0.346622 313.00 903
0.400000 46.00 115
0.153846 20.00 130
0.025000 6.00 240

0.074074 56.00 756
0.171053 104.00 608
0.093750 12.00 128
0.193220 57.00 295
0.467866 182.00 389

0.067285 29.00 431
0.127907 22.00 172
0.690402 446.00 646
0.029851 6.00 201
0.089122 68.00 763

0.012422 2.00 161
0.237374 188.00 792
0.216152 182.00 842
0.028846 3.00 104
0.508197 124.00 244

0.126241 89.00 705
0.049430 13.00 263
0.125000 19.00 152
0.319149 90.00 282
0.377358 60.00 159

0.260177 147.00 565
0.186220 100.00 537
0.172740 128.00 741
0.093827 38.00 405
0.284519 68.00 239

0.239234 50.00 209
0.032086 12.00 374
0.281513 67.00 238
0.147710 100.00 677
0.303030 190.00 627

0.098592 14.00 142
0.259336 125.00 482
0.261261 29.00 111
0.122711 67.00 546
0.254032 63.00 248

0.287234 54.00 188
0.005208 1.00 192
0.492401 162.00 329
0.116505 48.00 412
0.097837 95.00 971

0.049689 32.00 644
0.049046 36.00 734
0.316073 293.00 927
0.179245 19.00 106
0.408730 103.00 252

0.009728 5.00 514
0.004292 1.00 233
0.084775 49.00 578
0.321429 54.00 168
0.582043 188.00 323

0.094313 68.00 721
0.092072 36.00 391
0.680147 185.00 272
0.083665 21.00 251
0.050633 16.00 316

0.285714 48.00 168
0.214575 106.00 494
0.024155 20.00 828
0.333333 65.00 195
0.143646 52.00 362

0.418557 406.00 970
0.026059 8.00 307
0.101351 15.00 148
0.301663 127.00 421
0.153846 56.00 364

0.215247 96.00 446
0.125000 21.00 168
0.059809 25.00 418
0.505330 474.00 938
0.093207 59.00 633

0.116340 89.00 765
0.123810 65.00 525
0.035639 34.00 954
0.130178 22.00 169
0.594175 306.00 515

0.319672 39.00 122
0.129512 61.00 471
0.297189 148.00 498
0.014957 7.00 468
0.235294 36.00 153

0.105263 16.00 152
0.455587 318.00 698
0.050505 15.00 297
0.204724 26.00 127
0.179856 25.00 139

0.278396 125.00 449
0.041885 32.00 764
0.080460 14.00 174
0.302521 180.00 595
0.296296 288.00 972

0.041667 31.00 744
0.630435 232.00 368
0.037037 4.00 108
0.250000 74.00 296
0.042975 26.00 605

0.212337 179.00 843
0.234339 101.00 431
0.019417 4.00 206
0.449838 139.00 309
0.081967 15.00 183

0.057971 16.00 276
0.177570 19.00 107
0.222841 80.00 359
0.142322 38.00 267
0.403315 73.00 181

0.451745 220.00 487
0.223077 29.00 130
0.134021 26.00 194
0.050633 32.00 632
0.139955 124.00 886

0.195426 94.00 481
0.210938 27.00 128
0.307302 303.00 986
0.244186 147.00 602
0.046154 18.00 390

0.005155 4.00 776
0.239008 212.00 887
0.005464 4.00 732
0.509174 111.00 218
0.241987 151.00 624

0.016129 3.00 186
0.272277 55.00 202
0.222222 98.00 441
0.400233 343.00 857
0.088722 59.00 665

0.055402 20.00 361
0.368421 126.00 342
0.455556 82.00 180
0.063939 25.00 391
0.056452 7.00 124

0.512868 279.00 544
0.142857 16.00 112
0.177778 24.00 135
0.080000 8.00 100
0.090476 38.00 420

0.218225 182.00 834
0.041298 14.00 339
0.107692 14.00 130
0.621469 110.00 177
0.009709 1.00 103

0.211845 93.00 439
0.372129 243.00 653
0.199588 194.00 972
0.045714 8.00 175
0.167702 27.00 161

0.217195 48.00 221
0.131387 18.00 137
0.028571 6.00 210
0.301887 288.00 954
0.317164 85.00 268

0.126697 28.00 221
0.056555 22.00 389
0.014286 2.00 140
0.183486 20.00 109
0.616923 401.00 650

0.284289 228.00 802
0.005405 1.00 185
0.331148 101.00 305
0.042345 13.00 307
0.338028 72.00 213

0.292308 38.00 130
0.081301 10.00 123
0.240000 24.00 100
0.042017 5.00 119
0.342697 61.00 178

0.633562 370.00 584
0.141860 122.00 860
0.044071 42.00 953
0.114620 98.00 855
0.063348 28.00 442

0.135945 59.00 434
0.322457 168.00 521
0.072765 35.00 481
0.428354 281.00 656
0.040650 5.00 123

0.009009 2.00 222
0.207262 137.00 661
0.068182 9.00 132
0.485507 67.00 138
0.231373 118.00 510

0.041312 34.00 823
0.152475 77.00 505
0.114379 35.00 306
0.455927 450.00 987
0.237557 105.00 442

0.163158 31.00 190
0.106383 20.00 188
0.425641 83.00 195
0.239669 58.00 242
0.065169 58.00 890

0.090625 58.00 640
0.142857 98.00 686
0.481153 217.00 451
0.282230 81.00 287
0.007463 3.00 402

0.191011 34.00 178
0.159664 38.00 238
0.205479 165.00 803
0.179272 64.00 357
0.262931 61.00 232

0.149378 36.00 241
0.117241 17.00 145
0.492515 329.00 668
0.138199 89.00 644
0.099024 71.00 717

0.509579 133.00 261
0.235795 166.00 704
0.109853 97.00 883
0.089219 24.00 269
0.058824 8.00 136

0.066351 14.00 211
0.479722 414.00 863
0.144366 41.00 284
0.011211 5.00 446
0.297872 70.00 235

0.400000 192.00 480
0.011555 11.00 952
0.396617 211.00 532
0.092437 11.00 119
0.100000 17.00 170

0.017107 11.00 643
0.331486 299.00 902
0.374111 263.00 703
0.047619 19.00 399
0.231343 31.00 134

0.032787 10.00 305
0.338870 102.00 301
0.022059 12.00 544
0.190751 132.00 692
0.416352 331.00 795

0.296296 72.00 243
0.435407 182.00 418
0.006431 2.00 311
0.078667 59.00 750
0.185946 172.00 925

0.484058 167.00 345
0.043147 17.00 394
0.133333 22.00 165
0.263333 158.00 600
0.073871 54.00 731

0.006579 2.00 304
0.125776 81.00 644
0.074742 29.00 388
0.562005 426.00 758
0.229167 44.00 192

0.129630 14.00 108
0.236287 56.00 237
0.350000 35.00 100
0.241830 37.00 153
0.038017 23.00 605

0.550186 296.00 538
0.139535 24.00 172
0.079618 75.00 942
0.087912 48.00 546
0.147059 35.00 238

0.130682 69.00 528
0.104811 61.00 582
0.028037 3.00 107
0.689394 273.00 396
0.051852 7.00 135

0.047423 23.00 485
0.025735 7.00 272
0.057937 50.00 863
0.616000 77.00 125
0.254808 53.00 208

0.159159 53.00 333
0.067164 9.00 134
0.146789 16.00 109
0.146154 19.00 130
0.482639 139.00 288

0.080723 67.00 830
0.232704 37.00 159
0.012821 2.00 156
0.101571 97.00 955
0.572903 444.00 775

0.149123 17.00 114
0.069374 41.00 591
0.158333 19.00 120
0.482759 140.00 290
0.140244 23.00 164

0.038647 32.00 828
0.197652 101.00 511
0.484256 446.00 921
0.232955 41.00 176
0.047138 14.00 297

0.370833 267.00 720
0.184874 22.00 119
0.163158 31.00 190
0.259259 28.00 108
0.019455 5.00 257

0.281755 122.00 433
0.195219 49.00 251
0.009950 2.00 201
0.100000 13.00 130
0.414878 290.00 699

0.068768 24.00 349
0.066667 8.00 120
0.307018 35.00 114
0.180124 145.00 805
0.376812 286.00 759

0.281593 205.00 728
0.229226 80.00 349
0.213740 56.00 262
0.042373 5.00 118
0.230366 44.00 191

0.349673 107.00 306
0.003275 3.00 916
0.143426 36.00 251
0.145506 102.00 701
0.359010 261.00 727

0.766990 158.00 206
0.008929 1.00 112
0.059219 44.00 743
0.159624 34.00 213
0.004386 2.00 456

0.134752 19.00 141
0.183824 75.00 408
0.443243 410.00 925
0.225806 70.00 310
0.013051 8.00 613

0.458333 66.00 144
0.023196 9.00 388
0.153846 58.00 377
0.131387 36.00 274
0.231481 25.00 108

0.005312 4.00 753
0.003861 1.00 259
0.151584 67.00 442
0.492424 65.00 132
0.346939 68.00 196

0.737805 242.00 328
0.014815 2.00 135
0.026427 25.00 946
0.174174 58.00 333
0.047970 26.00 542

0.330544 158.00 478
0.439189 195.00 444
0.002551 1.00 392
0.190083 138.00 726
0.038348 13.00 339

0.099099 22.00 222
0.327731 39.00 119
0.227848 36.00 158
0.250623 201.00 802
0.093284 25.00 268

0.174436 116.00 665
0.118694 40.00 337
0.131868 24.00 182
0.213115 26.00 122
0.364522 187.00 513

0.116883 27.00 231
0.044747 23.00 514
0.102819 62.00 603
0.730973 413.00 565
0.004630 2.00 432

0.076733 31.00 404
0.145266 112.00 771
0.649587 393.00 605
0.064000 8.00 125
0.061611 13.00 211

0.194647 80.00 411
0.050100 25.00 499
0.351955 63.00 179
0.172632 82.00 475
0.233385 151.00 647

0.320423 91.00 284
0.264339 106.00 401
0.017628 11.00 624
0.363354 117.00 322
0.034483 6.00 174

0.078431 60.00 765
0.492386 97.00 197
0.316206 80.00 253
0.083650 44.00 526
0.031700 22.00 694

0.064439 27.00 419
0.578475 129.00 223
0.075332 51.00 677
0.022857 8.00 350
0.264706 27.00 102

0.463110 408.00 881
0.146805 85.00 579
0.057377 14.00 244
0.120850 91.00 753
0.210526 56.00 266

0.374172 226.00 604
0.138235 47.00 340
0.183824 100.00 544
0.139140 123.00 884
0.166667 20.00 120

0.181955 121.00 665
0.310345 36.00 116
0.327747 176.00 537
0.120833 116.00 960
0.055738 17.00 305

0.200935 43.00 214
0.308621 179.00 580
0.086957 12.00 138
0.136752 32.00 234
0.268116 37.00 138

0.014760 12.00 813
0.041096 9.00 219
0.257353 35.00 136
0.573585 152.00 265
0.108069 75.00 694

0.318991 215.00 674
0.412500 231.00 560
0.099476 19.00 191
0.143438 141.00 983
0.026316 3.00 114

0.380546 223.00 586
0.036011 13.00 361
0.052388 34.00 649
0.356688 112.00 314
0.171504 65.00 379

0.049296 7.00 142
0.362319 100.00 276
0.070039 36.00 514
0.077652 41.00 528
0.441860 57.00 129

0.152632 29.00 190
0.237288 42.00 177
0.142222 32.00 225
0.274510 28.00 102
0.191304 132.00 690

0.225564 30.00 133
0.063291 30.00 474
0.496350 68.00 137
0.200000 25.00 125
0.015267 2.00 131

0.452947 438.00 967
0.046948 30.00 639
0.064220 35.00 545
0.431772 212.00 491
0.003367 1.00 297

0.007650 7.00 915
0.304762 32.00 105
0.190840 25.00 131
0.166667 20.00 120
0.333333 268.00 804

0.168303 120.00 713
0.525522 453.00 862
0.003636 1.00 275
0.219394 181.00 825
0.084320 57.00 676

0.200000 23.00 115
0.025295 15.00 593
0.512249 460.00 898
0.026316 3.00 114
0.234043 33.00 141

0.235294 80.00 340
0.047739 19.00 398
0.190141 54.00 284
0.408751 383.00 937
0.117647 16.00 136

0.137405 18.00 131
0.427536 59.00 138
0.028340 14.00 494
0.006536 1.00 153
0.397380 91.00 229

0.276753 75.00 271
0.438806 147.00 335
0.174419 30.00 172
0.074219 19.00 256
0.035294 9.00 255

0.476615 214.00 449
0.070588 12.00 170
0.122283 45.00 368
0.297561 244.00 820
0.032520 4.00 123

0.620370 201.00 324
0.098240 67.00 682
0.044693 8.00 179
0.228707 145.00 634
0.009119 3.00 329

0.094697 25.00 264
0.492462 98.00 199
0.135635 110.00 811
0.214286 30.00 140
0.062580 49.00 783

0.066667 7.00 105
0.360478 332.00 921
0.149675 69.00 461
0.110092 12.00 109
0.315789 54.00 171

0.015789 3.00 190
0.531915 100.00 188
0.068627 14.00 204
0.197674 51.00 258
0.189271 187.00 988

0.302671 102.00 337
0.030108 14.00 465
0.166667 94.00 564
0.239006 125.00 523
0.262431 95.00 362

0.456693 58.00 127
0.255245 73.00 286
0.239196 238.00 995
0.016477 13.00 789
0.040984 5.00 122

0.596844 416.00 697
0.043478 6.00 138
0.048193 8.00 166
0.146572 62.00 423
0.163399 50.00 306

0.211597 208.00 983
0.461538 48.00 104
0.124567 36.00 289
0.194729 133.00 683
0.013158 2.00 152

0.156863 56.00 357
0.077455 56.00 723
0.181818 28.00 154
0.262500 42.00 160
0.320495 233.00 727

0.207407 28.00 135
0.341410 155.00 454
0.068252 66.00 967
0.330357 74.00 224
0.056452 7.00 124

0.252294 55.00 218
0.280210 160.00 571
0.098988 88.00 889
0.012346 4.00 324
0.356350 289.00 811

0.250000 32.00 128
0.539216 55.00 102
0.006390 4.00 626
0.107955 19.00 176
0.094053 68.00 723

0.116945 98.00 838
0.071429 9.00 126
0.289575 75.00 259
0.440154 114.00 259
0.079897 31.00 388

0.313869 129.00 411
0.126126 42.00 333
0.464789 99.00 213
0.042254 6.00 142
0.055363 16.00 289

0.424149 137.00 323
0.350211 83.00 237
0.037298 37.00 992
0.180000 54.00 300
0.009459 7.00 740

0.236364 130.00 550
0.144144 16.00 111
0.093458 10.00 107
0.184751 126.00 682
0.344828 120.00 348

0.242678 58.00 239
0.454545 50.00 110
0.072261 31.00 429
0.060086 42.00 699
0.172716 138.00 799

0.008721 3.00 344
0.550661 250.00 454
0.109137 86.00 788
0.324324 36.00 111
0.006452 3.00 465

0.024691 20.00 810
0.356890 303.00 849
0.143243 53.00 370
0.257143 36.00 140
0.215553 158.00 733

0.159544 56.00 351
0.024943 11.00 441
0.698113 407.00 583
0.002364 1.00 423
0.115942 24.00 207

0.193617 91.00 470
0.396040 40.00 101
0.065259 34.00 521
0.204724 26.00 127
0.140562 105.00 747

0.107463 72.00 670
0.161616 48.00 297
0.178571 30.00 168
0.540541 60.00 111
0.018405 3.00 163

0.299652 86.00 287
0.082645 20.00 242
0.341969 66.00 193
0.103972 89.00 856
0.175084 104.00 594

0.447084 207.00 463
0.087302 22.00 252
0.189895 109.00 574
0.256275 194.00 757
0.018349 12.00 654

0.119298 34.00 285
0.197318 103.00 522
0.497041 84.00 169
0.007194 1.00 139
0.180782 111.00 614

0.503650 69.00 137
0.049438 22.00 445
0.184343 146.00 792
0.164875 46.00 279
0.096317 34.00 353

0.275362 57.00 207
0.156522 36.00 230
0.017361 5.00 288
0.032023 22.00 687
0.517544 177.00 342

0.075581 39.00 516
0.145631 15.00 103
0.036320 30.00 826
0.595070 169.00 284
0.145228 35.00 241

0.300813 74.00 246
0.177966 105.00 590
0.079310 23.00 290
0.352273 62.00 176
0.088050 56.00 636

0.216292 154.00 712
0.229008 60.00 262
0.044053 10.00 227
0.193798 25.00 129
0.320069 185.00 578

0.037123 16.00 431
0.333333 84.00 252
0.349929 246.00 703
0.001656 1.00 604
0.277267 211.00 761

0.180117 154.00 855
0.168182 37.00 220
0.183486 20.00 109
0.390845 111.00 284
0.081571 54.00 662

0.152838 105.00 687
0.080000 12.00 150
0.212828 146.00 686
0.503275 461.00 916
0.047720 45.00 943

0.318966 37.00 116
0.210526 36.00 171
0.022222 8.00 360
0.341564 83.00 243
0.108911 11.00 101

0.029656 25.00 843
0.074074 10.00 135
0.625767 102.00 163
0.048860 15.00 307
0.229730 34.00 148

0.157895 18.00 114
0.116226 101.00 869
0.360656 66.00 183
0.244094 186.00 762
0.125163 96.00 767

0.108434 18.00 166
0.278481 44.00 158
0.130916 130.00 993
0.009934 3.00 302
0.471429 66.00 140

0.123007 54.00 439
0.645963 208.00 322
0.002632 1.00 380
0.119342 29.00 243
0.108363 92.00 849

0.285714 46.00 161
0.205128 80.00 390
0.207921 21.00 101
0.219298 25.00 114
0.088496 10.00 113

0.023529 10.00 425
0.045936 13.00 283
0.264000 33.00 125
0.093458 10.00 107
0.571429 216.00 378

0.099338 75.00 755
0.656126 332.00 506
0.092379 40.00 433
0.070922 20.00 282
0.078240 32.00 409

0.325490 83.00 255
0.059829 14.00 234
0.057692 6.00 104
0.510309 99.00 194
0.042781 8.00 187

0.141509 15.00 106
0.311594 43.00 138
0.190805 166.00 870
0.146959 87.00 592
0.209091 23.00 110

0.717573 343.00 478
0.001325 1.00 755
0.029891 11.00 368
0.056604 9.00 159
0.199275 55.00 276

0.244378 163.00 667
0.059140 11.00 186
0.555781 274.00 493
0.029340 12.00 409
0.107744 32.00 297

0.162791 28.00 172
0.281863 115.00 408
0.135613 115.00 848
0.024725 18.00 728
0.397343 329.00 828

0.224287 181.00 807
0.343681 155.00 451
0.049180 6.00 122
0.238289 117.00 491
0.148649 22.00 148

0.311721 125.00 401
0.036969 20.00 541
0.460581 111.00 241
0.008600 7.00 814
0.183432 31.00 169

0.189130 87.00 460
0.018018 2.00 111
0.097938 19.00 194
0.526003 354.00 673
0.172254 149.00 865

0.052204 45.00 862
0.186312 49.00 263
0.301246 266.00 883
0.361801 233.00 644
0.098039 35.00 357

0.448864 237.00 528
0.229508 28.00 122
0.265625 34.00 128
0.048105 33.00 686
0.005780 1.00 173

0.189542 29.00 153
0.092784 36.00 388
0.300518 58.00 193
0.165680 28.00 169
0.248788 154.00 619

0.272727 39.00 143
0.170213 24.00 141
0.019324 4.00 207
0.137283 95.00 692
0.395455 87.00 220

0.098266 85.00 865
0.408696 47.00 115
0.300469 64.00 213
0.062500 10.00 160
0.131222 58.00 442

0.116162 23.00 198
0.255734 223.00 872
0.353066 167.00 473
0.257485 43.00 167
0.022989 4.00 174

0.071698 38.00 530
0.019608 2.00 102
0.635714 89.00 140
0.080460 28.00 348
0.193591 145.00 749

0.038902 17.00 437
0.026650 21.00 788
0.208661 106.00 508
0.556911 274.00 492
0.167939 22.00 131

0.309091 136.00 440
0.084906 9.00 106
0.127660 18.00 141
0.176245 92.00 522
0.297297 220.00 740

0.020134 3.00 149
0.089431 33.00 369
0.341463 84.00 246
0.190160 143.00 752
0.355072 147.00 414

0.361789 89.00 246
0.024242 4.00 165
0.085938 11.00 128
0.070064 22.00 314
0.460993 65.00 141

0.225000 27.00 120
0.235294 88.00 374
0.008043 3.00 373
0.047893 25.00 522
0.490566 52.00 106

0.211720 112.00 529
0.079365 10.00 126
0.074074 30.00 405
0.123675 35.00 283
0.509485 188.00 369

0.091405 67.00 733
0.638743 122.00 191
0.120482 70.00 581
0.028986 8.00 276
0.116613 73.00 626

0.077465 22.00 284
0.373353 255.00 683
0.208333 25.00 120
0.163866 39.00 238
0.174825 100.00 572

0.323636 89.00 275
0.154229 31.00 201
0.022140 6.00 271
0.414929 378.00 911
0.088435 13.00 147

0.173203 53.00 306
0.500000 70.00 140
0.091603 12.00 131
0.174312 19.00 109
0.055932 33.00 590

0.223256 48.00 215
0.401786 180.00 448
0.152174 35.00 230
0.055901 36.00 644
0.166667 32.00 192

0.241877 67.00 277
0.076809 52.00 677
0.035602 34.00 955
0.257143 27.00 105
0.387324 165.00 426

0.330986 94.00 284
0.061350 10.00 163
0.371429 39.00 105
0.009009 1.00 111
0.225207 218.00 968

0.102564 32.00 312
0.070270 13.00 185
0.595668 165.00 277
0.041219 23.00 558
0.192090 34.00 177

0.134021 78.00 582
0.067873 15.00 221
0.276151 66.00 239
0.165312 61.00 369
0.356347 160.00 449

0.014523 14.00 964
0.391231 232.00 593
0.098182 54.00 550
0.368056 53.00 144
0.128205 25.00 195

0.147260 43.00 292
0.098765 64.00 648
0.383178 82.00 214
0.022026 15.00 681
0.346939 51.00 147

0.121839 53.00 435
0.191011 119.00 623
0.063202 45.00 712
0.522222 94.00 180
0.105634 15.00 142

0.084149 43.00 511
0.187500 39.00 208
0.017978 8.00 445
0.014599 4.00 274
0.695279 162.00 233

0.020253 16.00 790
0.579310 84.00 145
0.222467 101.00 454
0.143229 55.00 384
0.031180 14.00 449

0.009934 3.00 302
0.294118 45.00 153
0.132584 59.00 445
0.030488 5.00 164
0.535104 282.00 527

0.093361 45.00 482
0.138996 108.00 777
0.033473 32.00 956
0.569536 344.00 604
0.165000 165.00 1000

0.294416 58.00 197
0.593202 541.00 912
0.006061 1.00 165
0.037975 6.00 158
0.064644 49.00 758

0.133333 94.00 705
0.080685 33.00 409
0.023256 10.00 430
0.156250 90.00 576
0.606667 91.00 150

0.193103 28.00 145
0.285714 66.00 231
0.302260 107.00 354
0.095097 64.00 673
0.123567 97.00 785

0.149893 70.00 467
0.033875 25.00 738
0.575342 126.00 219
0.114155 25.00 219
0.125000 30.00 240

0.293996 142.00 483
0.296386 123.00 415
0.076190 8.00 105
0.169184 56.00 331
0.164313 128.00 779

0.071730 17.00 237
0.248841 161.00 647
0.391304 153.00 391
0.144309 142.00 984
0.142663 105.00 736

0.276515 73.00 264
0.007463 1.00 134
0.318841 44.00 138
0.140244 23.00 164
0.252280 166.00 658

0.195122 120.00 615
0.407527 379.00 930
0.047619 7.00 147
0.031373 8.00 255
0.322581 50.00 155

0.044118 12.00 272
0.156566 31.00 198
0.520042 493.00 948
0.119601 36.00 301
0.162252 98.00 604

0.297814 109.00 366
0.291498 72.00 247
0.102273 18.00 176
0.283835 151.00 532
0.021097 5.00 237

0.148387 23.00 155
0.275194 71.00 258
0.342282 204.00 596
0.162037 70.00 432
0.072500 58.00 800

0.018364 11.00 599
0.464646 138.00 297
0.058824 8.00 136
0.100671 15.00 149
0.357527 133.00 372

0.049296 28.00 568
0.011401 7.00 614
0.181598 75.00 413
0.255132 174.00 682
0.503555 425.00 844

0.129568 117.00 903
0.327273 36.00 110
0.426136 75.00 176
0.097074 73.00 752
0.017970 17.00 946

0.105042 75.00 714
0.030303 4.00 132
0.229412 39.00 170
0.172691 86.00 498
0.460526 315.00 684

0.209402 49.00 234
0.070175 8.00 114
0.087379 9.00 103
0.501984 253.00 504
0.132992 52.00 391

0.043321 12.00 277
0.131514 53.00 403
0.121951 20.00 164
0.336041 331.00 985
0.363636 48.00 132

0.063253 21.00 332
0.050542 14.00 277
0.029536 7.00 237
0.031073 22.00 708
0.829201 301.00 363

0.407186 68.00 167
0.356757 132.00 370
0.107858 70.00 649
0.077670 8.00 103
0.053097 6.00 113

0.097297 18.00 185
0.435331 414.00 951
0.184783 68.00 368
0.024648 7.00 284
0.258929 87.00 336

0.122905 22.00 179
0.027473 5.00 182
0.204962 190.00 927
0.630252 300.00 476
0.011152 3.00 269

0.310559 100.00 322
0.211382 104.00 492
0.036697 16.00 436
0.294314 176.00 598
0.144809 106.00 732

0.247525 25.00 101
0.418335 397.00 949
0.040698 14.00 344
0.237154 180.00 759
0.057895 11.00 190

0.011173 2.00 179
0.079681 20.00 251
0.176471 96.00 544
0.406780 72.00 177
0.323691 235.00 726

0.325843 145.00 445
0.205805 78.00 379
0.219130 126.00 575
0.202564 79.00 390
0.045872 35.00 763

0.111628 24.00 215
0.287611 65.00 226
0.228628 115.00 503
0.335805 317.00 944
0.035971 35.00 973

0.450980 46.00 102
0.014493 3.00 207
0.384211 73.00 190
0.003155 1.00 317
0.146087 84.00 575

0.017261 15.00 869
0.080564 80.00 993
0.065868 11.00 167
0.303398 125.00 412
0.534188 250.00 468

0.453039 82.00 181
0.300752 40.00 133
0.021322 10.00 469
0.119497 19.00 159
0.108333 13.00 120

0.077441 69.00 891
0.101042 97.00 960
0.132780 64.00 482
0.603206 301.00 499
0.086294 34.00 394

0.128000 16.00 125
0.057554 24.00 417
0.252616 169.00 669
0.209567 184.00 878
0.351724 51.00 145

0.003155 1.00 317
0.198261 114.00 575
0.086066 21.00 244
0.528846 110.00 208
0.185027 173.00 935

0.196755 97.00 493
0.034043 8.00 235
0.012570 9.00 716
0.108491 23.00 212
0.645669 82.00 127

0.336364 74.00 220
0.233553 71.00 304
0.109934 83.00 755
0.216374 37.00 171
0.103806 30.00 289

0.345133 39.00 113
0.558559 62.00 111
0.080780 29.00 359
0.012658 2.00 158
0.002717 1.00 368

0.057627 17.00 295
0.044843 20.00 446
0.124031 16.00 129
0.132075 14.00 106
0.636364 497.00 781

0.212766 30.00 141
0.153846 16.00 104
0.453333 68.00 150
0.016620 12.00 722
0.162996 74.00 454

0.064118 52.00 811
0.222637 179.00 804
0.140316 71.00 506
0.206540 120.00 581
0.366093 149.00 407

0.037671 11.00 292
0.380165 230.00 605
0.132000 33.00 250
0.014347 10.00 697
0.437500 91.00 208

0.015924 10.00 628
0.066002 53.00 803
0.073903 64.00 866
0.064444 58.00 900
0.779337 611.00 784

0.369738 325.00 879
0.239845 124.00 517
0.168328 152.00 903
0.123894 14.00 113
0.099751 80.00 802

0.126904 50.00 394
0.460961 307.00 666
0.031250 5.00 160
0.045902 28.00 610
0.337740 281.00 832

0.428571 117.00 273
0.173684 165.00 950
0.072202 20.00 277
0.012887 5.00 388
0.316547 44.00 139

0.518182 57.00 110
0.045161 7.00 155
0.205817 92.00 447
0.055556 32.00 576
0.179348 33.00 184

0.063205 28.00 443
0.329502 172.00 522
0.396694 48.00 121
0.073171 21.00 287
0.139013 62.00 446

0.316940 58.00 183
0.246869 138.00 559
0.115607 20.00 173
0.138696 100.00 721
0.182504 121.00 663

0.111888 16.00 143
0.432900 100.00 231
0.222222 38.00 171
0.083969 33.00 393
0.153392 52.00 339

0.103044 88.00 854
0.594340 189.00 318
0.104167 15.00 144
0.041152 20.00 486
0.158333 19.00 120

0.531646 84.00 158
0.048128 9.00 187
0.131436 97.00 738
0.096154 25.00 260
0.188889 34.00 180

0.621339 297.00 478
0.019868 3.00 151
0.022346 16.00 716
0.132794 115.00 866
0.203390 24.00 118

0.064516 14.00 217
0.456989 340.00 744
0.209821 47.00 224
0.151163 26.00 172
0.123134 33.00 268

0.375532 353.00 940
0.098074 56.00 571
0.164671 110.00 668
0.352403 154.00 437
0.010390 4.00 385

0.413919 113.00 273
0.210227 37.00 176
0.136732 118.00 863
0.040268 6.00 149
0.198364 97.00 489

0.314854 301.00 956
0.010695 2.00 187
0.057485 48.00 835
0.306433 262.00 855
0.307947 186.00 604

0.285199 79.00 277
0.009346 1.00 107
0.122222 33.00 270
0.014663 5.00 341
0.569231 111.00 195

0.095694 20.00 209
0.080139 23.00 287
0.541033 178.00 329
0.247619 78.00 315
0.035663 25.00 701

0.115044 13.00 113
0.079051 20.00 253
0.349206 44.00 126
0.299087 131.00 438
0.151899 48.00 316

0.062874 42.00 668
0.175824 32.00 182
0.557214 112.00 201
0.014184 8.00 564
0.192053 29.00 151

0.221729 100.00 451
0.382629 163.00 426
0.146487 98.00 669
0.151899 48.00 316
0.096946 73.00 753

0.352557 324.00 919
0.383562 56.00 146
0.130564 44.00 337
0.077029 56.00 727
0.055328 54.00 976

0.277273 61.00 220
0.271845 56.00 206
0.093023 52.00 559
0.230769 27.00 117
0.130031 42.00 323

0.416667 80.00 192
0.373626 68.00 182
0.012963 7.00 540
0.155405 23.00 148
0.038126 35.00 918

0.374429 246.00 657
0.009901 1.00 101
0.115044 52.00 452
0.284553 175.00 615
0.220000 165.00 750

0.190217 35.00 184
0.101064 76.00 752
0.067989 48.00 706
0.059659 21.00 352
0.580000 87.00 150

0.254237 45.00 177
0.052920 29.00 548
0.254386 203.00 798
0.367925 39.00 106
0.069307 21.00 303

0.184834 39.00 211
0.162791 28.00 172
0.185185 20.00 108
0.242424 32.00 132
0.222656 57.00 256

0.285199 158.00 554
0.359133 232.00 646
0.071685 20.00 279
0.263158 55.00 209
0.021523 13.00 604

0.343537 101.00 294
0.179728 172.00 957
0.172185 26.00 151
0.073254 43.00 587
0.235772 29.00 123

0.005556 1.00 180
0.023256 3.00 129
0.096257 36.00 374
0.388007 220.00 567
0.490566 130.00 265

0.084906 9.00 106
0.208054 124.00 596
0.100775 13.00 129
0.272727 33.00 121
0.333333 69.00 207

0.377907 65.00 172
0.102925 95.00 923
0.035088 10.00 285
0.140000 21.00 150
0.342593 74.00 216

0.351562 45.00 128
0.318182 133.00 418
0.099291 14.00 141
0.209302 27.00 129
0.018809 6.00 319

0.258242 47.00 182
0.171004 92.00 538
0.309969 199.00 642
0.191099 73.00 382
0.066320 51.00 769

0.454148 104.00 229
0.029366 19.00 647
0.069277 23.00 332
0.297337 201.00 676
0.148214 83.00 560

0.429856 239.00 556
0.096774 54.00 558
0.082418 30.00 364
0.070234 21.00 299
0.321016 278.00 866

0.301158 78.00 259
0.192308 20.00 104
0.299051 189.00 632
0.163934 20.00 122
0.036364 6.00 165

0.755556 136.00 180
0.036789 33.00 897
0.088235 42.00 476
0.084536 82.00 970
0.033639 11.00 327

0.189815 41.00 216
0.093264 18.00 193
0.488421 232.00 475
0.143713 24.00 167
0.082759 12.00 145

0.123853 27.00 218
0.015267 2.00 131
0.533981 55.00 103
0.139860 20.00 143
0.182927 45.00 246

0.079952 67.00 838
0.145780 57.00 391
0.429864 95.00 221
0.167183 54.00 323
0.176570 104.00 589

0.227513 43.00 189
0.159475 85.00 533
0.552279 206.00 373
0.033537 11.00 328
0.027523 9.00 327

0.182759 53.00 290
0.258929 29.00 112
0.240876 33.00 137
0.243386 46.00 189
0.071233 26.00 365

0.287356 100.00 348
0.205645 51.00 248
0.227273 45.00 198
0.042945 7.00 163
0.230277 108.00 469

0.434903 157.00 361
0.089069 22.00 247
0.196172 82.00 418
0.185410 61.00 329
0.097744 13.00 133

0.058824 45.00 765
0.527273 174.00 330
0.292517 86.00 294
0.028708 6.00 209
0.096154 30.00 312

0.234676 134.00 571
0.060606 14.00 231
0.269697 89.00 330
0.270742 186.00 687
0.163717 74.00 452

0.115385 12.00 104
0.238095 70.00 294
0.360544 53.00 147
0.247976 245.00 988
0.042334 37.00 874

0.159574 45.00 282
0.033929 19.00 560
0.155440 60.00 386
0.345588 141.00 408
0.304985 208.00 682

0.342857 36.00 105
0.431868 393.00 910
0.170635 43.00 252
0.050279 18.00 358
0.008403 2.00 238

0.344311 115.00 334
0.124110 122.00 983
0.260606 43.00 165
0.010309 3.00 291
0.260870 30.00 115

0.129534 25.00 193
0.211310 71.00 336
0.495556 223.00 450
0.083908 73.00 870
0.081481 11.00 135

0.110169 13.00 118
0.376866 101.00 268
0.079755 13.00 163
0.077821 20.00 257
0.355932 63.00 177

0.060000 6.00 100
0.428266 200.00 467
0.308943 38.00 123
0.021201 6.00 283
0.183280 57.00 311

0.167213 102.00 610
0.049107 11.00 224
0.483607 59.00 122
0.087156 19.00 218
0.207792 48.00 231

0.012270 2.00 163
0.183267 46.00 251
0.119266 65.00 545
0.663333 199.00 300
0.023843 17.00 713

0.005051 2.00 396
0.026786 3.00 112
0.379032 47.00 124
0.415493 59.00 142
0.175258 68.00 388

0.195965 68.00 347
0.118919 22.00 185
0.089820 30.00 334
0.404580 53.00 131
0.191781 28.00 146

0.080189 17.00 212
0.047059 8.00 170
0.206813 85.00 411
0.211180 68.00 322
0.454545 95.00 209

0.747549 305.00 408
0.064890 56.00 863
0.064516 12.00 186
0.011407 3.00 263
0.114219 49.00 429

0.405622 101.00 249
0.139394 23.00 165
0.190476 128.00 672
0.030635 14.00 457
0.235294 28.00 119

0.045767 20.00 437
0.363914 238.00 654
0.192661 63.00 327
0.123404 116.00 940
0.270677 36.00 133

0.040486 30.00 741
0.391304 72.00 184
0.143885 40.00 278
0.290909 48.00 165
0.129310 90.00 696

0.184615 120.00 650
0.329317 82.00 249
0.212162 157.00 740
0.221154 23.00 104
0.051852 7.00 135

0.080774 71.00 879
0.417308 217.00 520
0.151515 40.00 264
0.129252 19.00 147
0.218605 47.00 215

0.090226 12.00 133
0.131034 57.00 435
0.082803 26.00 314
0.057971 8.00 138
0.639903 526.00 822

0.035813 13.00 363
0.107784 18.00 167
0.196721 48.00 244
0.570621 202.00 354
0.083582 28.00 335

0.182510 48.00 263
0.298651 155.00 519
0.002611 1.00 383
0.175334 118.00 673
0.339056 79.00 233

0.047745 18.00 377
0.022422 20.00 892
0.290909 32.00 110
0.377483 57.00 151
0.261398 86.00 329

0.496795 155.00 312
0.116279 15.00 129
0.028571 5.00 175
0.056452 14.00 248
0.302752 198.00 654

0.581994 543.00 933
0.192488 41.00 213
0.075630 9.00 119
0.078947 21.00 266
0.071926 31.00 431

0.179487 21.00 117
0.449761 94.00 209
0.129602 88.00 679
0.179688 23.00 128
0.062880 31.00 493

0.459930 264.00 574
0.023810 5.00 210
0.082168 47.00 572
0.334405 104.00 311
0.096552 14.00 145

0.207865 37.00 178
0.127660 42.00 329
0.552381 58.00 105
0.062500 15.00 240
0.049470 14.00 283

0.097561 20.00 205
0.152062 59.00 388
0.351351 130.00 370
0.032110 7.00 218
0.368421 49.00 133

0.203822 64.00 314
0.141194 97.00 687
0.347722 145.00 417
0.259259 35.00 135
0.048544 10.00 206

0.063025 15.00 238
0.026713 23.00 861
0.296496 220.00 742
0.190661 49.00 257
0.420168 50.00 119

0.022026 10.00 454
0.278922 176.00 631
0.430818 137.00 318
0.023810 4.00 168
0.246154 32.00 130

0.302158 126.00 417
0.075472 8.00 106
0.499048 262.00 525
0.108696 15.00 138
0.010297 9.00 874

0.469945 258.00 549
0.381395 82.00 215
0.070270 13.00 185
0.054852 13.00 237
0.020270 3.00 148

0.278443 93.00 334
0.207317 51.00 246
0.006231 2.00 321
0.235714 33.00 140
0.271493 60.00 221

0.021792 18.00 826
0.133621 93.00 696
0.077670 8.00 103
0.439739 270.00 614
0.327500 131.00 400

0.086614 44.00 508
0.192810 59.00 306
0.485577 101.00 208
0.121019 38.00 314
0.118192 102.00 863

0.266667 28.00 105
0.599078 130.00 217
0.027915 17.00 609
0.069307 7.00 101
0.039627 34.00 858

0.151248 103.00 681
0.323308 86.00 266
0.120582 58.00 481
0.269091 74.00 275
0.136986 40.00 292

0.128065 47.00 367
0.036232 5.00 138
0.023747 18.00 758
0.737819 318.00 431
0.067797 8.00 118

0.138501 109.00 787
0.158103 40.00 253
0.452941 77.00 170
0.232295 82.00 353
0.018364 11.00 599

0.029819 28.00 939
0.132304 120.00 907
0.042313 30.00 709
0.435897 51.00 117
0.361111 39.00 108

0.286232 158.00 552
0.412935 83.00 201
0.077295 16.00 207
0.064103 55.00 858
0.155660 66.00 424

0.143541 60.00 418
0.058824 10.00 170
0.540000 54.00 100
0.056911 14.00 246
0.205882 77.00 374

0.288462 45.00 156
0.085664 49.00 572
0.449198 84.00 187
0.091854 53.00 577
0.084866 60.00 707

0.012500 3.00 240
0.020833 4.00 192
0.426316 81.00 190
0.216327 159.00 735
0.322733 274.00 849

0.382199 73.00 191
0.321918 47.00 146
0.082896 79.00 953
0.200793 152.00 757
0.013761 3.00 218

0.332265 311.00 936
0.011976 6.00 501
0.168142 76.00 452
0.196172 41.00 209
0.285714 38.00 133

0.128834 42.00 326
0.088589 59.00 666
0.293919 174.00 592
0.077728 52.00 669
0.411765 154.00 374

0.052548 33.00 628
0.273481 99.00 362
0.362069 84.00 232
0.199140 139.00 698
0.112957 34.00 301

0.281746 71.00 252
0.215665 201.00 932
0.166667 23.00 138
0.243523 47.00 193
0.090618 85.00 938

0.132114 65.00 492
0.123552 32.00 259
0.335008 200.00 597
0.362712 107.00 295
0.047170 5.00 106

0.080745 13.00 161
0.222707 204.00 916
0.100000 18.00 180
0.261161 117.00 448
0.333333 58.00 174

0.022388 3.00 134
0.790000 79.00 100
0.031250 8.00 256
0.106667 24.00 225
0.043716 8.00 183

0.452675 220.00 486
0.064171 12.00 187
0.013233 7.00 529
0.147727 26.00 176
0.325806 101.00 310

0.028384 13.00 458
0.103383 55.00 532
0.151111 34.00 225
0.206091 203.00 985
0.509874 284.00 557

0.026738 5.00 187
0.396078 101.00 255
0.324742 63.00 194
0.246835 39.00 158
0.005161 4.00 775

0.375546 86.00 229
0.333333 188.00 564
0.020513 16.00 780
0.152720 73.00 478
0.117773 55.00 467

0.355072 49.00 138
0.523132 294.00 562
0.081395 21.00 258
0.028278 11.00 389
0.014953 8.00 535

0.322581 50.00 155
0.245961 137.00 557
0.134328 18.00 134
0.179487 21.00 117
0.115619 57.00 493

0.043750 7.00 160
0.041667 7.00 168
0.371901 45.00 121
0.221228 173.00 782
0.323144 74.00 229

0.041746 22.00 527
0.051813 10.00 193
0.324786 76.00 234
0.220859 36.00 163
0.362903 45.00 124

0.046957 27.00 575
0.344956 277.00 803
0.459610 165.00 359
0.114428 69.00 603
0.033399 17.00 509

0.113127 106.00 937
0.096346 29.00 301
0.362550 182.00 502
0.219780 100.00 455
0.208469 128.00 614

0.214765 128.00 596
0.096825 61.00 630
0.525926 71.00 135
0.088448 49.00 554
0.074830 11.00 147

0.408163 280.00 686
0.171739 79.00 460
0.316121 251.00 794
0.005814 2.00 344
0.099099 11.00 111

0.187708 113.00 602
0.065574 8.00 122
0.281690 40.00 142
0.085437 44.00 515
0.373034 166.00 445

0.303324 219.00 722
0.324607 62.00 191
0.185393 66.00 356
0.047041 31.00 659
0.135338 18.00 133

0.058824 7.00 119
0.458333 330.00 720
0.126230 77.00 610
0.028777 4.00 139
0.321429 45.00 140

0.224299 24.00 107
0.284333 147.00 517
0.061611 13.00 211
0.295547 73.00 247
0.130781 82.00 627

0.298246 68.00 228
0.090395 16.00 177
0.363636 52.00 143
0.037879 10.00 264
0.207330 198.00 955

0.181081 67.00 370
0.153846 32.00 208
0.131944 19.00 144
0.048263 25.00 518
0.480769 425.00 884

0.249201 78.00 313
0.234375 135.00 576
0.380734 83.00 218
0.103275 41.00 397
0.033816 7.00 207

0.182390 29.00 159
0.126437 22.00 174
0.078740 40.00 508
0.133956 43.00 321
0.480769 75.00 156

0.127869 39.00 305
0.209581 35.00 167
0.325792 72.00 221
0.232984 89.00 382
0.104615 34.00 325

0.108696 30.00 276
0.010965 5.00 456
0.159204 32.00 201
0.396947 52.00 131
0.324042 186.00 574

0.390071 55.00 141
0.225951 202.00 894
0.210863 66.00 313
0.010537 10.00 949
0.163366 33.00 202

0.120690 119.00 986
0.027586 20.00 725
0.743478 171.00 230
0.036842 7.00 190
0.071111 64.00 900

0.335404 108.00 322
0.046025 11.00 239
0.052632 38.00 722
0.074803 38.00 508
0.490798 240.00 489

0.150000 24.00 160
0.110701 30.00 271
0.018182 3.00 165
0.242424 32.00 132
0.475000 76.00 160

0.300945 223.00 741
0.186667 28.00 150
0.035398 4.00 113
0.087969 68.00 773
0.386740 70.00 181

0.068293 14.00 205
0.466102 55.00 118
0.309598 100.00 323
0.097222 14.00 144
0.059765 56.00 937

0.124555 35.00 281
0.189759 63.00 332
0.028736 5.00 174
0.518204 427.00 824
0.140915 114.00 809

0.124559 106.00 851
0.175573 23.00 131
0.320463 83.00 259
0.197309 44.00 223
0.181395 39.00 215

0.230216 224.00 973
0.226087 26.00 115
0.149351 23.00 154
0.002766 2.00 723
0.390411 57.00 146

0.299742 116.00 387
0.086957 12.00 138
0.288235 147.00 510
0.100000 21.00 210
0.228571 48.00 210

0.004329 2.00 462
0.512977 336.00 655
0.371728 71.00 191
0.056832 47.00 827
0.057971 8.00 138

0.116645 89.00 763
0.382353 52.00 136
0.071429 17.00 238
0.372807 85.00 228
0.056645 52.00 918

0.318519 43.00 135
0.368421 182.00 494
0.090014 64.00 711
0.032110 7.00 218
0.189394 50.00 264

0.015238 8.00 525
0.003413 1.00 293
0.451087 83.00 184
0.506329 80.00 158
0.028075 21.00 748

0.015974 5.00 313
0.256678 221.00 861
0.010490 3.00 286
0.484988 210.00 433
0.232143 52.00 224

0.150259 145.00 965
0.451754 103.00 228
0.335616 49.00 146
0.052632 11.00 209
0.012422 2.00 161

0.335000 268.00 800
0.001427 1.00 701
0.138889 20.00 144
0.029197 4.00 137
0.496454 70.00 141

0.277311 99.00 357
0.125828 38.00 302
0.109375 63.00 576
0.449857 157.00 349
0.038745 21.00 542

0.197531 48.00 243
0.173442 64.00 369
0.178082 26.00 146
0.106870 14.00 131
0.346154 279.00 806

0.034483 6.00 174
0.380062 122.00 321
0.156379 38.00 243
0.123967 15.00 121
0.302895 136.00 449

0.306581 191.00 623
0.179412 61.00 340
0.072581 9.00 124
0.222520 83.00 373
0.214592 50.00 233

0.145923 68.00 466
0.168558 104.00 617
0.004854 1.00 206
0.550360 306.00 556
0.128866 125.00 970

0.077348 14.00 181
0.120898 70.00 579
0.512304 229.00 447
0.111111 29.00 261
0.180328 44.00 244

0.239303 151.00 631
0.058824 28.00 476
0.192593 26.00 135
0.336066 205.00 610
0.170667 64.00 375

0.096154 10.00 104
0.178161 31.00 174
0.459057 185.00 403
0.118644 21.00 177
0.149606 19.00 127

0.245399 40.00 163
0.206478 51.00 247
0.142857 37.00 259
0.381295 53.00 139
0.019802 2.00 101

0.017301 5.00 289
0.030534 4.00 131
0.694826 658.00 947
0.098765 16.00 162
0.158951 103.00 648

0.052632 13.00 247
0.151515 20.00 132
0.013944 7.00 502
0.006024 1.00 166
0.770936 313.00 406

0.007905 2.00 253
0.223684 153.00 684
0.496390 275.00 554
0.079890 29.00 363
0.193443 59.00 305

0.072165 56.00 776
0.092545 36.00 389
0.140992 54.00 383
0.047170 5.00 106
0.650602 108.00 166

0.145251 26.00 179
0.262774 36.00 137
0.138686 19.00 137
0.180077 47.00 261
0.272222 49.00 180

0.008130 1.00 123
0.468750 240.00 512
0.209459 31.00 148
0.280470 191.00 681
0.035778 20.00 559

0.241843 126.00 521
0.101562 13.00 128
0.069915 33.00 472
0.084507 12.00 142
0.500000 54.00 108

0.126866 17.00 134
0.008264 1.00 121
0.220588 30.00 136
0.619718 132.00 213
0.020374 12.00 589

0.425856 112.00 263
0.140496 85.00 605
0.191837 47.00 245
0.237020 105.00 443
0.006536 1.00 153

0.086705 60.00 692
0.122449 72.00 588
0.242888 222.00 914
0.081967 15.00 183
0.467949 219.00 468

0.090498 20.00 221
0.439252 47.00 107
0.280822 41.00 146
0.053140 11.00 207
0.137931 20.00 145

0.269565 93.00 345
0.009901 1.00 101
0.428571 81.00 189
0.271429 57.00 210
0.018519 2.00 108

0.071625 26.00 363
0.031250 4.00 128
0.608924 232.00 381
0.134615 28.00 208
0.153765 145.00 943

0.211640 40.00 189
0.135870 25.00 184
0.159292 18.00 113
0.424569 197.00 464
0.067532 52.00 770

0.277149 245.00 884
0.356923 232.00 650
0.072100 69.00 957
0.096703 88.00 910
0.196721 156.00 793

0.062500 16.00 256
0.029740 16.00 538
0.229932 169.00 735
0.115646 17.00 147
0.562341 442.00 786

0.003597 1.00 278
0.192961 159.00 824
0.410095 260.00 634
0.336406 73.00 217
0.059406 6.00 101

0.182390 29.00 159
0.257353 70.00 272
0.117537 63.00 536
0.132565 92.00 694
0.306452 95.00 310

0.389578 314.00 806
0.318352 85.00 267
0.240664 58.00 241
0.035343 17.00 481
0.018349 2.00 109

0.153846 54.00 351
0.240310 31.00 129
0.009615 2.00 208
0.502632 191.00 380
0.099057 63.00 636

0.282087 200.00 709
0.006289 4.00 636
0.181818 28.00 154
0.319277 53.00 166
0.215517 25.00 116

0.307971 85.00 276
0.238971 65.00 272
0.335689 95.00 283
0.013043 3.00 230
0.103825 38.00 366

0.195556 44.00 225
0.304878 175.00 574
0.247368 235.00 950
0.017391 2.00 115
0.230216 32.00 139

0.500000 83.00 166
0.125455 69.00 550
0.071429 15.00 210
0.176471 42.00 238
0.119760 40.00 334

0.346093 217.00 627
0.273973 60.00 219
0.053435 21.00 393
0.156200 97.00 621
0.169935 26.00 153

0.084592 28.00 331
0.177866 45.00 253
0.074074 26.00 351
0.227506 177.00 778
0.434783 60.00 138

0.183099 26.00 142
0.296610 35.00 118
0.323077 84.00 260
0.034632 8.00 231
0.160622 62.00 386

0.007246 2.00 276
0.173228 22.00 127
0.184397 26.00 141
0.554645 203.00 366
0.079365 15.00 189

0.044444 8.00 180
0.002203 1.00 454
0.040541 12.00 296
0.260450 81.00 311
0.655378 329.00 502

0.245161 76.00 310
0.358553 109.00 304
0.324638 112.00 345
0.018770 18.00 959
0.051282 10.00 195

0.130742 74.00 566
0.126904 50.00 394
0.104478 28.00 268
0.507853 97.00 191
0.127451 13.00 102

0.068468 38.00 555
0.566038 180.00 318
0.069259 57.00 823
0.067851 42.00 619
0.225455 124.00 550

0.065217 21.00 322
0.056604 18.00 318
0.203008 27.00 133
0.112281 64.00 570
0.563636 62.00 110

0.240530 127.00 528
0.107438 91.00 847
0.518868 55.00 106
0.089844 46.00 512
0.050445 17.00 337

0.384937 92.00 239
0.140351 16.00 114
0.055276 22.00 398
0.145985 20.00 137
0.273333 41.00 150

0.529412 63.00 119
0.111111 67.00 603
0.083888 63.00 751
0.145299 17.00 117
0.130435 36.00 276

0.150000 129.00 860
0.239669 29.00 121
0.128205 55.00 429
0.111913 31.00 277
0.367576 229.00 623

0.338942 141.00 416
0.064748 54.00 834
0.304878 75.00 246
0.116667 35.00 300
0.176707 88.00 498

0.005450 2.00 367
0.405797 224.00 552
0.059524 10.00 168
0.040166 29.00 722
0.490000 147.00 300

0.483871 105.00 217
0.047264 19.00 402
0.002538 1.00 394
0.132460 91.00 687
0.333333 50.00 150

0.176554 125.00 708
0.007055 4.00 567
0.321101 35.00 109
0.165289 20.00 121
0.329960 326.00 988

0.303571 34.00 112
0.241645 188.00 778
0.042279 23.00 544
0.126050 15.00 119
0.283582 266.00 938

0.116197 33.00 284
0.240000 24.00 100
0.234742 50.00 213
0.212838 63.00 296
0.190476 88.00 462

0.119078 93.00 781
0.233990 190.00 812
0.435897 153.00 351
0.012903 2.00 155
0.197309 44.00 223

0.122708 87.00 709
0.046757 31.00 663
0.501946 258.00 514
0.099010 10.00 101
0.229630 31.00 135

0.347727 153.00 440
0.147505 68.00 461
0.055118 14.00 254
0.380000 38.00 100
0.071101 62.00 872

0.022512 19.00 844
0.322581 140.00 434
0.068966 14.00 203
0.574627 77.00 134
0.012605 3.00 238

0.388286 179.00 461
0.382716 62.00 162
0.062176 12.00 193
0.093333 70.00 750
0.073913 51.00 690

0.128024 127.00 992
0.191781 42.00 219
0.366667 77.00 210
0.108943 67.00 615
0.202479 49.00 242

0.055696 44.00 790
0.016474 10.00 607
0.359259 194.00 540
0.503817 66.00 131
0.060606 16.00 264

0.095238 10.00 105
0.168421 32.00 190
0.252111 209.00 829
0.267081 86.00 322
0.215827 30.00 139

0.223214 50.00 224
0.066066 44.00 666
0.358131 207.00 578
0.233591 121.00 518
0.119816 78.00 651

0.055901 9.00 161
0.303621 109.00 359
0.004530 4.00 883
0.438519 296.00 675
0.200000 25.00 125

0.124324 23.00 185
0.404651 87.00 215
0.179266 83.00 463
0.050314 8.00 159
0.241338 202.00 837

0.021739 4.00 184
0.308671 267.00 865
0.395210 66.00 167
0.058733 38.00 647
0.210345 61.00 290

0.051282 8.00 156
0.280899 75.00 267
0.046835 37.00 790
0.612179 382.00 624
0.004082 2.00 490

0.456140 104.00 228
0.010811 2.00 185
0.017956 13.00 724
0.151111 68.00 450
0.366667 55.00 150

0.075342 11.00 146
0.232143 39.00 168
0.013441 5.00 372
0.185185 20.00 108
0.496454 140.00 282

0.426991 386.00 904
0.061644 54.00 876
0.209877 34.00 162
0.264151 28.00 106
0.037433 7.00 187

0.090206 70.00 776
0.602378 456.00 757
0.129310 60.00 464
0.152893 37.00 242
0.020492 5.00 244

0.127711 53.00 415
0.545852 125.00 229
0.209412 89.00 425
0.020027 15.00 749
0.096774 12.00 124

0.351064 198.00 564
0.212766 30.00 141
0.044053 10.00 227
0.073394 40.00 545
0.324324 84.00 259

0.253846 66.00 260
0.388379 127.00 327
0.012121 2.00 165
0.058309 20.00 343
0.290113 179.00 617

0.262774 72.00 274
0.278932 94.00 337
0.271186 208.00 767
0.099138 92.00 928
0.083969 11.00 131

0.097222 21.00 216
0.427778 154.00 360
0.006944 4.00 576
0.374332 280.00 748
0.093264 36.00 386

0.200708 170.00 847
0.034810 33.00 948
0.241176 41.00 170
0.444712 185.00 416
0.080000 36.00 450

0.095238 14.00 147
0.031212 26.00 833
0.230769 27.00 117
0.223301 92.00 412
0.418635 319.00 762

0.051661 14.00 271
0.032573 20.00 614
0.200000 59.00 295
0.312292 94.00 301
0.402000 201.00 500

0.209091 23.00 110
0.677686 164.00 242
0.013233 7.00 529
0.089623 19.00 212
0.013072 2.00 153

0.135593 24.00 177
0.312287 183.00 586
0.467078 227.00 486
0.003724 2.00 537
0.081776 35.00 428

0.111359 50.00 449
0.114035 13.00 114
0.145455 24.00 165
0.443425 145.00 327
0.185185 30.00 162

0.054326 27.00 497
0.548780 135.00 246
0.023256 12.00 516
0.102564 32.00 312
0.272727 111.00 407

0.108280 34.00 314
0.400524 153.00 382
0.020619 10.00 485
0.270916 68.00 251
0.198925 37.00 186

0.167665 28.00 167
0.032558 7.00 215
0.388045 383.00 987
0.242718 25.00 103
0.171329 49.00 286

0.128440 56.00 436
0.118056 17.00 144
0.120513 47.00 390
0.353774 75.00 212
0.276018 61.00 221

0.068966 24.00 348
0.008380 3.00 358
0.358108 53.00 148
0.194690 22.00 113
0.361905 38.00 105

0.048387 18.00 372
0.095358 76.00 797
0.086747 36.00 415
0.560748 60.00 107
0.206349 26.00 126

0.093151 34.00 365
0.307783 261.00 848
0.019886 7.00 352
0.324930 116.00 357
0.254098 93.00 366

0.276151 66.00 239
0.018284 13.00 711
0.406780 48.00 118
0.004950 2.00 404
0.291585 149.00 511

0.081001 55.00 679
0.495968 123.00 248
0.130081 16.00 123
0.250000 54.00 216
0.043544 29.00 666

0.223443 61.00 273
0.010000 1.00 100
0.052575 49.00 932
0.650000 104.00 160
0.065134 17.00 261

0.221662 88.00 397
0.280000 35.00 125
0.033058 8.00 242
0.412698 52.00 126
0.052083 20.00 384

0.287958 55.00 191
0.270270 70.00 259
0.097345 11.00 113
0.312121 103.00 330
0.034014 5.00 147

0.016129 3.00 186
0.145631 15.00 103
0.648438 83.00 128
0.015038 2.00 133
0.172566 78.00 452

0.191638 55.00 287
0.290909 48.00 165
0.321555 91.00 283
0.120370 13.00 108
0.076923 11.00 143

0.013605 2.00 147
0.052830 42.00 795
0.437372 213.00 487
0.185484 23.00 124
0.311111 42.00 135

0.240343 56.00 233
0.259714 254.00 978
0.237838 44.00 185
0.130268 34.00 261
0.127907 44.00 344

0.112676 112.00 994
0.297258 206.00 693
0.283333 34.00 120
0.019074 14.00 734
0.286453 277.00 967

0.133663 54.00 404
0.063830 9.00 141
0.439252 141.00 321
0.314465 50.00 159
0.048851 17.00 348

0.232283 59.00 254
0.227642 28.00 123
0.183486 20.00 109
0.288889 52.00 180
0.074349 20.00 269

0.123839 40.00 323
0.021164 4.00 189
0.551948 85.00 154
0.116959 20.00 171
0.191257 35.00 183

0.389234 188.00 483
0.116071 13.00 112
0.225806 28.00 124
0.027778 5.00 180
0.246777 134.00 543

0.039568 22.00 556
0.251908 66.00 262
0.194872 38.00 195
0.273465 236.00 863
0.243243 27.00 111

0.098676 82.00 831
0.076923 67.00 871
0.231638 41.00 177
0.026490 4.00 151
0.560241 93.00 166

0.161446 67.00 415
0.162393 19.00 117
0.504762 53.00 105
0.076377 43.00 563
0.099398 33.00 332

0.061350 20.00 326
0.092379 40.00 433
0.154440 40.00 259
0.451389 65.00 144
0.245455 27.00 110

0.161685 119.00 736
0.196694 119.00 605
0.048175 33.00 685
0.169978 77.00 453
0.422836 337.00 797

0.394161 54.00 137
0.056738 8.00 141
0.044643 30.00 672
0.171975 27.00 157
0.339703 160.00 471

0.440860 164.00 372
0.262069 38.00 145
0.009709 9.00 927
0.209790 60.00 286
0.075630 9.00 119

0.491429 86.00 175
0.082353 28.00 340
0.213115 52.00 244
0.176056 75.00 426
0.038710 6.00 155

0.497959 122.00 245
0.100703 43.00 427
0.107843 11.00 102
0.218137 89.00 408
0.075356 37.00 491

0.075630 9.00 119
0.035714 20.00 560
0.233010 24.00 103
0.390110 71.00 182
0.264654 149.00 563

0.042700 31.00 726
0.237624 24.00 101
0.115226 28.00 243
0.234234 26.00 111
0.369863 54.00 146

0.147982 132.00 892
0.188583 185.00 981
0.336283 38.00 113
0.066085 53.00 802
0.262791 113.00 430

0.101449 14.00 138
0.072289 12.00 166
0.016529 2.00 121
0.007143 1.00 140
0.801802 89.00 111

0.115385 21.00 182
0.127841 90.00 704
0.155340 16.00 103
0.157068 60.00 382
0.444444 68.00 153

0.040892 11.00 269
0.292553 55.00 188
0.485075 195.00 402
0.154362 23.00 149
0.028112 21.00 747

0.085761 53.00 618
0.046512 10.00 215
0.495283 210.00 424
0.055310 25.00 452
0.315000 63.00 200

0.100946 96.00 951
0.329630 267.00 810
0.297297 231.00 777
0.167665 28.00 167
0.103594 49.00 473

