0.258427 69.00 267
0.110687 29.00 262
0.080913 39.00 482
0.654676 91.00 139
0.097792 31.00 317

0.061983 15.00 242
0.578947 121.00 209
0.115646 34.00 294
0.328072 291.00 887
0.116071 13.00 112

0.069328 33.00 476
0.069444 10.00 144
0.177073 173.00 977
0.239316 28.00 117
0.647541 79.00 122

0.226277 31.00 137
0.236559 44.00 186
0.595900 407.00 683
0.080692 28.00 347
0.062112 40.00 644

0.377778 85.00 225
0.093960 14.00 149
0.027778 4.00 144
0.685786 275.00 401
0.011858 3.00 253

0.265487 30.00 113
0.604706 257.00 425
0.038835 8.00 206
0.142298 109.00 766
0.144860 31.00 214

0.009524 2.00 210
0.242105 161.00 665
0.233766 54.00 231
0.623967 151.00 242
0.095652 11.00 115

0.910891 184.00 202
0.134538 67.00 498
0.062893 10.00 159
0.037736 18.00 477
0.050343 22.00 437

0.039474 9.00 228
0.020833 18.00 864
0.055000 11.00 200
0.533333 56.00 105
0.547486 98.00 179

0.190074 180.00 947
0.282714 175.00 619
0.311881 63.00 202
0.035398 4.00 113
0.382514 140.00 366

0.062857 11.00 175
0.345745 65.00 188
0.007194 1.00 139
0.668388 647.00 968
0.119658 14.00 117

0.150754 30.00 199
0.433333 91.00 210
0.092437 11.00 119
0.330097 34.00 103
0.188581 109.00 578

0.238208 101.00 424
0.050980 13.00 255
0.006289 1.00 159
0.349650 50.00 143
0.552413 332.00 601

0.073394 8.00 109
0.834783 96.00 115
0.055866 30.00 537
0.041265 30.00 727
0.189759 63.00 332

0.023041 5.00 217
0.107383 16.00 149
0.279762 47.00 168
0.730000 73.00 100
0.053398 11.00 206

0.102725 49.00 477
0.585774 140.00 239
0.339130 39.00 115
0.110448 37.00 335
0.062951 61.00 969

0.015957 6.00 376
0.101190 17.00 168
0.358025 87.00 243
0.428571 198.00 462
0.290970 87.00 299

0.072917 56.00 768
0.750000 606.00 808
0.311518 119.00 382
0.054688 7.00 128
0.007752 2.00 258

0.005495 3.00 546
0.369658 173.00 468
0.375178 263.00 701
0.423358 174.00 411
0.021898 3.00 137

0.176638 62.00 351
0.025000 13.00 520
0.137466 51.00 371
0.289515 185.00 639
0.570652 105.00 184

0.125964 49.00 389
0.017857 7.00 392
0.189723 96.00 506
0.172249 108.00 627
0.692702 541.00 781

0.046595 26.00 558
0.064081 38.00 593
0.344828 50.00 145
0.341040 236.00 692
0.406716 109.00 268

0.342466 50.00 146
0.081937 44.00 537
0.195730 55.00 281
0.513317 212.00 413
0.064838 26.00 401

0.586621 342.00 583
0.031042 14.00 451
0.036585 12.00 328
0.476923 124.00 260
0.068536 22.00 321

0.250000 46.00 184
0.177419 33.00 186
0.206718 80.00 387
0.413043 114.00 276
0.151139 73.00 483

0.037500 21.00 560
0.010563 9.00 852
0.002639 1.00 379
0.674286 236.00 350
0.476027 139.00 292

0.567404 282.00 497
0.339100 196.00 578
0.071146 18.00 253
0.072356 39.00 539
0.152074 33.00 217

0.346734 69.00 199
0.179487 42.00 234
0.062176 12.00 193
0.415601 325.00 782
0.196393 196.00 998

0.097902 14.00 143
0.367188 329.00 896
0.008621 2.00 232
0.483529 411.00 850
0.240076 127.00 529

0.023047 18.00 781
0.491803 60.00 122
0.142349 80.00 562
0.221429 93.00 420
0.323944 92.00 284

0.350993 53.00 151
0.035857 9.00 251
0.097276 25.00 257
0.371041 328.00 884
0.340633 280.00 822

0.347619 73.00 210
0.266289 188.00 706
0.231250 37.00 160
0.071749 16.00 223
0.282443 37.00 131

0.166052 45.00 271
0.009146 3.00 328
0.526515 139.00 264
0.128571 36.00 280
0.368182 162.00 440

0.152632 87.00 570
0.146425 129.00 881
0.289062 111.00 384
0.403509 46.00 114
0.212235 170.00 801

0.008753 4.00 457
0.714859 178.00 249
0.094964 66.00 695
0.314402 310.00 986
0.067797 60.00 885

0.360360 120.00 333
0.071429 21.00 294
0.105263 50.00 475
0.451389 65.00 144
0.210103 183.00 871

0.098485 52.00 528
0.001984 1.00 504
0.087336 20.00 229
0.840650 517.00 615
0.172662 24.00 139

0.216430 137.00 633
0.414948 161.00 388
0.005236 5.00 955
0.068627 21.00 306
0.497268 91.00 183

0.240793 85.00 353
0.045455 8.00 176
0.183150 50.00 273
0.708861 112.00 158
0.014388 6.00 417

0.326733 33.00 101
0.151899 48.00 316
0.027273 3.00 110
0.422136 328.00 777
0.273657 107.00 391

0.150794 19.00 126
0.288136 34.00 118
0.496984 412.00 829
0.149533 80.00 535
0.113111 88.00 778

0.191393 169.00 883
0.402010 80.00 199
0.266968 118.00 442
0.219251 123.00 561
0.118316 104.00 879

0.071429 13.00 182
0.525180 73.00 139
0.202677 106.00 523
0.015000 6.00 400
0.389241 123.00 316

0.370536 83.00 224
0.064588 29.00 449
0.065321 55.00 842
0.425339 94.00 221
0.280000 35.00 125

0.632653 186.00 294
0.020101 8.00 398
0.007752 1.00 129
0.408964 146.00 357
0.128125 82.00 640

0.085714 12.00 140
0.191781 56.00 292
0.371585 68.00 183
0.397351 60.00 151
0.157274 120.00 763

0.082218 43.00 523
0.146154 19.00 130
0.480000 60.00 125
0.310680 192.00 618
0.184848 61.00 330

0.536424 243.00 453
0.017964 3.00 167
0.109489 30.00 274
0.052147 34.00 652
0.483412 204.00 422

0.240964 40.00 166
0.263092 211.00 802
0.298532 183.00 613
0.317690 88.00 277
0.078431 12.00 153

0.462451 117.00 253
0.291667 56.00 192
0.090909 23.00 253
0.174000 174.00 1000
0.181208 27.00 149

0.122330 63.00 515
0.118182 13.00 110
0.316597 227.00 717
0.170404 76.00 446
0.473081 413.00 873

0.005474 3.00 548
0.347518 49.00 141
0.300345 261.00 869
0.103837 46.00 443
0.445946 99.00 222

0.396091 385.00 972
0.141509 15.00 106
0.404762 119.00 294
0.020833 4.00 192
0.237288 70.00 295

0.303279 74.00 244
0.183673 90.00 490
0.030702 7.00 228
0.585366 72.00 123
0.099698 33.00 331

0.507937 128.00 252
0.338438 221.00 653
0.095238 28.00 294
0.084507 12.00 142
0.177885 74.00 416

0.071651 23.00 321
0.348993 52.00 149
0.112782 15.00 133
0.418182 92.00 220
0.242857 51.00 210

0.710000 213.00 300
0.182886 109.00 596
0.222222 36.00 162
0.045977 8.00 174
0.042071 13.00 309

0.038825 37.00 953
0.155080 29.00 187
0.658654 137.00 208
0.062857 22.00 350
0.286275 73.00 255

0.033981 14.00 412
0.368932 228.00 618
0.596491 68.00 114
0.063325 24.00 379
0.138298 26.00 188

0.290323 99.00 341
0.221374 29.00 131
0.479381 186.00 388
0.090020 46.00 511
0.118483 25.00 211

0.650224 145.00 223
0.231013 73.00 316
0.220264 100.00 454
0.073892 15.00 203
0.023641 20.00 846

0.273438 105.00 384
0.287129 29.00 101
0.319008 193.00 605
0.050000 10.00 200
0.259259 28.00 108

0.087302 11.00 126
0.046235 35.00 757
0.404040 240.00 594
0.339623 306.00 901
0.325260 94.00 289

0.137072 44.00 321
0.110360 49.00 444
0.058172 21.00 361
0.811688 125.00 154
0.083056 25.00 301

0.077778 14.00 180
0.241379 28.00 116
0.050761 20.00 394
0.387944 251.00 647
0.440945 56.00 127

0.079245 42.00 530
0.466667 84.00 180
0.038147 14.00 367
0.232335 194.00 835
0.378378 42.00 111

0.362069 63.00 174
0.228916 57.00 249
0.317380 126.00 397
0.254818 119.00 467
0.038184 37.00 969

0.170940 20.00 117
0.268817 50.00 186
0.037500 9.00 240
0.715517 166.00 232
0.004425 3.00 678

0.313559 185.00 590
0.006553 5.00 763
0.211009 23.00 109
0.215488 64.00 297
0.455764 170.00 373

0.257627 76.00 295
0.591146 227.00 384
0.024242 8.00 330
0.297386 91.00 306
0.026016 16.00 615

0.260965 119.00 456
0.187500 48.00 256
0.476190 50.00 105
0.082524 34.00 412
0.196030 79.00 403

0.078488 27.00 344
0.005405 1.00 185
0.256098 126.00 492
0.415020 105.00 253
0.448119 393.00 877

0.121495 13.00 107
0.506024 252.00 498
0.090909 17.00 187
0.302857 159.00 525
0.176000 88.00 500

0.029795 16.00 537
0.849711 147.00 173
0.088235 9.00 102
0.207143 58.00 280
0.028369 8.00 282

0.397284 234.00 589
0.371681 84.00 226
0.033333 6.00 180
0.152778 22.00 144
0.245070 87.00 355

0.059468 38.00 639
0.274336 31.00 113
0.068966 8.00 116
0.479210 461.00 962
0.319527 54.00 169

0.401639 49.00 122
0.096019 41.00 427
0.066116 8.00 121
0.218830 86.00 393
0.425000 221.00 520

0.343590 67.00 195
0.344828 170.00 493
0.303371 54.00 178
0.198675 30.00 151
0.009223 7.00 759

0.342105 117.00 342
0.170153 122.00 717
0.386740 70.00 181
0.138810 49.00 353
0.165138 18.00 109

0.111364 49.00 440
0.349315 51.00 146
0.579070 249.00 430
0.111111 14.00 126
0.046512 18.00 387

0.207977 73.00 351
0.294632 236.00 801
0.024145 12.00 497
0.076010 32.00 421
0.597561 147.00 246

0.281250 63.00 224
0.205212 63.00 307
0.249300 178.00 714
0.123626 45.00 364
0.341880 240.00 702

0.109489 15.00 137
0.519774 92.00 177
0.015748 2.00 127
0.080717 18.00 223
0.471616 216.00 458

0.005376 1.00 186
0.192529 67.00 348
0.338942 141.00 416
0.387097 48.00 124
0.275463 238.00 864

0.190909 84.00 440
0.090343 29.00 321
0.488372 126.00 258
0.155172 18.00 116
0.278846 29.00 104

0.147541 27.00 183
0.048611 7.00 144
0.531250 102.00 192
0.091799 75.00 817
0.383529 163.00 425

0.013333 7.00 525
0.033696 31.00 920
0.937220 209.00 223
0.189189 35.00 185
0.028037 6.00 214

0.495495 55.00 111
0.127168 22.00 173
0.012658 2.00 158
0.370588 63.00 170
0.194444 63.00 324

0.118280 33.00 279
0.095923 40.00 417
0.007576 1.00 132
0.640719 214.00 334
0.338918 263.00 776

0.161765 44.00 272
0.252199 172.00 682
0.072727 8.00 110
0.591696 171.00 289
0.121212 56.00 462

0.203540 23.00 113
0.729114 576.00 790
0.027650 6.00 217
0.181818 32.00 176
0.052529 27.00 514

0.022436 7.00 312
0.236145 98.00 415
0.138736 101.00 728
0.106667 16.00 150
0.689922 89.00 129

0.118644 14.00 118
0.019802 2.00 101
0.573171 141.00 246
0.353659 58.00 164
0.134752 19.00 141

0.094340 10.00 106
0.118557 23.00 194
0.527586 153.00 290
0.162191 151.00 931
0.292191 116.00 397

0.141330 119.00 842
0.023148 5.00 216
0.086957 12.00 138
0.210317 53.00 252
0.735294 100.00 136

0.271111 61.00 225
0.337331 225.00 667
0.092391 17.00 184
0.050000 6.00 120
0.448916 145.00 323

0.064865 12.00 185
0.120048 100.00 833
0.439490 69.00 157
0.262911 112.00 426
0.309735 35.00 113

0.043860 20.00 456
0.053726 31.00 577
0.698718 109.00 156
0.190923 122.00 639
0.211368 119.00 563

0.392082 307.00 783
0.070976 56.00 789
0.226496 53.00 234
0.411765 161.00 391
0.099576 47.00 472

0.531014 351.00 661
0.045614 13.00 285
0.517442 89.00 172
0.032432 6.00 185
0.071429 30.00 420

0.014790 13.00 879
0.668241 566.00 847
0.029070 10.00 344
0.054662 34.00 622
0.432896 429.00 991

0.288462 105.00 364
0.217391 95.00 437
0.276139 103.00 373
0.330383 112.00 339
0.087273 24.00 275

0.189097 111.00 587
0.171642 23.00 134
0.242591 221.00 911
0.333722 286.00 857
0.264706 63.00 238

0.289157 48.00 166
0.652174 135.00 207
0.131054 46.00 351
0.019231 2.00 104
0.110092 24.00 218

0.098901 18.00 182
0.019397 9.00 464
0.260935 173.00 663
0.107764 93.00 863
0.715847 131.00 183

0.150990 61.00 404
0.139269 122.00 876
0.112613 25.00 222
0.502618 96.00 191
0.294798 51.00 173

0.035519 13.00 366
0.146628 50.00 341
0.799213 203.00 254
0.117647 30.00 255
0.100872 81.00 803

0.025641 3.00 117
0.063953 11.00 172
0.224806 29.00 129
0.356763 335.00 939
0.528090 94.00 178

0.081123 52.00 641
0.010724 8.00 746
0.452713 292.00 645
0.054737 52.00 950
0.601575 382.00 635

0.030303 5.00 165
0.083067 26.00 313
0.028037 3.00 107
0.906890 487.00 537
0.149123 34.00 228

0.021277 3.00 141
0.165289 40.00 242
0.648541 489.00 754
0.297030 90.00 303
0.067708 13.00 192

0.262243 166.00 633
0.351351 39.00 111
0.315789 96.00 304
0.144674 91.00 629
0.121457 30.00 247

0.403118 181.00 449
0.027607 9.00 326
0.181208 27.00 149
0.497462 98.00 197
0.092357 58.00 628

0.047859 19.00 397
0.480392 98.00 204
0.186047 112.00 602
0.108787 26.00 239
0.373585 297.00 795

0.166667 21.00 126
0.057751 38.00 658
0.125926 17.00 135
0.275862 152.00 551
0.570093 61.00 107

0.598592 85.00 142
0.108974 17.00 156
0.250000 32.00 128
0.220588 45.00 204
0.018182 4.00 220

0.145251 26.00 179
0.572816 59.00 103
0.159533 41.00 257
0.002481 1.00 403
0.324834 293.00 902

0.159292 18.00 113
0.028504 24.00 842
0.716418 624.00 871
0.037313 5.00 134
0.259615 108.00 416

0.039002 25.00 641
0.298805 150.00 502
0.376774 292.00 775
0.144284 130.00 901
0.339806 70.00 206

0.102564 32.00 312
0.272861 185.00 678
0.733021 313.00 427
0.086788 67.00 772
0.004211 2.00 475

0.098485 26.00 264
0.201342 30.00 149
0.019231 2.00 104
0.519463 387.00 745
0.364146 130.00 357

0.441890 346.00 783
0.284936 157.00 551
0.260073 71.00 273
0.135977 48.00 353
0.076159 23.00 302

0.338583 301.00 889
0.238095 40.00 168
0.457237 278.00 608
0.109620 49.00 447
0.056437 32.00 567

0.180672 43.00 238
0.260794 151.00 579
0.577044 367.00 636
0.091304 21.00 230
0.095238 16.00 168

0.272727 72.00 264
0.098485 39.00 396
0.688095 578.00 840
0.092903 72.00 775
0.047727 21.00 440

0.245902 30.00 122
0.170984 33.00 193
0.100000 22.00 220
0.197368 30.00 152
0.491228 168.00 342

0.003185 1.00 314
0.428571 51.00 119
0.063218 11.00 174
0.090909 20.00 220
0.611465 96.00 157

0.164356 83.00 505
0.169184 168.00 993
0.185751 73.00 393
0.510345 74.00 145
0.169913 157.00 924

0.013605 2.00 147
0.504274 118.00 234
0.603604 67.00 111
0.018519 2.00 108
0.060606 8.00 132

0.190244 39.00 205
0.403509 69.00 171
0.217308 113.00 520
0.189781 52.00 274
0.200000 26.00 130

0.160870 37.00 230
0.400966 83.00 207
0.209102 170.00 813
0.254545 56.00 220
0.173077 18.00 104

0.105960 16.00 151
0.044415 33.00 743
0.882682 158.00 179
0.097345 33.00 339
0.068513 47.00 686

0.246204 227.00 922
0.377622 108.00 286
0.313636 69.00 220
0.213115 130.00 610
0.047120 9.00 191

0.211765 72.00 340
0.629101 441.00 701
0.176707 88.00 498
0.147161 127.00 863
0.037325 24.00 643

0.116279 20.00 172
0.205742 43.00 209
0.111111 21.00 189
0.403226 50.00 124
0.366748 150.00 409

0.542345 333.00 614
0.158833 98.00 617
0.160494 26.00 162
0.151515 20.00 132
0.183206 24.00 131

0.613826 515.00 839
0.142857 15.00 105
0.123944 44.00 355
0.024638 17.00 690
0.290566 77.00 265

0.265306 65.00 245
0.154321 25.00 162
0.188755 47.00 249
0.212329 31.00 146
0.386076 61.00 158

0.656250 630.00 960
0.040179 9.00 224
0.426009 95.00 223
0.040100 16.00 399
0.037037 9.00 243

0.462687 62.00 134
0.007407 2.00 270
0.336842 128.00 380
0.156593 57.00 364
0.240385 25.00 104

0.281553 29.00 103
0.117274 74.00 631
0.272727 51.00 187
0.468750 60.00 128
0.056604 6.00 106

0.087912 16.00 182
0.089474 17.00 190
0.408027 244.00 598
0.036082 7.00 194
0.580000 116.00 200

0.024390 8.00 328
0.021127 3.00 142
0.291317 208.00 714
0.676514 458.00 677
0.186298 155.00 832

0.662069 96.00 145
0.020619 4.00 194
0.174888 39.00 223
0.060811 9.00 148
0.290000 58.00 200

0.032258 11.00 341
0.623494 207.00 332
0.391667 376.00 960
0.006810 6.00 881
0.144654 23.00 159

0.621053 118.00 190
0.073394 8.00 109
0.185185 70.00 378
0.191992 187.00 974
0.125436 36.00 287

0.172414 20.00 116
0.175385 57.00 325
0.389744 76.00 195
0.242515 162.00 668
0.221239 75.00 339

0.218750 28.00 128
0.330435 38.00 115
0.215569 36.00 167
0.007168 2.00 279
0.431373 66.00 153

0.376884 150.00 398
0.029197 8.00 274
0.123574 65.00 526
0.153169 87.00 568
0.517296 329.00 636

0.009901 1.00 101
0.551515 91.00 165
0.115016 72.00 626
0.445455 98.00 220
0.083885 38.00 453

0.211361 160.00 757
0.058480 10.00 171
0.047619 6.00 126
0.598131 64.00 107
0.279851 75.00 268

0.752000 282.00 375
0.064748 9.00 139
0.258621 75.00 290
0.086788 67.00 772
0.040000 8.00 200

0.388832 383.00 985
0.180387 149.00 826
0.272727 30.00 110
0.172205 57.00 331
0.182724 55.00 301

0.492647 67.00 136
0.025000 4.00 160
0.102302 40.00 391
0.192000 24.00 125
0.397152 251.00 632

0.234177 37.00 158
0.014493 4.00 276
0.341757 284.00 831
0.487234 229.00 470
0.122807 14.00 114

0.252890 175.00 692
0.419048 44.00 105
0.109069 89.00 816
0.062595 41.00 655
0.363636 52.00 143

0.708779 331.00 467
0.003984 2.00 502
0.045817 23.00 502
0.080952 17.00 210
0.357576 59.00 165

0.197572 179.00 906
0.074510 19.00 255
0.035556 8.00 225
0.291667 49.00 168
0.601246 193.00 321

0.273585 29.00 106
0.035821 12.00 335
0.203125 26.00 128
0.319620 101.00 316
0.359593 283.00 787

0.020690 6.00 290
0.310469 86.00 277
0.025027 23.00 919
0.513514 76.00 148
0.334746 79.00 236

0.013986 2.00 143
0.302198 110.00 364
0.599415 205.00 342
0.219298 50.00 228
0.067227 8.00 119

0.145833 21.00 144
0.018672 18.00 964
0.285714 98.00 343
0.577075 146.00 253
0.172646 154.00 892

0.079787 15.00 188
0.233083 31.00 133
0.127946 38.00 297
0.698492 139.00 199
0.060261 37.00 614

0.083004 42.00 506
0.540146 74.00 137
0.051587 13.00 252
0.371134 72.00 194
0.155914 29.00 186

0.275316 87.00 316
0.290323 54.00 186
0.300000 75.00 250
0.123786 51.00 412
0.206667 31.00 150

0.781818 86.00 110
0.030501 14.00 459
0.008658 4.00 462
0.130194 94.00 722
0.252747 46.00 182

0.497942 121.00 243
0.131673 74.00 562
0.146965 46.00 313
0.148485 147.00 990
0.273256 47.00 172

0.296178 93.00 314
0.125874 36.00 286
0.057870 25.00 432
0.517857 58.00 112
0.199454 73.00 366

0.176820 119.00 673
0.092896 17.00 183
0.386555 92.00 238
0.256579 39.00 152
0.288462 45.00 156

0.023988 16.00 667
0.557125 434.00 779
0.067164 9.00 134
0.276738 207.00 748
0.280374 60.00 214

0.194719 59.00 303
0.673759 95.00 141
0.038168 20.00 524
0.049383 12.00 243
0.244444 55.00 225

0.077381 26.00 336
0.147239 24.00 163
0.206107 27.00 131
0.509202 83.00 163
0.262346 85.00 324

0.110251 57.00 517
0.450777 87.00 193
0.575000 230.00 400
0.008621 1.00 116
0.058419 17.00 291

0.019608 3.00 153
0.203297 148.00 728
0.017857 4.00 224
0.330769 215.00 650
0.625000 155.00 248

0.696429 234.00 336
0.064677 13.00 201
0.159494 63.00 395
0.113333 17.00 150
0.165580 127.00 767

0.140541 130.00 925
0.275641 129.00 468
0.020161 5.00 248
0.006693 5.00 747
0.756410 177.00 234

0.300000 39.00 130
0.030172 21.00 696
0.405797 56.00 138
0.044146 23.00 521
0.425159 267.00 628

0.451477 107.00 237
0.032164 11.00 342
0.166227 63.00 379
0.461972 164.00 355
0.087591 12.00 137

0.219917 106.00 482
0.015152 2.00 132
0.379137 378.00 997
0.083333 69.00 828
0.500000 73.00 146

0.239669 29.00 121
0.149660 44.00 294
0.547107 331.00 605
0.144385 54.00 374
0.120755 64.00 530

0.082849 57.00 688
0.049072 37.00 754
0.509202 83.00 163
0.371681 42.00 113
0.183536 136.00 741

0.374541 306.00 817
0.019608 3.00 153
0.264706 27.00 102
0.016970 14.00 825
0.523810 165.00 315

0.412048 342.00 830
0.045455 10.00 220
0.095238 26.00 273
0.478261 385.00 805
0.165803 32.00 193

0.219178 32.00 146
0.243446 65.00 267
0.399437 284.00 711
0.136364 51.00 374
0.203180 115.00 566

0.065029 45.00 692
0.817460 309.00 378
0.129921 33.00 254
0.002729 2.00 733
0.188552 56.00 297

0.024793 3.00 121
0.210306 151.00 718
0.411215 44.00 107
0.006977 6.00 860
0.540984 99.00 183

0.051887 11.00 212
0.056250 9.00 160
0.313278 302.00 964
0.588785 63.00 107
0.183908 32.00 174

0.956914 955.00 998
0.007825 5.00 639
0.039062 5.00 128
0.034091 6.00 176
0.161094 159.00 987

0.031348 30.00 957
0.062035 50.00 806
0.513906 425.00 827
0.225100 113.00 502
0.366412 96.00 262

0.188153 54.00 287
0.828338 608.00 734
0.082569 18.00 218
0.040201 8.00 199
0.060606 36.00 594

0.662338 153.00 231
0.128342 48.00 374
0.083851 27.00 322
0.303907 210.00 691
0.018182 9.00 495

0.253589 106.00 418
0.013333 4.00 300
0.335180 121.00 361
0.224852 38.00 169
0.371517 240.00 646

0.177570 19.00 107
0.212766 60.00 282
0.223350 132.00 591
0.002564 1.00 390
0.583333 84.00 144

0.006250 3.00 480
0.060811 9.00 148
0.467213 57.00 122
0.219340 186.00 848
0.443831 241.00 543

0.061538 44.00 715
0.095368 35.00 367
0.603041 357.00 592
0.097983 34.00 347
0.341709 68.00 199

0.218329 81.00 371
0.164474 25.00 152
0.184713 29.00 157
0.277027 82.00 296
0.362069 42.00 116

0.263855 219.00 830
0.402887 307.00 762
0.003497 1.00 286
0.025078 8.00 319
0.504065 62.00 123

0.310345 108.00 348
0.089520 41.00 458
0.323529 77.00 238
0.045603 14.00 307
0.433939 358.00 825

0.292391 269.00 920
0.284974 55.00 193
0.188119 38.00 202
0.181034 21.00 116
0.250000 31.00 124

0.045855 26.00 567
0.658228 208.00 316
0.293578 32.00 109
0.188000 94.00 500
0.016474 10.00 607

0.163636 27.00 165
0.335217 178.00 531
0.554348 357.00 644
0.107143 18.00 168
0.041775 16.00 383

0.133420 103.00 772
0.119298 34.00 285
0.138158 21.00 152
0.290441 79.00 272
0.517241 105.00 203

0.282686 80.00 283
0.187151 67.00 358
0.091022 73.00 802
0.634191 345.00 544
0.005168 4.00 774

0.190131 131.00 689
0.234014 172.00 735
0.372263 51.00 137
0.295359 140.00 474
0.106742 19.00 178

0.305085 54.00 177
0.093525 13.00 139
0.086538 45.00 520
0.397528 386.00 971
0.312830 178.00 569

0.053571 18.00 336
0.242647 33.00 136
0.501182 212.00 423
0.300562 214.00 712
0.099217 38.00 383

0.035714 4.00 112
0.026316 5.00 190
0.333333 134.00 402
0.361386 146.00 404
0.443478 51.00 115

0.137615 15.00 109
0.061033 13.00 213
0.359375 92.00 256
0.502793 360.00 716
0.143766 113.00 786

0.333333 269.00 807
0.260714 146.00 560
0.450000 261.00 580
0.039238 35.00 892
0.116279 50.00 430

0.172897 37.00 214
0.417910 56.00 134
0.065574 8.00 122
0.401695 237.00 590
0.143293 47.00 328

0.065789 10.00 152
0.994475 180.00 181
0.070400 44.00 625
0.007353 1.00 136
0.065972 57.00 864

0.127208 36.00 283
0.350413 212.00 605
0.204545 27.00 132
0.416000 52.00 125
0.102439 21.00 205

0.393939 169.00 429
0.387574 131.00 338
0.045455 22.00 484
0.151163 26.00 172
0.222591 67.00 301

0.367698 214.00 582
0.544041 105.00 193
0.142410 91.00 639
0.004762 2.00 420
0.143541 30.00 209

0.346501 307.00 886
0.060491 32.00 529
0.075789 72.00 950
0.553769 551.00 995
0.159722 23.00 144

0.116004 108.00 931
0.097919 80.00 817
0.324159 318.00 981
0.581325 193.00 332
0.080820 67.00 829

0.194805 30.00 154
0.220779 34.00 154
0.293737 136.00 463
0.147799 141.00 954
0.341689 259.00 758

0.155031 151.00 974
0.489796 72.00 147
0.316436 206.00 651
0.180645 28.00 155
0.059603 9.00 151

0.042735 5.00 117
0.142857 27.00 189
0.961895 934.00 971
0.007092 3.00 423
0.046809 11.00 235

0.123967 15.00 121
0.337662 52.00 154
0.268398 248.00 924
0.008850 1.00 113
0.456311 47.00 103

0.253165 120.00 474
0.291262 90.00 309
0.196635 187.00 951
0.340782 61.00 179
0.122004 56.00 459

0.414062 53.00 128
0.037152 12.00 323
0.055961 46.00 822
0.219198 153.00 698
0.470032 149.00 317

0.325623 183.00 562
0.122867 36.00 293
0.044534 22.00 494
0.276978 154.00 556
0.430435 99.00 230

0.069307 7.00 101
0.283688 40.00 141
0.493421 450.00 912
0.108333 13.00 120
0.243816 207.00 849

0.106918 85.00 795
0.044586 28.00 628
0.521368 366.00 702
0.042821 17.00 397
0.486014 139.00 286

0.182540 23.00 126
0.392739 357.00 909
0.360169 85.00 236
0.107246 37.00 345
0.160256 125.00 780

0.211581 95.00 449
0.002874 1.00 348
0.288344 47.00 163
0.439716 62.00 141
0.252312 191.00 757

0.567347 139.00 245
0.211382 52.00 246
0.096154 10.00 104
0.084608 83.00 981
0.233684 222.00 950

0.775689 619.00 798
0.216418 29.00 134
0.070130 27.00 385
0.092920 21.00 226
0.046358 7.00 151

0.050000 18.00 360
0.709677 198.00 279
0.105042 100.00 952
0.137500 55.00 400
0.196262 21.00 107

0.122905 44.00 358
0.132275 25.00 189
0.231884 32.00 138
0.413940 291.00 703
0.293578 32.00 109

0.454762 191.00 420
0.023585 5.00 212
0.387387 43.00 111
0.321237 239.00 744
0.008557 7.00 818

0.263285 218.00 828
0.070175 16.00 228
0.042032 24.00 571
0.608069 422.00 694
0.216418 29.00 134

0.357664 196.00 548
0.257009 55.00 214
0.152542 18.00 118
0.300412 146.00 486
0.131621 82.00 623

0.270968 42.00 155
0.245033 37.00 151
0.186603 39.00 209
0.309985 208.00 671
0.184000 23.00 125

0.691406 531.00 768
0.065637 17.00 259
0.035191 12.00 341
0.008170 5.00 612
0.396907 77.00 194

0.018321 12.00 655
0.297650 114.00 383
0.023438 12.00 512
0.461434 341.00 739
0.398305 141.00 354

0.158115 151.00 955
0.025907 5.00 193
0.038564 29.00 752
0.306569 84.00 274
0.676190 71.00 105

0.405995 298.00 734
0.152905 50.00 327
0.437294 265.00 606
0.125749 21.00 167
0.078671 45.00 572

0.716141 386.00 539
0.088918 69.00 776
0.085546 29.00 339
0.189189 21.00 111
0.120968 30.00 248

0.037736 18.00 477
0.311709 197.00 632
0.393238 221.00 562
0.087852 81.00 922
0.364964 50.00 137

0.004082 1.00 245
0.012195 2.00 164
0.397516 64.00 161
0.362822 324.00 893
0.425532 60.00 141

0.107407 29.00 270
0.097143 68.00 700
0.026769 14.00 523
0.654596 235.00 359
0.314286 66.00 210

0.110092 12.00 109
0.344828 80.00 232
0.287834 97.00 337
0.328571 46.00 140
0.126866 102.00 804

0.721461 632.00 876
0.112150 48.00 428
0.119266 26.00 218
0.116071 13.00 112
0.130137 19.00 146

0.042071 13.00 309
0.212963 46.00 216
0.623907 214.00 343
0.022059 3.00 136
0.298507 160.00 536

0.094017 77.00 819
0.041958 6.00 143
0.737463 250.00 339
0.079070 17.00 215
0.249071 67.00 269

0.344538 41.00 119
0.004255 1.00 235
0.345756 334.00 966
0.092949 29.00 312
0.413580 134.00 324

0.236842 81.00 342
0.007752 3.00 387
0.131579 20.00 152
0.261122 135.00 517
0.562602 346.00 615

0.263158 50.00 190
0.080000 56.00 700
0.725689 500.00 689
0.084112 18.00 214
0.043825 11.00 251

0.361272 125.00 346
0.284722 41.00 144
0.057245 32.00 559
0.078889 71.00 900
0.418424 377.00 901

0.265101 79.00 298
0.045632 35.00 767
0.043379 19.00 438
0.027523 12.00 436
0.811881 82.00 101

0.045455 15.00 330
0.034130 20.00 586
0.531008 274.00 516
0.170940 20.00 117
0.420561 90.00 214

0.066210 58.00 876
0.241736 117.00 484
0.737557 163.00 221
0.082833 69.00 833
0.071111 16.00 225

0.041401 13.00 314
0.081818 9.00 110
0.006536 1.00 153
0.675325 104.00 154
0.397222 143.00 360

0.190104 73.00 384
0.327138 88.00 269
0.203782 194.00 952
0.279249 253.00 906
0.198910 73.00 367

0.626316 119.00 190
0.225225 25.00 111
0.010490 3.00 286
0.117216 32.00 273
0.224419 193.00 860

0.063636 7.00 110
0.033333 10.00 300
0.105590 17.00 161
0.650000 559.00 860
0.353571 297.00 840

0.003096 1.00 323
0.381215 69.00 181
0.365887 266.00 727
0.115028 62.00 539
0.334228 249.00 745

0.746575 109.00 146
0.136654 107.00 783
0.015817 9.00 569
0.037406 15.00 401
0.260504 62.00 238

0.027778 4.00 144
0.340426 128.00 376
0.076471 13.00 170
0.601156 104.00 173
0.150442 34.00 226

0.776119 364.00 469
0.136236 97.00 712
0.075758 10.00 132
0.043750 14.00 320
0.170290 47.00 276

0.677852 101.00 149
0.139130 32.00 230
0.038095 20.00 525
0.077899 43.00 552
0.269430 52.00 193

0.381579 145.00 380
0.250597 210.00 838
0.156746 79.00 504
0.051724 6.00 116
0.357542 64.00 179

0.314050 76.00 242
0.141762 37.00 261
0.019920 5.00 251
0.721739 83.00 115
0.001859 1.00 538

0.474245 267.00 563
0.221106 88.00 398
0.111111 13.00 117
0.091837 54.00 588
0.296552 258.00 870

0.439306 76.00 173
0.075000 12.00 160
0.084813 43.00 507
0.510246 249.00 488
0.090909 61.00 671

0.552381 116.00 210
0.530374 227.00 428
0.056911 7.00 123
0.025954 17.00 655
0.039759 33.00 830

0.235294 64.00 272
0.060383 41.00 679
0.369942 64.00 173
0.072327 69.00 954
0.463918 90.00 194

0.155340 16.00 103
0.317204 59.00 186
0.258286 226.00 875
0.072727 8.00 110
0.406897 59.00 145

0.290859 105.00 361
0.532578 188.00 353
0.210256 82.00 390
0.150838 27.00 179
0.015762 9.00 571

0.232704 37.00 159
0.102484 33.00 322
0.182561 67.00 367
0.115512 70.00 606
0.568000 142.00 250

0.165468 46.00 278
0.138241 77.00 557
0.266187 37.00 139
0.210591 171.00 812
0.416928 133.00 319

0.310861 166.00 534
0.547170 58.00 106
0.018277 7.00 383
0.251969 32.00 127
0.062992 8.00 127

0.218107 159.00 729
0.006042 4.00 662
0.405128 158.00 390
0.034286 6.00 175
0.533333 104.00 195

0.219444 158.00 720
0.140103 109.00 778
0.332207 295.00 888
0.139605 92.00 659
0.369767 159.00 430

0.015951 13.00 815
0.225908 143.00 633
0.125628 25.00 199
0.102314 84.00 821
0.728059 589.00 809

0.097403 15.00 154
0.646532 289.00 447
0.200000 37.00 185
0.211849 118.00 557
0.041570 18.00 433

0.445378 53.00 119
0.120000 15.00 125
0.075269 35.00 465
0.140000 28.00 200
0.418750 134.00 320

0.493827 80.00 162
0.181818 132.00 726
0.160714 45.00 280
0.023847 15.00 629
0.342342 38.00 111

0.272449 267.00 980
0.187919 56.00 298
0.456067 109.00 239
0.047478 16.00 337
0.236052 165.00 699

0.027586 8.00 290
0.547170 319.00 583
0.095808 16.00 167
0.343648 211.00 614
0.183673 126.00 686

0.188119 19.00 101
0.361179 147.00 407
0.061856 18.00 291
0.288462 30.00 104
0.298507 80.00 268

0.099526 42.00 422
0.126789 62.00 489
0.418033 51.00 122
0.465028 246.00 529
0.087500 21.00 240

0.104331 53.00 508
0.001976 1.00 506
0.724832 324.00 447
0.334906 71.00 212
0.030336 28.00 923

0.041096 9.00 219
0.597884 113.00 189
0.129139 117.00 906
0.208333 30.00 144
0.215686 22.00 102

0.267813 109.00 407
0.431762 174.00 403
0.265306 39.00 147
0.024465 8.00 327
0.209677 26.00 124

0.320064 201.00 628
0.316832 32.00 101
0.141499 134.00 947
0.382609 44.00 115
0.043956 8.00 182

0.087049 41.00 471
0.129139 78.00 604
0.023810 4.00 168
0.134831 36.00 267
0.826367 257.00 311

0.502439 103.00 205
0.055425 47.00 848
0.080793 53.00 656
0.532710 57.00 107
0.024306 7.00 288

0.589147 76.00 129
0.219048 23.00 105
0.005000 2.00 400
0.169102 81.00 479
0.223529 38.00 170

0.006803 3.00 441
0.641304 118.00 184
0.015789 3.00 190
0.504167 121.00 240
0.033451 19.00 568

0.466216 69.00 148
0.475962 297.00 624
0.109546 70.00 639
0.022222 9.00 405
0.124752 63.00 505

0.040000 5.00 125
0.090116 31.00 344
0.734694 180.00 245
0.263158 40.00 152
0.075188 20.00 266

0.746667 336.00 450
0.210600 151.00 717
0.087302 11.00 126
0.024112 19.00 788
0.131980 26.00 197

0.116071 52.00 448
0.122995 23.00 187
0.382166 240.00 628
0.067873 15.00 221
0.513889 74.00 144

0.094444 51.00 540
0.283019 75.00 265
0.571429 60.00 105
0.099174 12.00 121
0.151261 36.00 238

0.200000 118.00 590
0.117978 21.00 178
0.585106 110.00 188
0.125382 82.00 654
0.169231 33.00 195

0.173567 109.00 628
0.413295 143.00 346
0.081429 57.00 700
0.242604 82.00 338
0.285714 84.00 294

0.558723 490.00 877
0.099174 12.00 121
0.086379 26.00 301
0.132231 32.00 242
0.327068 174.00 532

0.100000 10.00 100
0.076923 33.00 429
0.160920 28.00 174
0.141104 23.00 163
0.728426 574.00 788

0.458886 346.00 754
0.040476 17.00 420
0.353030 233.00 660
0.276368 207.00 749
0.071594 31.00 433

0.016930 15.00 886
0.580972 287.00 494
0.100000 10.00 100
0.477949 466.00 975
0.023835 22.00 923

0.584699 107.00 183
0.118881 17.00 143
0.293103 34.00 116
0.124031 32.00 258
0.081967 25.00 305

0.157895 42.00 266
0.316176 43.00 136
0.139394 46.00 330
0.090141 32.00 355
0.491525 58.00 118

0.479339 58.00 121
0.217391 85.00 391
0.229075 52.00 227
0.119658 14.00 117
0.148148 24.00 162

0.632768 112.00 177
0.096774 15.00 155
0.096591 34.00 352
0.278846 29.00 104
0.093264 36.00 386

0.348214 39.00 112
0.451049 258.00 572
0.311881 63.00 202
0.026490 4.00 151
0.063636 35.00 550

0.674074 455.00 675
0.042169 7.00 166
0.239521 80.00 334
0.215054 80.00 372
0.027523 6.00 218

0.155452 134.00 862
0.361345 43.00 119
0.571918 167.00 292
0.053571 18.00 336
0.058156 41.00 705

0.620347 250.00 403
0.211712 141.00 666
0.033571 33.00 983
0.282051 33.00 117
0.053942 13.00 241

0.031008 20.00 645
0.308081 61.00 198
0.105769 11.00 104
0.582609 134.00 230
0.176136 31.00 176

0.096491 11.00 114
0.160523 135.00 841
0.125373 84.00 670
0.758427 135.00 178
0.061947 7.00 113

0.195286 58.00 297
0.576132 140.00 243
0.060000 6.00 100
0.137542 122.00 887
0.226619 63.00 278

0.513672 263.00 512
0.320548 117.00 365
0.301205 150.00 498
0.037221 30.00 806
0.029661 7.00 236

0.408537 67.00 164
0.230769 54.00 234
0.068376 8.00 117
0.334906 71.00 212
0.155172 27.00 174

0.205298 62.00 302
0.027251 23.00 844
0.112840 29.00 257
0.242063 61.00 252
0.608392 87.00 143

0.027273 3.00 110
0.959004 655.00 683
0.161616 144.00 891
0.017045 3.00 176
0.036093 34.00 942

0.560440 255.00 455
0.030303 8.00 264
0.170940 20.00 117
0.102142 62.00 607
0.330709 42.00 127

0.201176 171.00 850
0.238240 157.00 659
0.281407 56.00 199
0.424658 62.00 146
0.056075 12.00 214

0.315385 82.00 260
0.163934 60.00 366
0.636111 229.00 360
0.059701 12.00 201
0.021028 18.00 856

0.302108 129.00 427
0.112150 12.00 107
0.236948 177.00 747
0.362989 102.00 281
0.182243 39.00 214

0.094645 76.00 803
0.425197 54.00 127
0.352941 36.00 102
0.105590 51.00 483
0.222222 176.00 792

0.115702 14.00 121
0.248148 67.00 270
0.527964 236.00 447
0.303763 113.00 372
0.009615 1.00 104

0.120253 19.00 158
0.429078 121.00 282
0.184584 91.00 493
0.190909 21.00 110
0.268657 36.00 134

0.246667 222.00 900
0.660000 66.00 100
0.108861 43.00 395
0.122807 28.00 228
0.063636 7.00 110

0.293651 37.00 126
0.140931 115.00 816
0.226415 24.00 106
0.080645 15.00 186
0.454454 454.00 999

0.072650 17.00 234
0.033816 28.00 828
0.770213 181.00 235
0.245098 50.00 204
0.079023 55.00 696

0.413223 50.00 121
0.410405 355.00 865
0.125786 40.00 318
0.178788 59.00 330
0.073034 26.00 356

0.244444 154.00 630
0.131849 77.00 584
0.028169 4.00 142
0.526104 131.00 249
0.271028 58.00 214

0.050955 8.00 157
0.432722 283.00 654
0.196203 62.00 316
0.170370 23.00 135
0.342857 36.00 105

0.268182 59.00 220
0.088968 25.00 281
0.214286 30.00 140
0.082707 33.00 399
0.551985 292.00 529

0.112782 30.00 266
0.290210 83.00 286
0.346547 271.00 782
0.215139 54.00 251
0.238754 69.00 289

0.007605 2.00 263
0.099768 43.00 431
0.191126 56.00 293
0.140845 20.00 142
0.761146 478.00 628

0.014950 9.00 602
0.782427 374.00 478
0.342007 92.00 269
0.032787 10.00 305
0.027273 3.00 110

0.476868 134.00 281
0.290476 61.00 210
0.055556 9.00 162
0.085622 53.00 619
0.287154 114.00 397

0.351733 274.00 779
0.029703 6.00 202
0.300654 138.00 459
0.246575 36.00 146
0.277228 28.00 101

0.245955 76.00 309
0.018987 3.00 158
0.198113 21.00 106
0.579937 185.00 319
0.160804 32.00 199

0.020085 19.00 946
0.444444 48.00 108
0.202479 98.00 484
0.047382 19.00 401
0.485714 119.00 245

0.312953 302.00 965
0.326733 33.00 101
0.061947 7.00 113
0.057851 7.00 121
0.441648 193.00 437

0.062583 47.00 751
0.516854 184.00 356
0.408511 96.00 235
0.072056 41.00 569
0.139535 18.00 129

0.250000 44.00 176
0.067797 48.00 708
0.188248 173.00 919
0.408304 118.00 289
0.282895 43.00 152

0.017413 7.00 402
0.391837 96.00 245
0.087108 50.00 574
0.358140 154.00 430
0.344498 216.00 627

0.147679 35.00 237
0.230769 30.00 130
0.713542 274.00 384
0.013158 8.00 608
0.095032 44.00 463

0.217391 30.00 138
0.014493 9.00 621
0.255319 48.00 188
0.049900 25.00 501
0.663830 156.00 235

0.061935 48.00 775
0.286667 43.00 150
0.211180 34.00 161
0.462264 98.00 212
0.175824 128.00 728

0.134165 86.00 641
0.456592 142.00 311
0.090129 21.00 233
0.230539 77.00 334
0.288298 271.00 940

0.168091 59.00 351
0.362416 54.00 149
0.145631 30.00 206
0.491484 202.00 411
0.035242 8.00 227

0.343575 123.00 358
0.093555 90.00 962
0.003390 1.00 295
0.552817 157.00 284
0.207692 27.00 130

0.078067 21.00 269
0.905102 887.00 980
0.131915 93.00 705
0.050847 30.00 590
0.035608 24.00 674

0.172662 24.00 139
0.448555 388.00 865
0.059476 59.00 992
0.202621 201.00 992
0.318966 74.00 232

0.067308 7.00 104
0.476596 224.00 470
0.090164 11.00 122
0.118812 48.00 404
0.453799 221.00 487

0.102804 11.00 107
0.490119 124.00 253
0.289333 217.00 750
0.271382 165.00 608
0.043478 6.00 138

0.071429 17.00 238
0.067873 15.00 221
0.453988 148.00 326
0.339450 37.00 109
0.270237 217.00 803

0.041322 5.00 121
0.239506 97.00 405
0.010417 6.00 576
0.096045 17.00 177
0.808429 422.00 522

0.306897 89.00 290
0.207500 83.00 400
0.150301 75.00 499
0.059172 10.00 169
0.476793 113.00 237

0.718232 260.00 362
0.142857 31.00 217
0.024831 11.00 443
0.266667 44.00 165
0.048894 42.00 859

0.237288 28.00 118
0.433559 385.00 888
0.134454 112.00 833
0.201646 49.00 243
0.195592 71.00 363

0.229299 36.00 157
0.160000 16.00 100
0.022099 16.00 724
0.406780 72.00 177
0.382143 214.00 560

0.056911 7.00 123
0.196989 157.00 797
0.192243 114.00 593
0.667364 638.00 956
0.088561 24.00 271

0.053846 7.00 130
0.298851 52.00 174
0.237975 94.00 395
0.598870 212.00 354
0.010309 10.00 970

0.216216 64.00 296
0.163102 61.00 374
0.339623 36.00 106
0.293233 78.00 266
0.191263 162.00 847

0.366071 41.00 112
0.162521 98.00 603
0.061350 20.00 326
0.353293 59.00 167
0.253550 125.00 493

0.140845 20.00 142
0.328431 67.00 204
0.037306 36.00 965
0.571429 108.00 189
0.122137 32.00 262

0.409326 158.00 386
0.165049 17.00 103
0.096296 13.00 135
0.030568 14.00 458
0.495181 411.00 830

0.275591 35.00 127
0.324074 35.00 108
0.341270 215.00 630
0.228673 193.00 844
0.028302 3.00 106

0.109137 43.00 394
0.098551 68.00 690
0.098802 66.00 668
0.746864 655.00 877
0.146269 49.00 335

0.185507 64.00 345
0.161123 155.00 962
0.025641 12.00 468
0.547368 156.00 285
0.278481 44.00 158

0.161885 79.00 488
0.069182 11.00 159
0.696970 92.00 132
0.042735 10.00 234
0.225225 25.00 111

0.636364 301.00 473
0.047970 13.00 271
0.389078 228.00 586
0.049020 20.00 408
0.073171 21.00 287

0.023873 9.00 377
0.267123 78.00 292
0.067568 10.00 148
0.806236 362.00 449
0.040404 8.00 198

0.088339 25.00 283
0.261218 163.00 624
0.306667 46.00 150
0.438217 344.00 785
0.100796 38.00 377

0.727273 120.00 165
0.233645 75.00 321
0.173729 82.00 472
0.015385 4.00 260
0.047368 9.00 190

0.383028 167.00 436
0.062278 35.00 562
0.132132 44.00 333
0.384615 355.00 923
0.236025 38.00 161

0.292089 144.00 493
0.296403 206.00 695
0.202899 140.00 690
0.097222 28.00 288
0.311429 218.00 700

0.135283 74.00 547
0.076190 8.00 105
0.369536 279.00 755
0.318777 146.00 458
0.301010 149.00 495

0.193124 191.00 989
0.451327 102.00 226
0.280543 124.00 442
0.021084 7.00 332
0.251870 101.00 401

0.044855 34.00 758
0.241645 94.00 389
0.641256 143.00 223
0.178138 44.00 247
0.094556 33.00 349

0.117886 29.00 246
0.031674 7.00 221
0.568702 149.00 262
0.382166 60.00 157
0.096899 25.00 258

0.037209 8.00 215
0.480349 220.00 458
0.100257 39.00 389
0.228916 76.00 332
0.349845 226.00 646

0.096234 23.00 239
0.111437 38.00 341
0.480916 189.00 393
0.300518 58.00 193
0.205714 36.00 175

0.361775 106.00 293
0.431487 296.00 686
0.239437 34.00 142
0.018613 11.00 591
0.150327 23.00 153

0.027778 6.00 216
0.366197 52.00 142
0.080745 13.00 161
0.650246 132.00 203
0.067797 8.00 118

0.186441 22.00 118
0.225564 30.00 133
0.167355 81.00 484
0.017366 12.00 691
0.598214 335.00 560

0.109155 31.00 284
0.233480 53.00 227
0.087209 15.00 172
0.156398 33.00 211
0.611940 205.00 335

0.011858 3.00 253
0.028653 10.00 349
0.319767 275.00 860
0.022936 5.00 218
0.819383 186.00 227

0.235556 53.00 225
0.053977 19.00 352
0.048544 20.00 412
0.025140 9.00 358
0.834783 96.00 115

0.056645 26.00 459
0.196721 36.00 183
0.204330 151.00 739
0.288241 277.00 961
0.457014 404.00 884

0.422222 133.00 315
0.175573 23.00 131
0.442623 108.00 244
0.082192 18.00 219
0.075209 27.00 359

0.016260 2.00 123
0.277707 218.00 785
0.141667 17.00 120
0.040000 5.00 125
0.730038 384.00 526

0.404580 53.00 131
0.488934 243.00 497
0.243094 88.00 362
0.038647 24.00 621
0.023499 9.00 383

0.413655 103.00 249
0.036364 4.00 110
0.485981 52.00 107
0.198347 24.00 121
0.061818 34.00 550

0.365385 38.00 104
0.451464 293.00 649
0.017751 3.00 169
0.118280 22.00 186
0.241546 50.00 207

0.032895 5.00 152
0.225108 52.00 231
0.049209 28.00 569
0.677019 109.00 161
0.214953 184.00 856

0.219608 112.00 510
0.115942 16.00 138
0.028986 10.00 345
0.166667 75.00 450
0.668675 111.00 166

0.550336 82.00 149
0.044199 24.00 543
0.194805 45.00 231
0.238806 32.00 134
0.166172 56.00 337

0.167939 22.00 131
0.273764 72.00 263
0.118056 17.00 144
0.155844 60.00 385
0.478261 99.00 207

0.419676 337.00 803
0.210526 72.00 342
0.008000 1.00 125
0.305376 142.00 465
0.257261 62.00 241

0.536913 80.00 149
0.194203 67.00 345
0.301754 86.00 285
0.084416 26.00 308
0.081800 40.00 489

0.373563 65.00 174
0.511583 265.00 518
0.032653 24.00 735
0.088050 42.00 477
0.190763 95.00 498

0.180124 29.00 161
0.013100 6.00 458
0.649057 172.00 265
0.195122 24.00 123
0.159686 122.00 764

0.112583 17.00 151
0.451220 74.00 164
0.208914 75.00 359
0.366541 195.00 532
0.055838 11.00 197

0.103953 71.00 683
0.411215 44.00 107
0.299279 249.00 832
0.352941 66.00 187
0.034759 26.00 748

0.563183 361.00 641
0.069940 47.00 672
0.066038 14.00 212
0.479495 304.00 634
0.022406 19.00 848

0.038397 23.00 599
0.508446 301.00 592
0.193154 79.00 409
0.402597 155.00 385
0.058659 42.00 716

0.138229 64.00 463
0.268072 267.00 996
0.400771 208.00 519
0.240741 26.00 108
0.147651 22.00 149

0.041971 23.00 548
0.177320 86.00 485
0.344340 73.00 212
0.226667 34.00 150
0.413043 57.00 138

0.343434 136.00 396
0.359146 269.00 749
0.402685 120.00 298
0.035821 12.00 335
0.059655 38.00 637

0.069486 23.00 331
0.161125 63.00 391
0.160173 37.00 231
0.730178 617.00 845
0.076923 39.00 507

0.430091 283.00 658
0.144928 20.00 138
0.380208 73.00 192
0.081448 54.00 663
0.166667 32.00 192

0.016796 13.00 774
0.408124 211.00 517
0.440909 194.00 440
0.313433 126.00 402
0.017094 2.00 117

0.365385 95.00 260
0.043478 18.00 414
0.387569 212.00 547
0.230769 36.00 156
0.176471 30.00 170

0.144068 85.00 590
0.139918 34.00 243
0.196319 32.00 163
0.212766 120.00 564
0.507519 135.00 266

0.082278 65.00 790
0.272000 34.00 125
0.054237 16.00 295
0.195929 77.00 393
0.592308 77.00 130

0.313228 296.00 945
0.137255 28.00 204
0.009146 6.00 656
0.537538 179.00 333
0.206061 34.00 165

0.529412 153.00 289
0.359788 68.00 189
0.083721 18.00 215
0.174863 32.00 183
0.052632 11.00 209

0.421622 78.00 185
0.050000 17.00 340
0.034398 14.00 407
0.657895 75.00 114
0.032012 21.00 656

0.494382 88.00 178
0.050633 36.00 711
0.454265 442.00 973
0.163498 129.00 789
0.037931 11.00 290

0.081000 81.00 1000
0.158710 123.00 775
0.267327 27.00 101
0.211722 177.00 836
0.477855 205.00 429

0.031008 4.00 129
0.089404 54.00 604
0.293103 34.00 116
0.130268 34.00 261
0.659211 501.00 760

0.106762 30.00 281
0.522727 115.00 220
0.291284 127.00 436
0.210046 46.00 219
0.066225 30.00 453

0.001751 1.00 571
0.009852 2.00 203
0.221557 37.00 167
0.887255 181.00 204
0.079268 13.00 164

0.115385 18.00 156
0.194444 56.00 288
0.665138 145.00 218
0.058824 10.00 170
0.164804 118.00 716

0.293375 186.00 634
0.354571 128.00 361
0.103550 35.00 338
0.268382 73.00 272
0.180702 103.00 570

0.102941 63.00 612
0.297226 225.00 757
0.256439 229.00 893
0.145985 20.00 137
0.399554 179.00 448

0.009009 1.00 111
0.038055 18.00 473
0.003165 1.00 316
0.388350 120.00 309
0.762121 503.00 660

0.534247 117.00 219
0.460000 46.00 100
0.102362 13.00 127
0.061179 55.00 899
0.039773 14.00 352

0.335821 45.00 134
0.584942 303.00 518
0.102484 66.00 644
0.142857 27.00 189
0.039683 10.00 252

0.696000 87.00 125
0.074434 46.00 618
0.342183 116.00 339
0.075383 64.00 849
0.010345 3.00 290

0.190000 38.00 200
0.127496 83.00 651
0.801768 635.00 792
0.050847 6.00 118
0.029870 23.00 770

0.565436 337.00 596
0.117857 33.00 280
0.112941 48.00 425
0.033898 4.00 118
0.370690 43.00 116

0.133420 103.00 772
0.141463 29.00 205
0.055556 11.00 198
0.459821 206.00 448
0.411022 358.00 871

0.276923 108.00 390
0.516779 77.00 149
0.048837 21.00 430
0.089147 23.00 258
0.269068 127.00 472

0.220141 94.00 427
0.115819 41.00 354
0.237288 28.00 118
0.398773 65.00 163
0.231343 93.00 402

0.281310 146.00 519
0.387931 90.00 232
0.040512 38.00 938
0.128405 33.00 257
0.359877 235.00 653

0.369369 123.00 333
0.167539 32.00 191
0.623529 106.00 170
0.010753 2.00 186
0.025478 4.00 157

0.356688 56.00 157
0.082067 27.00 329
0.229358 25.00 109
0.058824 13.00 221
0.476190 50.00 105

0.266821 115.00 431
0.040404 12.00 297
0.514286 144.00 280
0.316176 43.00 136
0.063158 24.00 380

0.171516 112.00 653
0.595745 196.00 329
0.210526 56.00 266
0.160350 55.00 343
0.064516 10.00 155

0.043038 17.00 395
0.242138 154.00 636
0.178571 40.00 224
0.325123 132.00 406
0.409938 264.00 644

0.134160 119.00 887
0.227425 68.00 299
0.100719 42.00 417
0.149406 88.00 589
0.587629 285.00 485

0.146927 98.00 667
0.116022 42.00 362
0.316993 97.00 306
0.331395 228.00 688
0.289189 107.00 370

0.056911 7.00 123
0.298945 255.00 853
0.308271 41.00 133
0.131959 128.00 970
0.397163 56.00 141

0.012876 3.00 233
0.135447 47.00 347
0.221893 75.00 338
0.387464 272.00 702
0.440909 97.00 220

0.397626 134.00 337
0.132353 18.00 136
0.603631 399.00 661
0.031348 20.00 638
0.037037 13.00 351

0.355140 38.00 107
0.125000 17.00 136
0.119946 89.00 742
0.491979 92.00 187
0.109375 42.00 384

0.220641 62.00 281
0.428571 75.00 175
0.053129 45.00 847
0.091803 28.00 305
0.406557 124.00 305

0.349057 37.00 106
0.115385 12.00 104
0.392996 101.00 257
0.200680 59.00 294
0.138989 77.00 554

0.344229 337.00 979
0.152518 106.00 695
0.272727 222.00 814
0.283582 38.00 134
0.145631 15.00 103

0.335837 313.00 932
0.037037 7.00 189
0.159091 84.00 528
0.524671 319.00 608
0.147208 29.00 197

0.035294 6.00 170
0.059783 11.00 184
0.737624 149.00 202
0.004608 4.00 868
0.356037 115.00 323

0.002283 1.00 438
0.230769 114.00 494
0.052239 7.00 134
0.137615 15.00 109
0.782609 108.00 138

0.320475 108.00 337
0.016129 2.00 124
0.395604 72.00 182
0.156716 21.00 134
0.308772 88.00 285

0.105541 40.00 379
0.035629 15.00 421
0.176617 142.00 804
0.031401 13.00 414
0.851485 86.00 101

0.247619 52.00 210
0.183432 31.00 169
0.459302 79.00 172
0.057072 23.00 403
0.250438 143.00 571

0.355353 312.00 878
0.144019 124.00 861
0.145695 22.00 151
0.225455 124.00 550
0.328720 190.00 578

0.092896 17.00 183
0.590476 310.00 525
0.294347 151.00 513
0.075269 14.00 186
0.149254 80.00 536

0.019691 14.00 711
0.102564 12.00 117
0.691781 101.00 146
0.253012 42.00 166
0.131051 111.00 847

0.207207 46.00 222
0.269962 71.00 263
0.228682 59.00 258
0.084848 14.00 165
0.407249 191.00 469

0.168675 28.00 166
0.154000 77.00 500
0.030864 5.00 162
0.544000 68.00 125
0.303125 97.00 320

0.087302 22.00 252
0.014049 11.00 783
0.035176 7.00 199
0.748571 131.00 175
0.312000 39.00 125

0.111429 78.00 700
0.140762 48.00 341
0.186147 43.00 231
0.511002 209.00 409
0.252747 184.00 728

0.154150 39.00 253
0.525547 72.00 137
0.056115 39.00 695
0.203024 94.00 463
0.258503 76.00 294

0.071611 28.00 391
0.346578 157.00 453
0.402284 317.00 788
0.260274 38.00 146
0.117725 89.00 756

0.002146 2.00 932
0.980519 151.00 154
0.015625 6.00 384
0.005618 2.00 356
0.195233 172.00 881

0.194595 72.00 370
0.080780 58.00 718
0.269859 248.00 919
0.255319 60.00 235
0.398964 77.00 193

0.312373 308.00 986
0.277070 87.00 314
0.084459 25.00 296
0.154982 84.00 542
0.372855 239.00 641

0.009804 1.00 102
0.221429 31.00 140
0.668449 250.00 374
0.225282 180.00 799
0.075055 34.00 453

0.394958 47.00 119
0.261194 35.00 134
0.011029 3.00 272
0.255319 96.00 376
0.272177 135.00 496

0.248299 146.00 588
0.205128 24.00 117
0.066667 7.00 105
0.604969 487.00 805
0.069231 9.00 130

0.042146 22.00 522
0.223301 23.00 103
0.404943 213.00 526
0.103774 11.00 106
0.413793 72.00 174

0.120690 14.00 116
0.019802 2.00 101
0.153689 75.00 488
0.194915 23.00 118
0.712695 320.00 449

0.399791 383.00 958
0.050000 5.00 100
0.084337 28.00 332
0.389744 228.00 585
0.280679 215.00 766

0.635036 87.00 137
0.347656 89.00 256
0.151703 98.00 646
0.007874 4.00 508
0.058824 15.00 255

0.237805 195.00 820
0.300218 275.00 916
0.059701 16.00 268
0.340782 61.00 179
0.258026 217.00 841

0.226027 66.00 292
0.300699 43.00 143
0.441315 188.00 426
0.062415 46.00 737
0.168790 106.00 628

0.138626 117.00 844
0.192469 46.00 239
0.299492 118.00 394
0.066019 34.00 515
0.506024 84.00 166

0.265306 39.00 147
0.263158 140.00 532
0.245018 209.00 853
0.256055 148.00 578
0.171171 19.00 111

0.595238 150.00 252
0.122078 47.00 385
0.426778 102.00 239
0.026846 4.00 149
0.029630 4.00 135

0.561224 495.00 882
0.085616 25.00 292
0.149606 38.00 254
0.238462 31.00 130
0.165038 152.00 921

0.387870 275.00 709
0.090909 15.00 165
0.148387 23.00 155
0.482759 140.00 290
0.085106 16.00 188

0.165992 41.00 247
0.068849 61.00 886
0.322188 106.00 329
0.390671 134.00 343
0.245283 26.00 106

0.126582 20.00 158
0.406728 133.00 327
0.254430 201.00 790
0.150794 19.00 126
0.266447 81.00 304

0.602225 433.00 719
0.078571 11.00 140
0.054187 11.00 203
0.195402 34.00 174
0.265934 121.00 455

0.411348 58.00 141
0.037037 6.00 162
0.176871 26.00 147
0.191358 31.00 162
0.384535 368.00 957

0.310714 87.00 280
0.026608 12.00 451
0.235890 163.00 691
0.609290 446.00 732
0.016393 2.00 122

0.430380 68.00 158
0.190909 21.00 110
0.548134 279.00 509
0.007634 2.00 262
0.021372 19.00 889

0.274038 57.00 208
0.021672 7.00 323
0.089059 35.00 393
0.393939 52.00 132
0.419355 117.00 279

0.343137 35.00 102
0.666667 242.00 363
0.047619 9.00 189
0.072052 33.00 458
0.068182 15.00 220

0.073620 12.00 163
0.339450 37.00 109
0.224771 49.00 218
0.408163 60.00 147
0.152062 59.00 388

0.597561 147.00 246
0.205357 23.00 112
0.044053 20.00 454
0.185965 106.00 570
0.163743 56.00 342

0.104348 12.00 115
0.103044 44.00 427
0.032934 11.00 334
0.320312 41.00 128
0.634615 66.00 104

0.139706 19.00 136
0.085000 85.00 1000
0.019062 13.00 682
0.809591 574.00 709
0.151079 21.00 139

0.278689 51.00 183
0.356643 51.00 143
0.075243 31.00 412
0.382184 133.00 348
0.102960 80.00 777

0.584906 93.00 159
0.054264 7.00 129
0.301663 127.00 421
0.028037 3.00 107
0.228873 65.00 284

0.177820 93.00 523
0.604294 197.00 326
0.108974 51.00 468
0.216724 127.00 586
0.095074 83.00 873

0.346154 63.00 182
0.417508 124.00 297
0.120567 17.00 141
0.294304 186.00 632
0.018051 5.00 277

0.094488 60.00 635
0.096447 19.00 197
0.526515 139.00 264
0.398773 65.00 163
0.084236 70.00 831

0.356688 56.00 157
0.130081 16.00 123
0.008074 7.00 867
0.430168 77.00 179
0.266821 115.00 431

0.755789 359.00 475
0.226744 39.00 172
0.166667 18.00 108
0.003311 1.00 302
0.048246 11.00 228

0.330855 89.00 269
0.247423 96.00 388
0.329787 62.00 188
0.054054 6.00 111
0.236311 82.00 347

0.243119 53.00 218
0.335556 151.00 450
0.063063 14.00 222
0.171171 38.00 222
0.390551 248.00 635

0.152034 71.00 467
0.348361 85.00 244
0.412245 101.00 245
0.257862 41.00 159
0.027027 4.00 148

0.533937 236.00 442
0.305405 113.00 370
0.060914 24.00 394
0.049180 6.00 122
0.244207 137.00 561

0.388740 145.00 373
0.018072 3.00 166
0.592126 376.00 635
0.048017 23.00 479
0.157706 44.00 279

0.509583 452.00 887
0.022222 17.00 765
0.074324 11.00 148
0.292553 55.00 188
0.301863 243.00 805

0.394608 161.00 408
0.019643 11.00 560
0.009804 3.00 306
0.686957 79.00 115
0.085139 55.00 646

0.233503 46.00 197
0.270677 36.00 133
0.054054 14.00 259
0.067568 15.00 222
0.572857 401.00 700

0.373711 145.00 388
0.009174 1.00 109
0.041908 29.00 692
0.564904 235.00 416
0.204545 27.00 132

0.293860 67.00 228
0.295652 68.00 230
0.432927 426.00 984
0.053215 24.00 451
0.127036 117.00 921

0.029412 3.00 102
0.226594 167.00 737
0.233010 24.00 103
0.503597 70.00 139
0.206897 54.00 261

0.080460 56.00 696
0.144144 16.00 111
0.183246 70.00 382
0.544218 160.00 294
0.247475 49.00 198

0.274194 119.00 434
0.125227 69.00 551
0.666276 569.00 854
0.075472 8.00 106
0.053633 31.00 578

0.278689 34.00 122
0.246468 157.00 637
0.181818 26.00 143
0.422562 221.00 523
0.069638 25.00 359

0.119377 69.00 578
0.033943 13.00 383
0.284404 31.00 109
0.176471 21.00 119
0.586957 81.00 138

0.349693 114.00 326
0.371517 120.00 323
0.071014 49.00 690
0.273438 35.00 128
0.140940 21.00 149

0.004594 3.00 653
0.260736 255.00 978
0.577947 152.00 263
0.202899 56.00 276
0.154098 47.00 305

0.435356 165.00 379
0.243088 211.00 868
0.151786 17.00 112
0.077586 27.00 348
0.295615 209.00 707

0.373984 92.00 246
0.070352 14.00 199
0.301676 54.00 179
0.401697 284.00 707
0.054363 38.00 699

0.106306 59.00 555
0.051724 12.00 232
0.038168 5.00 131
0.971039 570.00 587
0.025641 3.00 117

0.062500 12.00 192
0.061224 12.00 196
0.475410 145.00 305
0.135000 27.00 200
0.464646 184.00 396

0.500000 53.00 106
0.146341 18.00 123
0.096639 92.00 952
0.154440 80.00 518
0.297872 140.00 470

0.837270 319.00 381
0.070175 8.00 114
0.197198 183.00 928
0.065789 30.00 456
0.026786 3.00 112

0.513711 281.00 547
0.005682 1.00 176
0.084192 49.00 582
0.020000 7.00 350
0.578571 162.00 280

0.220779 68.00 308
0.462585 68.00 147
0.063218 22.00 348
0.002907 1.00 344
0.456161 385.00 844

0.238698 132.00 553
0.211538 22.00 104
0.008368 2.00 239
0.128000 96.00 750
0.614706 209.00 340

0.034965 5.00 143
0.189684 114.00 601
0.039657 37.00 933
0.149425 39.00 261
0.788732 224.00 284

0.154297 79.00 512
0.274336 31.00 113
0.333333 46.00 138
0.310606 41.00 132
0.124620 41.00 329

0.052632 7.00 133
0.577320 112.00 194
0.492063 62.00 126
0.044248 5.00 113
0.025641 3.00 117

0.066438 58.00 873
0.018079 16.00 885
0.418118 120.00 287
0.292683 60.00 205
0.401515 53.00 132

0.035971 5.00 139
0.069620 11.00 158
0.299881 251.00 837
0.677011 589.00 870
0.117647 12.00 102

0.429379 76.00 177
0.013473 9.00 668
0.403763 279.00 691
0.151163 26.00 172
0.204167 49.00 240

0.145161 54.00 372
0.012987 7.00 539
0.441586 412.00 933
0.139344 17.00 122
0.461760 320.00 693

0.198667 149.00 750
0.119792 23.00 192
0.392241 91.00 232
0.169666 66.00 389
0.320000 96.00 300

0.356688 112.00 314
0.015544 6.00 386
0.062271 34.00 546
0.120438 33.00 274
0.642276 79.00 123

0.117647 12.00 102
0.256198 31.00 121
0.266990 110.00 412
0.134409 25.00 186
0.428266 200.00 467

0.016529 2.00 121
0.040000 4.00 100
0.091093 45.00 494
0.595289 278.00 467
0.454657 371.00 816

0.146245 74.00 506
0.063291 10.00 158
0.628378 93.00 148
0.006897 1.00 145
0.359528 183.00 509

0.071429 19.00 266
0.160714 18.00 112
0.054242 39.00 719
0.269461 45.00 167
0.644444 87.00 135

0.019881 10.00 503
0.056801 38.00 669
0.362264 192.00 530
0.755556 374.00 495
0.004837 4.00 827

0.157989 88.00 557
0.359116 130.00 362
0.285068 126.00 442
0.350754 349.00 995
0.046784 8.00 171

0.060056 43.00 716
0.610706 502.00 822
0.186170 35.00 188
0.043771 13.00 297
0.303468 105.00 346

0.090517 42.00 464
0.250863 218.00 869
0.596610 176.00 295
0.161572 37.00 229
0.100000 18.00 180

0.265043 185.00 698
0.419492 99.00 236
0.056604 9.00 159
0.333333 43.00 129
0.127517 76.00 596

0.767196 290.00 378
0.017751 3.00 169
0.280000 42.00 150
0.031301 19.00 607
0.104265 66.00 633

0.091185 30.00 329
0.004878 1.00 205
0.287081 60.00 209
0.429463 344.00 801
0.382838 116.00 303

0.332357 227.00 683
0.072187 68.00 942
0.410596 186.00 453
0.078431 8.00 102
0.300000 36.00 120

0.017647 3.00 170
0.333333 98.00 294
0.085308 18.00 211
0.142857 32.00 224
0.619772 163.00 263

0.181609 158.00 870
0.480198 97.00 202
0.151579 72.00 475
0.370079 47.00 127
0.013889 2.00 144

0.074766 8.00 107
0.288725 274.00 949
0.105991 69.00 651
0.615804 226.00 367
0.116667 77.00 660

0.015152 4.00 264
0.134078 96.00 716
0.895161 111.00 124
0.091854 53.00 577
0.059406 12.00 202

0.101928 37.00 363
0.518710 402.00 775
0.249330 93.00 373
0.181818 42.00 231
0.145923 34.00 233

0.487805 80.00 164
0.131687 32.00 243
0.020134 3.00 149
0.518868 220.00 424
0.037383 12.00 321

0.030928 6.00 194
0.242739 117.00 482
0.598240 204.00 341
0.157500 63.00 400
0.170183 121.00 711

0.089844 23.00 256
0.727273 160.00 220
0.131744 105.00 797
0.092659 77.00 831
0.162025 64.00 395

0.020942 4.00 191
0.128333 77.00 600
0.332143 93.00 280
0.363104 248.00 683
0.354717 94.00 265

0.403509 46.00 114
0.400000 376.00 940
0.177966 42.00 236
0.024590 3.00 122
0.193548 42.00 217

0.028213 9.00 319
0.174632 95.00 544
0.730435 84.00 115
0.195777 102.00 521
0.068889 31.00 450

0.110588 47.00 425
0.865724 245.00 283
0.088235 12.00 136
0.028494 21.00 737
0.110149 89.00 808

0.426752 67.00 157
0.390110 71.00 182
0.019841 15.00 756
0.187500 27.00 144
0.181132 48.00 265

0.292453 31.00 106
0.323864 57.00 176
0.196347 129.00 657
0.363636 84.00 231
0.018868 11.00 583

0.131429 23.00 175
0.460587 298.00 647
0.059448 28.00 471
0.167102 128.00 766
0.377193 86.00 228

0.012658 4.00 316
0.380301 278.00 731
0.042576 39.00 916
0.604046 209.00 346
0.159780 116.00 726

0.709220 100.00 141
0.115672 93.00 804
0.274390 45.00 164
0.014706 7.00 476
0.085575 35.00 409

0.025740 20.00 777
0.248639 137.00 551
0.235358 217.00 922
0.460000 46.00 100
0.234667 176.00 750

0.161191 157.00 974
0.105911 43.00 406
0.636691 177.00 278
0.155738 19.00 122
0.139738 32.00 229

0.602024 357.00 593
0.144231 15.00 104
0.030023 13.00 433
0.418052 352.00 842
0.008897 5.00 562

0.422177 415.00 983
0.060071 17.00 283
0.148936 91.00 611
0.284483 33.00 116
0.284079 273.00 961

0.311927 34.00 109
0.649123 222.00 342
0.169632 143.00 843
0.053030 7.00 132
0.019017 12.00 631

0.463878 122.00 263
0.040984 5.00 122
0.266949 252.00 944
0.390029 266.00 682
0.036232 35.00 966

0.070922 70.00 987
0.204403 65.00 318
0.178082 26.00 146
0.242175 147.00 607
0.508929 57.00 112

0.288889 78.00 270
0.426087 98.00 230
0.215569 36.00 167
0.271523 41.00 151
0.004338 2.00 461

0.628796 559.00 889
0.026087 3.00 115
0.122905 22.00 179
0.058394 16.00 274
0.361367 275.00 761

0.518672 125.00 241
0.121978 111.00 910
0.064706 55.00 850
0.324074 35.00 108
0.167442 36.00 215

0.184290 61.00 331
0.164530 77.00 468
0.536842 102.00 190
0.272000 34.00 125
0.043544 29.00 666

0.074866 14.00 187
0.234171 233.00 995
0.750776 726.00 967
0.025424 3.00 118
0.114754 21.00 183

0.422414 49.00 116
0.167203 52.00 311
0.299065 224.00 749
0.241667 58.00 240
0.065327 13.00 199

0.089286 65.00 728
0.693410 242.00 349
0.009375 3.00 320
0.030612 9.00 294
0.374400 234.00 625

0.021739 9.00 414
0.296117 61.00 206
0.388128 85.00 219
0.325490 83.00 255
0.166881 130.00 779

0.527174 97.00 184
0.133858 17.00 127
0.145833 56.00 384
0.073171 12.00 164
0.323529 44.00 136

0.423664 222.00 524
0.032258 6.00 186
0.014013 11.00 785
0.083333 10.00 120
0.643216 128.00 199

0.095495 53.00 555
0.576087 106.00 184
0.010000 1.00 100
0.073281 65.00 887
0.438596 50.00 114

0.398058 41.00 103
0.304000 38.00 125
0.022989 4.00 174
0.403974 61.00 151
0.073620 12.00 163

0.312000 78.00 250
0.212670 94.00 442
0.616216 114.00 185
0.043165 18.00 417
0.014865 11.00 740

0.181572 67.00 369
0.594841 392.00 659
0.230769 72.00 312
0.158076 46.00 291
0.037037 10.00 270

0.027778 4.00 144
0.139456 41.00 294
0.168224 108.00 642
0.495652 57.00 115
0.369697 61.00 165

0.273973 40.00 146
0.571698 303.00 530
0.176734 158.00 894
0.114583 66.00 576
0.064386 32.00 497

0.198473 26.00 131
0.003883 2.00 515
0.302419 300.00 992
0.101392 51.00 503
0.596875 191.00 320

0.079365 10.00 126
0.006068 5.00 824
0.100000 12.00 120
0.341463 140.00 410
0.669683 148.00 221

0.159091 119.00 748
0.045908 23.00 501
0.095092 31.00 326
0.815603 115.00 141
0.083573 29.00 347

0.443182 78.00 176
0.270492 33.00 122
0.055690 46.00 826
0.165829 165.00 995
0.264463 32.00 121

0.193182 51.00 264
0.012392 10.00 807
0.084388 20.00 237
0.696774 432.00 620
0.212418 195.00 918

0.109091 12.00 110
0.083942 23.00 274
0.310000 186.00 600
0.575203 283.00 492
0.123684 47.00 380

0.355895 163.00 458
0.197216 85.00 431
0.090226 12.00 133
0.227273 25.00 110
0.331707 136.00 410

0.477304 347.00 727
0.262040 185.00 706
0.028112 28.00 996
0.205607 154.00 749
0.226446 137.00 605

0.370130 57.00 154
0.049315 18.00 365
0.331126 50.00 151
0.282051 187.00 663
0.162679 34.00 209

0.273973 40.00 146
0.133721 23.00 172
0.458716 100.00 218
0.287879 38.00 132
0.047826 11.00 230

0.044143 26.00 589
0.454545 50.00 110
0.386555 46.00 119
0.306034 71.00 232
0.008247 4.00 485

0.086538 9.00 104
0.171480 95.00 554
0.200000 182.00 910
0.171642 46.00 268
0.569536 86.00 151

0.264995 243.00 917
0.521008 62.00 119
0.093516 75.00 802
0.016835 5.00 297
0.307692 100.00 325

0.080000 8.00 100
0.233677 68.00 291
0.178744 74.00 414
0.096491 11.00 114
0.609890 111.00 182

0.233333 203.00 870
0.063063 7.00 111
0.658333 79.00 120
0.067616 38.00 562
0.181675 115.00 633

0.107235 83.00 774
0.055672 53.00 952
0.225490 23.00 102
0.020747 5.00 241
0.786070 158.00 201

0.261092 153.00 586
0.309028 89.00 288
0.056657 40.00 706
0.278662 175.00 628
0.294542 286.00 971

0.111111 14.00 126
0.102273 18.00 176
0.461538 48.00 104
0.392405 62.00 158
0.130081 16.00 123

0.135417 39.00 288
0.401934 291.00 724
0.186047 48.00 258
0.083691 39.00 466
0.393782 152.00 386

0.288462 60.00 208
0.059184 29.00 490
0.389362 183.00 470
0.457014 101.00 221
0.004115 1.00 243

0.833333 330.00 396
0.094444 17.00 180
0.164179 33.00 201
0.028736 5.00 174
0.080000 10.00 125

0.063636 7.00 110
0.033708 6.00 178
0.270042 192.00 711
0.695418 258.00 371
0.138211 17.00 123

0.060606 12.00 198
0.108997 63.00 578
0.068421 13.00 190
0.830313 504.00 607
0.126214 26.00 206

0.054545 21.00 385
0.122283 45.00 368
0.179894 34.00 189
0.481547 274.00 569
0.364807 85.00 233

0.201183 34.00 169
0.418530 393.00 939
0.079208 24.00 303
0.413793 60.00 145
0.086957 12.00 138

0.057692 6.00 104
0.334545 92.00 275
0.077399 25.00 323
0.307167 90.00 293
0.422764 52.00 123

0.387302 122.00 315
0.251519 207.00 823
0.385057 67.00 174
0.093656 93.00 993
0.078431 12.00 153

0.104803 24.00 229
0.006211 1.00 161
0.543478 75.00 138
0.490637 131.00 267
0.048000 6.00 125

0.209205 50.00 239
0.317460 80.00 252
0.239726 35.00 146
0.132353 27.00 204
0.300310 97.00 323

0.539130 62.00 115
0.193139 152.00 787
0.156923 102.00 650
0.038596 22.00 570
0.277620 98.00 353

0.360000 36.00 100
0.368132 67.00 182
0.208566 112.00 537
0.261029 71.00 272
0.006270 4.00 638

0.131579 15.00 114
0.342441 188.00 549
0.203077 66.00 325
0.472754 321.00 679
0.048832 23.00 471

0.314050 38.00 121
0.336149 199.00 592
0.039735 6.00 151
0.335766 184.00 548
0.178337 163.00 914

0.147766 43.00 291
0.200000 21.00 105
0.635359 115.00 181
0.044872 14.00 312
0.170455 30.00 176

0.043702 34.00 778
0.057522 26.00 452
0.503876 65.00 129
0.473016 298.00 630
0.120081 119.00 991

0.056838 32.00 563
0.075000 60.00 800
0.495935 61.00 123
0.365416 224.00 613
0.206557 63.00 305

0.750000 660.00 880
0.320000 88.00 275
0.017391 2.00 115
0.082569 9.00 109
0.024390 8.00 328

0.013544 6.00 443
0.013972 7.00 501
0.072993 30.00 411
0.749333 281.00 375
0.347222 75.00 216

0.560417 269.00 480
0.074786 35.00 468
0.120000 21.00 175
0.246787 96.00 389
0.198895 108.00 543

0.252174 116.00 460
0.263043 242.00 920
0.110577 23.00 208
0.137303 113.00 823
0.436396 247.00 566

0.600629 382.00 636
0.200489 82.00 409
0.327968 163.00 497
0.003788 1.00 264
0.068345 19.00 278

0.178613 152.00 851
0.135593 32.00 236
0.489726 143.00 292
0.369231 120.00 325
0.030722 20.00 651

0.058824 12.00 204
0.264487 178.00 673
0.118110 15.00 127
0.324937 258.00 794
0.433498 88.00 203

0.200000 63.00 315
0.537313 72.00 134
0.259386 76.00 293
0.111111 16.00 144
0.089686 20.00 223

0.560000 126.00 225
0.057041 32.00 561
0.152717 104.00 681
0.422006 303.00 718
0.010239 3.00 293

0.064516 18.00 279
0.050336 15.00 298
0.146199 25.00 171
0.428941 166.00 387
0.514388 286.00 556

0.131669 116.00 881
0.145503 55.00 378
0.423767 189.00 446
0.307398 241.00 784
0.192547 155.00 805

0.177632 54.00 304
0.024096 12.00 498
0.127986 75.00 586
0.090909 16.00 176
0.779279 173.00 222

0.007353 1.00 136
0.183406 42.00 229
0.059722 43.00 720
0.483607 59.00 122
0.470930 81.00 172

0.118421 18.00 152
0.403727 325.00 805
0.171220 94.00 549
0.501171 428.00 854
0.001799 1.00 556

0.160517 87.00 542
0.280576 117.00 417
0.536585 132.00 246
0.124697 103.00 826
0.094643 53.00 560

0.543194 415.00 764
0.047308 29.00 613
0.439655 51.00 116
0.156863 16.00 102
0.016779 5.00 298

0.106610 50.00 469
0.208396 139.00 667
0.267368 127.00 475
0.302521 36.00 119
0.311005 65.00 209

0.300000 87.00 290
0.142077 26.00 183
0.243455 93.00 382
0.022305 12.00 538
0.489960 366.00 747

0.580153 76.00 131
0.054054 8.00 148
0.216270 109.00 504
0.161905 17.00 105
0.188406 104.00 552

0.184466 19.00 103
0.697517 309.00 443
0.048689 13.00 267
0.085859 17.00 198
0.185547 95.00 512

0.017094 4.00 234
0.578616 184.00 318
0.358289 134.00 374
0.161491 130.00 805
0.087719 20.00 228

0.171585 157.00 915
0.515152 85.00 165
0.336562 139.00 413
0.145985 20.00 137
0.030702 7.00 228

0.085271 11.00 129
0.092437 11.00 119
0.110687 29.00 262
0.404762 391.00 966
0.507285 383.00 755

0.099237 13.00 131
0.439803 179.00 407
0.009259 1.00 108
0.455882 124.00 272
0.196581 23.00 117

0.028269 8.00 283
0.203704 22.00 108
0.117786 100.00 849
0.213465 130.00 609
0.633880 580.00 915

0.309609 87.00 281
0.466981 99.00 212
0.209040 37.00 177
0.209350 103.00 492
0.005772 4.00 693

0.064699 57.00 881
0.171225 144.00 841
0.034739 14.00 403
0.668192 584.00 874
0.262346 170.00 648

0.069930 20.00 286
0.300699 43.00 143
0.388430 47.00 121
0.142012 24.00 169
0.297909 171.00 574

0.023196 9.00 388
0.464583 223.00 480
0.354919 285.00 803
0.309677 48.00 155
0.043046 13.00 302

0.349106 332.00 951
0.163241 135.00 827
0.296610 35.00 118
0.327684 58.00 177
0.065574 16.00 244

0.152778 55.00 360
0.674419 493.00 731
0.206851 157.00 759
0.037594 15.00 399
0.126761 27.00 213

0.505102 99.00 196
0.053691 24.00 447
0.022059 3.00 136
0.603226 187.00 310
0.018750 9.00 480

0.551609 497.00 901
0.297030 60.00 202
0.066667 9.00 135
0.008696 1.00 115
0.278626 73.00 262

0.562102 353.00 628
0.117647 26.00 221
0.006623 2.00 302
0.012422 2.00 161
0.501458 172.00 343

0.073650 45.00 611
0.112150 12.00 107
0.951965 218.00 229
0.040230 7.00 174
0.025564 17.00 665

0.177453 85.00 479
0.187500 21.00 112
0.013333 3.00 225
0.183206 72.00 393
0.637500 153.00 240

0.027059 23.00 850
0.730337 130.00 178
0.007968 2.00 251
0.151515 20.00 132
0.279749 134.00 479

0.208333 25.00 120
0.155473 125.00 804
0.119342 29.00 243
0.285714 166.00 581
0.427746 74.00 173

0.325359 272.00 836
0.533849 276.00 517
0.115473 100.00 866
0.017045 9.00 528
0.209953 135.00 643

0.078212 14.00 179
0.402730 236.00 586
0.445055 81.00 182
0.143137 73.00 510
0.129395 92.00 711

0.260204 153.00 588
0.268868 114.00 424
0.056738 8.00 141
0.174157 31.00 178
0.443925 95.00 214

0.521538 339.00 650
0.025157 4.00 159
0.273839 112.00 409
0.364672 128.00 351
0.017857 2.00 112

0.335788 228.00 679
0.066964 15.00 224
0.247573 51.00 206
0.127517 76.00 596
0.423729 50.00 118

0.035948 11.00 306
0.485632 169.00 348
0.237838 44.00 185
0.173733 168.00 967
0.265487 90.00 339

0.131313 78.00 594
0.376344 140.00 372
0.142857 24.00 168
0.061069 16.00 262
0.489051 67.00 137

0.039877 13.00 326
0.350757 255.00 727
0.060000 6.00 100
0.396296 321.00 810
0.359140 167.00 465

0.130496 92.00 705
0.599034 372.00 621
0.035714 6.00 168
0.036765 20.00 544
0.399061 85.00 213

0.063927 14.00 219
0.283843 65.00 229
0.066845 25.00 374
0.606061 80.00 132
0.177215 56.00 316

0.062271 17.00 273
0.410714 345.00 840
0.227074 104.00 458
0.325664 184.00 565
0.177340 36.00 203

0.515924 81.00 157
0.217391 155.00 713
0.112108 25.00 223
0.300885 34.00 113
0.056338 12.00 213

0.852830 452.00 530
0.055788 40.00 717
0.027586 8.00 290
0.067236 63.00 937
0.196850 25.00 127

0.077670 8.00 103
0.128385 128.00 997
0.132296 34.00 257
0.699346 107.00 153
0.168317 51.00 303

0.518919 96.00 185
0.062169 47.00 756
0.422764 52.00 123
0.162162 48.00 296
0.034853 26.00 746

0.205882 21.00 102
0.019608 2.00 102
0.075829 32.00 422
0.688468 400.00 581
0.215385 28.00 130

0.193916 51.00 263
0.022355 15.00 671
0.224044 82.00 366
0.454198 357.00 786
0.302521 36.00 119

0.275000 33.00 120
0.529412 414.00 782
0.104938 17.00 162
0.194292 177.00 911
0.095385 31.00 325

0.186441 44.00 236
0.500000 75.00 150
0.235294 92.00 391
0.264741 220.00 831
0.013453 3.00 223

0.650146 223.00 343
0.044304 7.00 158
0.211905 89.00 420
0.049945 45.00 901
0.245318 131.00 534

0.055970 15.00 268
0.281967 86.00 305
0.219162 183.00 835
0.241331 174.00 721
0.400634 379.00 946

0.272727 165.00 605
0.113855 83.00 729
0.156146 94.00 602
0.392523 84.00 214
0.263514 39.00 148

0.230769 33.00 143
0.453202 92.00 203
0.342723 73.00 213
0.079000 79.00 1000
0.093431 64.00 685

0.849600 531.00 625
0.037736 4.00 106
0.076517 29.00 379
0.226562 29.00 128
0.007072 5.00 707

0.467742 58.00 124
0.083333 11.00 132
0.019934 6.00 301
0.390335 105.00 269
0.243103 141.00 580

0.061433 18.00 293
0.642236 517.00 805
0.325885 175.00 537
0.063830 21.00 329
0.108672 99.00 911

0.034351 9.00 262
0.350000 49.00 140
0.530660 450.00 848
0.078125 10.00 128
0.203540 23.00 113

0.177686 86.00 484
0.405556 73.00 180
0.036496 5.00 137
0.427586 62.00 145
0.150000 21.00 140

0.077670 8.00 103
0.240175 55.00 229
0.033898 10.00 295
0.518750 83.00 160
0.332000 166.00 500

0.331797 72.00 217
0.477366 116.00 243
0.214429 107.00 499
0.122449 18.00 147
0.048035 11.00 229

0.698206 428.00 613
0.429630 174.00 405
0.019048 2.00 105
0.012876 6.00 466
0.043344 14.00 323

0.069767 30.00 430
0.011254 7.00 622
0.708989 631.00 890
0.100775 13.00 129
0.306000 153.00 500

0.401766 182.00 453
0.063636 14.00 220
0.090909 10.00 110
0.635258 418.00 658
0.005540 2.00 361

0.079096 70.00 885
0.165468 23.00 139
0.017422 10.00 574
0.584615 304.00 520
0.351515 58.00 165

0.248120 33.00 133
0.079755 26.00 326
0.551724 64.00 116
0.131579 30.00 228
0.195946 29.00 148

0.046382 25.00 539
0.283984 211.00 743
0.295652 68.00 230
0.295742 257.00 869
0.276423 34.00 123

0.211679 29.00 137
0.330144 69.00 209
0.144068 34.00 236
0.052632 6.00 114
0.468531 134.00 286

0.083578 57.00 682
0.225806 28.00 124
0.024828 18.00 725
0.023881 8.00 335
0.842365 171.00 203

0.151147 112.00 741
0.343511 45.00 131
0.154639 60.00 388
0.326531 64.00 196
0.219512 27.00 123

0.241252 131.00 543
0.206140 141.00 684
0.128713 13.00 101
0.144105 66.00 458
0.481818 53.00 110

0.303279 37.00 122
0.413153 245.00 593
0.023866 10.00 419
0.003953 1.00 253
0.450633 178.00 395

0.052910 10.00 189
0.324864 179.00 551
0.001582 1.00 632
0.431193 47.00 109
0.389121 93.00 239

0.111111 53.00 477
0.039301 9.00 229
0.687500 363.00 528
0.311475 38.00 122
0.052632 21.00 399

0.072758 43.00 591
0.624242 103.00 165
0.158667 119.00 750
0.117564 83.00 706
0.228316 179.00 784

0.176923 23.00 130
0.028777 4.00 139
0.521682 397.00 761
0.182482 75.00 411
0.290520 95.00 327

0.273438 35.00 128
0.150685 22.00 146
0.194915 23.00 118
0.445378 53.00 119
0.137255 28.00 204

0.368313 179.00 486
0.039244 27.00 688
0.548993 409.00 745
0.153333 23.00 150
0.090909 10.00 110

0.352113 50.00 142
0.057994 37.00 638
0.233223 212.00 909
0.261719 67.00 256
0.292683 72.00 246

0.364362 137.00 376
0.281513 67.00 238
0.443515 212.00 478
0.066038 7.00 106
0.042683 7.00 164

0.345133 78.00 226
0.172297 51.00 296
0.601896 127.00 211
0.010471 2.00 191
0.069767 12.00 172

0.137536 48.00 349
0.028634 13.00 454
0.199248 53.00 266
0.587629 399.00 679
0.245816 235.00 956

0.366337 185.00 505
0.058680 24.00 409
0.451895 155.00 343
0.155172 18.00 116
0.169492 20.00 118

0.652500 261.00 400
0.009274 6.00 647
0.462428 160.00 346
0.059701 12.00 201
0.014634 9.00 615

0.018391 8.00 435
0.228814 27.00 118
0.138182 38.00 275
0.607767 313.00 515
0.209016 51.00 244

0.427245 138.00 323
0.025641 5.00 195
0.343137 35.00 102
0.386139 39.00 101
0.022523 5.00 222

0.069959 17.00 243
0.221207 121.00 547
0.130926 58.00 443
0.686957 474.00 690
0.091286 66.00 723

0.444906 214.00 481
0.024490 6.00 245
0.289412 123.00 425
0.149485 58.00 388
0.292135 52.00 178

0.028986 4.00 138
0.534314 109.00 204
0.029412 10.00 340
0.226519 41.00 181
0.377193 43.00 114

1.000000 206.00 206
0.050820 31.00 610
0.089744 14.00 156
0.054152 15.00 277
0.003788 1.00 264

0.609302 393.00 645
0.226154 147.00 650
0.276923 36.00 130
0.012658 2.00 158
0.066298 12.00 181

0.597884 113.00 189
0.099476 19.00 191
0.025773 5.00 194
0.075000 18.00 240
0.403974 244.00 604

0.036424 11.00 302
0.164134 54.00 329
0.360190 76.00 211
0.195489 52.00 266
0.442006 282.00 638

0.228814 108.00 472
0.165165 110.00 666
0.478747 214.00 447
0.257851 156.00 605
0.069869 16.00 229

0.192029 53.00 276
0.241135 68.00 282
0.157895 51.00 323
0.487342 154.00 316
0.122744 34.00 277

0.052174 6.00 115
0.037879 10.00 264
0.365508 284.00 777
0.163793 57.00 348
0.580952 427.00 735

0.628472 362.00 576
0.077519 10.00 129
0.009494 6.00 632
0.423913 156.00 368
0.062937 9.00 143

0.155797 43.00 276
0.472826 87.00 184
0.113333 17.00 150
0.105263 14.00 133
0.353909 86.00 243

0.051948 12.00 231
0.235577 98.00 416
0.117647 14.00 119
0.363636 48.00 132
0.427419 53.00 124

0.022831 5.00 219
0.524017 240.00 458
0.208989 93.00 445
0.427762 151.00 353
0.016743 11.00 657

0.508982 170.00 334
0.157609 29.00 184
0.303704 41.00 135
0.207921 21.00 101
0.018692 4.00 214

0.316310 192.00 607
0.178841 71.00 397
0.020270 3.00 148
0.064516 26.00 403
0.622951 76.00 122

0.392019 334.00 852
0.079734 24.00 301
0.249240 82.00 329
0.208973 177.00 847
0.272097 157.00 577

0.151625 84.00 554
0.393333 59.00 150
0.057239 17.00 297
0.197581 49.00 248
0.395965 314.00 793

0.164444 37.00 225
0.762376 154.00 202
0.157534 46.00 292
0.016529 16.00 968
0.101695 48.00 472

0.006263 3.00 479
0.438914 194.00 442
0.003067 3.00 978
0.549091 151.00 275
0.203644 190.00 933

0.390756 93.00 238
0.104167 30.00 288
0.272374 70.00 257
0.122984 61.00 496
0.307018 35.00 114

0.132743 15.00 113
0.025157 20.00 795
0.067073 11.00 164
0.207207 23.00 111
0.774003 524.00 677

0.523810 88.00 168
0.067729 17.00 251
0.353919 149.00 421
0.078125 20.00 256
0.172794 47.00 272

0.045402 39.00 859
0.174636 84.00 481
0.114428 23.00 201
0.752722 484.00 643
0.113320 57.00 503

0.046414 11.00 237
0.204188 39.00 191
0.733108 217.00 296
0.009174 2.00 218
0.207843 106.00 510

0.140468 42.00 299
0.603604 67.00 111
0.135593 16.00 118
0.064706 33.00 510
0.259615 27.00 104

0.062868 32.00 509
0.363874 139.00 382
0.160000 16.00 100
0.032609 6.00 184
0.584158 59.00 101

0.097166 72.00 741
0.106796 22.00 206
0.650000 91.00 140
0.045455 5.00 110
0.301136 53.00 176

0.375000 162.00 432
0.140541 52.00 370
0.017857 2.00 112
0.230769 51.00 221
0.435897 85.00 195

0.306306 68.00 222
0.490486 232.00 473
0.021834 20.00 916
0.027451 7.00 255
0.358974 42.00 117

0.200000 20.00 100
0.641371 524.00 817
0.053922 11.00 204
0.185022 42.00 227
0.114833 24.00 209

0.915254 162.00 177
0.140167 67.00 478
0.069536 21.00 302
0.025000 25.00 1000
0.049587 6.00 121

0.206349 39.00 189
0.465704 387.00 831
0.291815 82.00 281
0.100223 90.00 898
0.133459 71.00 532

0.412186 115.00 279
0.081301 60.00 738
0.132937 67.00 504
0.319672 39.00 122
0.253731 34.00 134

0.465116 60.00 129
0.468182 103.00 220
0.035714 6.00 168
0.013423 2.00 149
0.215613 116.00 538

0.230769 27.00 117
0.277228 56.00 202
0.281250 36.00 128
0.087137 21.00 241
0.322581 180.00 558

0.051690 26.00 503
0.497409 96.00 193
0.045833 33.00 720
0.527559 67.00 127
0.077419 12.00 155

0.316176 43.00 136
0.114865 68.00 592
0.235294 24.00 102
0.154362 23.00 149
0.376569 90.00 239

0.025773 5.00 194
0.525762 500.00 951
0.027027 8.00 296
0.607477 65.00 107
0.007812 1.00 128

0.376022 138.00 367
0.042208 26.00 616
0.437037 59.00 135
0.226078 215.00 951
0.118012 38.00 322

0.080645 10.00 124
0.496454 140.00 282
0.226994 37.00 163
0.231198 83.00 359
0.166834 166.00 995

0.406977 140.00 344
0.326063 299.00 917
0.176863 159.00 899
0.094697 25.00 264
0.192308 30.00 156

0.305195 94.00 308
0.305085 72.00 236
0.032999 23.00 697
0.475177 335.00 705
0.083930 82.00 977

0.017606 10.00 568
0.364286 51.00 140
0.200230 174.00 869
0.217054 28.00 129
0.394879 293.00 742

0.172301 158.00 917
0.437126 146.00 334
0.144509 25.00 173
0.388140 144.00 371
0.056180 20.00 356

0.439297 275.00 626
0.098814 50.00 506
0.390947 95.00 243
0.008547 1.00 117
0.264840 116.00 438

0.367442 158.00 430
0.293900 159.00 541
0.131579 120.00 912
0.349112 177.00 507
0.057377 7.00 122

0.200820 98.00 488
0.184848 122.00 660
0.365672 49.00 134
0.354839 66.00 186
0.090226 12.00 133

0.273834 135.00 493
0.391061 70.00 179
0.314843 210.00 667
0.101010 30.00 297
0.114035 26.00 228

0.157303 28.00 178
0.019900 16.00 804
0.838926 125.00 149
0.180422 94.00 521
0.001855 1.00 539

0.059190 38.00 642
0.505845 476.00 941
0.030534 4.00 131
0.277904 122.00 439
0.326087 150.00 460

0.029806 20.00 671
0.432511 298.00 689
0.208556 39.00 187
0.161224 79.00 490
0.368047 311.00 845

0.046083 10.00 217
0.696970 138.00 198
0.253676 138.00 544
0.078556 37.00 471
0.127352 88.00 691

0.068627 7.00 102
0.164207 89.00 542
0.432653 212.00 490
0.495695 403.00 813
0.039007 11.00 282

0.550296 93.00 169
0.117534 61.00 519
0.187773 43.00 229
0.277311 33.00 119
0.063401 22.00 347

0.174342 53.00 304
0.091195 29.00 318
0.725926 98.00 135
0.070485 16.00 227
0.134511 99.00 736

0.140162 104.00 742
0.084906 18.00 212
0.601695 284.00 472
0.102564 12.00 117
0.272260 159.00 584

0.023585 5.00 212
0.543131 170.00 313
0.320988 78.00 243
0.284314 29.00 102
0.023891 7.00 293

0.195122 24.00 123
0.040816 26.00 637
0.173709 74.00 426
0.720280 206.00 286
0.070234 63.00 897

0.189076 45.00 238
0.101796 17.00 167
0.230769 27.00 117
0.610478 268.00 439
0.066496 26.00 391

0.250794 79.00 315
0.318182 63.00 198
0.189569 189.00 997
0.211864 25.00 118
0.228571 24.00 105

0.743750 238.00 320
0.142541 129.00 905
0.021605 7.00 324
0.245455 81.00 330
0.046448 17.00 366

0.441860 76.00 172
0.095477 19.00 199
0.152416 123.00 807
0.011050 2.00 181
0.498120 265.00 532

0.052326 9.00 172
0.263265 258.00 980
0.237020 210.00 886
0.193029 144.00 746
0.452949 361.00 797

0.069307 7.00 101
0.096774 15.00 155
0.352941 48.00 136
0.199475 152.00 762
0.482353 82.00 170

0.528455 65.00 123
0.019512 16.00 820
0.102740 15.00 146
0.202020 40.00 198
0.351190 59.00 168

0.100592 17.00 169
0.013453 3.00 223
0.050459 22.00 436
0.396154 103.00 260
0.640777 132.00 206

0.150000 24.00 160
0.507042 180.00 355
0.192661 21.00 109
0.119266 13.00 109
0.234783 27.00 115

0.574526 212.00 369
0.105072 29.00 276
0.177305 75.00 423
0.267081 43.00 161
0.076408 57.00 746

0.178571 25.00 140
0.283843 65.00 229
0.497817 114.00 229
0.068041 33.00 485
0.173653 87.00 501

0.302469 98.00 324
0.205882 28.00 136
0.103175 13.00 126
0.478261 66.00 138
0.110283 74.00 671

0.431174 213.00 494
0.144981 39.00 269
0.523622 133.00 254
0.005000 2.00 400
0.094828 55.00 580

0.552189 164.00 297
0.108772 62.00 570
0.160875 125.00 777
0.046083 10.00 217
0.331852 224.00 675

0.156463 23.00 147
0.286509 206.00 719
0.022472 6.00 267
0.082508 50.00 606
0.653696 168.00 257

0.679012 275.00 405
0.397163 56.00 141
0.080292 11.00 137
0.003891 2.00 514
0.038298 9.00 235

0.167568 31.00 185
0.595975 385.00 646
0.147309 52.00 353
0.173077 171.00 988
0.119403 40.00 335

0.057143 10.00 175
0.049020 10.00 204
0.182182 182.00 999
0.732919 118.00 161
0.177570 19.00 107

0.435714 61.00 140
0.366379 85.00 232
0.230088 26.00 113
0.159363 40.00 251
0.006061 2.00 330

0.084465 56.00 663
0.698113 555.00 795
0.112821 22.00 195
0.106033 58.00 547
0.197143 69.00 350

0.004027 3.00 745
0.378378 238.00 629
0.684564 204.00 298
0.032573 10.00 307
0.102804 22.00 214

0.286988 161.00 561
0.273273 91.00 333
0.044071 42.00 953
0.488964 288.00 589
0.106984 72.00 673

0.101770 46.00 452
0.903499 852.00 943
0.034483 4.00 116
0.005272 3.00 569
0.154321 50.00 324

0.075521 29.00 384
0.474359 74.00 156
0.280660 119.00 424
0.293135 158.00 539
0.079208 8.00 101

0.014019 3.00 214
0.104265 22.00 211
0.182353 31.00 170
0.084416 26.00 308
0.813747 367.00 451

0.206461 147.00 712
0.062670 23.00 367
0.493976 246.00 498
0.218085 41.00 188
0.217604 89.00 409

0.118451 52.00 439
0.160862 97.00 603
0.778243 744.00 956
0.012500 2.00 160
0.126471 43.00 340

0.046512 10.00 215
0.212245 52.00 245
0.446809 63.00 141
0.368794 208.00 564
0.129310 15.00 116

0.215589 130.00 603
0.351724 102.00 290
0.078212 70.00 895
0.534521 480.00 898
0.020548 3.00 146

0.438202 195.00 445
0.028708 6.00 209
0.231293 68.00 294
0.075031 61.00 813
0.425560 323.00 759

0.126126 14.00 111
0.208108 77.00 370
0.003731 1.00 268
0.810811 450.00 555
0.048638 25.00 514

0.485477 234.00 482
0.428571 81.00 189
0.019523 9.00 461
0.030201 9.00 298
0.236842 171.00 722

0.154362 69.00 447
0.421429 118.00 280
0.176651 115.00 651
0.116883 18.00 154
0.333333 105.00 315

0.025761 11.00 427
0.150000 15.00 100
0.328834 268.00 815
0.087179 17.00 195
0.614362 231.00 376

0.141115 81.00 574
0.052980 8.00 151
0.332500 133.00 400
0.272464 94.00 345
0.401961 205.00 510

0.209302 27.00 129
0.006993 1.00 143
0.031088 6.00 193
0.550000 132.00 240
0.398026 242.00 608

0.372372 124.00 333
0.031716 17.00 536
0.273973 60.00 219
0.218487 26.00 119
0.305344 120.00 393

0.121864 34.00 279
0.294686 61.00 207
0.215278 31.00 144
0.309278 60.00 194
0.259843 33.00 127

0.314003 222.00 707
0.059511 56.00 941
0.586592 105.00 179
0.003663 1.00 273
0.238571 167.00 700

0.221239 75.00 339
0.264901 160.00 604
0.025253 10.00 396
0.647208 255.00 394
0.037736 4.00 106

0.036424 11.00 302
0.536585 132.00 246
0.041885 8.00 191
0.027100 20.00 738
0.555932 164.00 295

0.113300 23.00 203
0.245033 74.00 302
0.160517 87.00 542
0.251462 43.00 171
0.431703 256.00 593

0.231343 31.00 134
0.526154 171.00 325
0.058586 29.00 495
0.254197 212.00 834
0.133612 128.00 958

0.025974 8.00 308
0.180995 40.00 221
0.233129 38.00 163
0.570093 122.00 214
0.186199 170.00 913

0.602888 501.00 831
0.094595 14.00 148
0.057484 53.00 922
0.053232 28.00 526
0.392265 71.00 181

0.097046 23.00 237
0.196078 70.00 357
0.613971 167.00 272
0.227217 187.00 823
0.063830 9.00 141

0.034884 6.00 172
0.015679 9.00 574
0.048544 5.00 103
0.546584 88.00 161
0.552439 453.00 820

0.094156 29.00 308
0.147982 33.00 223
0.625000 435.00 696
0.102703 19.00 185
0.229682 65.00 283

0.633758 199.00 314
0.072674 50.00 688
0.195906 67.00 342
0.035242 8.00 227
0.263359 138.00 524

0.122951 15.00 122
0.072508 24.00 331
0.289720 31.00 107
0.273016 86.00 315
0.434988 368.00 846

0.367925 39.00 106
0.161043 105.00 652
0.096970 16.00 165
0.418278 238.00 569
0.147766 43.00 291

0.479218 196.00 409
0.171315 43.00 251
0.243827 158.00 648
0.209970 139.00 662
0.094421 44.00 466

0.104019 44.00 423
0.493658 467.00 946
0.141892 21.00 148
0.177778 168.00 945
0.284345 89.00 313

0.241667 29.00 120
0.018576 6.00 323
0.364672 128.00 351
0.052356 30.00 573
0.521368 61.00 117

0.392097 258.00 658
0.059178 59.00 997
0.016949 2.00 118
0.148936 21.00 141
0.583630 328.00 562

0.403922 103.00 255
0.043228 15.00 347
0.178363 61.00 342
0.454128 99.00 218
0.119048 35.00 294

0.256000 32.00 125
0.565702 254.00 449
0.163900 158.00 964
0.065574 8.00 122
0.144231 45.00 312

0.021700 12.00 553
0.666667 198.00 297
0.015193 11.00 724
0.451670 257.00 569
0.041237 12.00 291

0.183158 87.00 475
0.161905 17.00 105
0.581197 68.00 117
0.192623 47.00 244
0.080560 46.00 571

0.145299 119.00 819
0.165803 96.00 579
0.421986 119.00 282
0.186047 40.00 215
0.281250 198.00 704

0.191781 42.00 219
0.180556 78.00 432
0.749235 245.00 327
0.014793 5.00 338
0.062771 29.00 462

0.070064 11.00 157
0.004338 2.00 461
0.700935 75.00 107
0.215116 37.00 172
0.210084 125.00 595

0.019231 4.00 208
0.056911 7.00 123
0.803838 377.00 469
0.077441 23.00 297
0.242537 65.00 268

0.209302 27.00 129
0.422405 411.00 973
0.262032 49.00 187
0.191933 138.00 719
0.111455 36.00 323

0.344262 84.00 244
0.057692 9.00 156
0.112705 55.00 488
0.350467 150.00 428
0.333858 212.00 635

0.336523 211.00 627
0.127016 63.00 496
0.625000 90.00 144
0.078341 17.00 217
0.028571 3.00 105

0.349112 59.00 169
0.199153 47.00 236
0.154514 89.00 576
0.481818 53.00 110
0.019231 11.00 572

0.220497 71.00 322
0.466809 218.00 467
0.146789 16.00 109
0.028261 13.00 460
0.339286 114.00 336

0.353952 103.00 291
0.056000 14.00 250
0.058140 20.00 344
0.375000 315.00 840
0.357759 83.00 232

0.181070 88.00 486
0.710575 383.00 539
0.028571 3.00 105
0.274820 191.00 695
0.004926 1.00 203

0.075630 9.00 119
0.480000 72.00 150
0.044699 43.00 962
0.327014 69.00 211
0.272490 209.00 767

0.236686 120.00 507
0.180371 68.00 377
0.605304 388.00 641
0.165354 21.00 127
0.011696 2.00 171

0.482201 149.00 309
0.333333 59.00 177
0.006993 1.00 143
0.243542 66.00 271
0.135000 27.00 200

0.225806 168.00 744
0.231579 154.00 665
0.122581 38.00 310
0.089421 71.00 794
0.527778 76.00 144

0.525862 61.00 116
0.169059 106.00 627
0.194581 79.00 406
0.300469 64.00 213
0.011076 7.00 632

0.315217 87.00 276
0.181208 54.00 298
0.364055 158.00 434
0.010811 10.00 925
0.326551 321.00 983

0.038596 11.00 285
0.459660 433.00 942
0.103774 11.00 106
0.221948 180.00 811
0.375000 87.00 232

0.070093 30.00 428
0.127586 37.00 290
0.072041 42.00 583
0.218121 65.00 298
0.710227 250.00 352

0.766316 364.00 475
0.087379 9.00 103
0.036036 4.00 111
0.106796 11.00 103
0.198556 55.00 277

0.071038 13.00 183
0.708609 107.00 151
0.077399 25.00 323
0.220721 49.00 222
0.121678 87.00 715

0.029647 26.00 877
0.024390 3.00 123
0.046053 7.00 152
0.847826 117.00 138
0.251089 173.00 689

0.048387 6.00 124
0.206731 43.00 208
0.104326 41.00 393
0.015544 15.00 965
0.825806 128.00 155

0.283276 83.00 293
0.433460 114.00 263
0.122984 61.00 496
0.253333 76.00 300
0.105455 87.00 825

0.800633 253.00 316
0.169540 59.00 348
0.086384 59.00 683
0.113924 18.00 158
0.029851 6.00 201

0.019417 12.00 618
0.358065 111.00 310
0.532374 74.00 139
0.157343 45.00 286
0.135135 55.00 407

0.259669 141.00 543
0.611881 309.00 505
0.314931 251.00 797
0.008439 6.00 711
0.006468 5.00 773

0.313802 241.00 768
0.248120 33.00 133
0.273988 237.00 865
0.110048 23.00 209
0.250000 30.00 120

0.166667 23.00 138
0.301818 83.00 275
0.054054 8.00 148
0.262295 64.00 244
0.422078 65.00 154

0.106719 27.00 253
0.169985 111.00 653
0.097046 23.00 237
0.087871 71.00 808
0.737533 281.00 381

0.004702 3.00 638
0.531008 137.00 258
0.028446 13.00 457
0.624113 440.00 705
0.013605 2.00 147

0.254386 145.00 570
0.643392 516.00 802
0.029466 16.00 543
0.052790 35.00 663
0.222222 40.00 180

0.086420 14.00 162
0.042636 11.00 258
0.391304 117.00 299
0.490110 223.00 455
0.190377 91.00 478

0.121982 96.00 787
0.619718 88.00 142
0.190789 29.00 152
0.152632 29.00 190
0.116071 26.00 224

0.270000 27.00 100
0.662694 556.00 839
0.126126 14.00 111
0.131068 27.00 206
0.009524 1.00 105

0.428256 194.00 453
0.091195 29.00 318
0.274510 28.00 102
0.008180 4.00 489
0.399267 109.00 273

0.159664 19.00 119
0.339367 75.00 221
0.316832 64.00 202
0.287719 164.00 570
0.098985 39.00 394

0.088235 9.00 102
0.154605 47.00 304
0.002950 1.00 339
0.816555 365.00 447
0.127273 14.00 110

0.006849 1.00 146
0.405244 340.00 839
0.500000 60.00 120
0.118451 104.00 878
0.168067 20.00 119

0.273399 111.00 406
0.309315 176.00 569
0.542683 89.00 164
0.050888 43.00 845
0.023438 3.00 128

0.054348 45.00 828
0.276596 65.00 235
0.187050 26.00 139
0.385714 81.00 210
0.298893 162.00 542

0.203008 27.00 133
0.312977 41.00 131
0.348730 151.00 433
0.327660 154.00 470
0.009009 1.00 111

0.208202 66.00 317
0.030612 6.00 196
0.800459 349.00 436
0.049734 28.00 563
0.106587 89.00 835

0.434535 229.00 527
0.269231 28.00 104
0.078431 20.00 255
0.132867 38.00 286
0.281857 261.00 926

0.404617 333.00 823
0.378033 296.00 783
0.178295 23.00 129
0.234323 142.00 606
0.008547 2.00 234

0.071174 40.00 562
0.002247 2.00 890
0.291188 76.00 261
0.032520 28.00 861
0.803109 155.00 193

0.283582 57.00 201
0.037383 12.00 321
0.300752 40.00 133
0.323529 44.00 136
0.251791 246.00 977

0.248927 58.00 233
0.035971 5.00 139
0.366599 180.00 491
0.163507 69.00 422
0.384252 244.00 635

0.214976 89.00 414
0.120833 29.00 240
0.346591 61.00 176
0.113744 24.00 211
0.404358 167.00 413

0.006928 3.00 433
0.617801 354.00 573
0.270270 30.00 111
0.093369 69.00 739
0.209150 128.00 612

0.240924 73.00 303
0.187956 103.00 548
0.399072 172.00 431
0.224824 96.00 427
0.150794 57.00 378

0.179688 92.00 512
0.248904 227.00 912
0.145918 143.00 980
0.535406 310.00 579
0.091398 17.00 186

0.296296 32.00 108
0.173507 93.00 536
0.036082 21.00 582
0.539589 184.00 341
0.155440 120.00 772

0.034632 8.00 231
0.077720 15.00 193
0.490066 148.00 302
0.279412 38.00 136
0.319797 315.00 985

0.409756 84.00 205
0.286517 153.00 534
0.198745 95.00 478
0.259516 75.00 289
0.044586 7.00 157

0.418579 383.00 915
0.183432 62.00 338
0.216783 31.00 143
0.012739 2.00 157
0.366864 62.00 169

0.421053 64.00 152
0.006289 1.00 159
0.267658 72.00 269
0.029412 14.00 476
0.473684 270.00 570

0.001698 1.00 589
0.031609 11.00 348
0.264706 63.00 238
0.243289 145.00 596
0.660501 607.00 919

0.349091 96.00 275
0.087838 13.00 148
0.513043 59.00 115
0.133536 88.00 659
0.115385 111.00 962

0.230769 30.00 130
0.052117 16.00 307
0.863636 114.00 132
0.043478 5.00 115
0.010949 3.00 274

0.241135 102.00 423
0.627660 177.00 282
0.023121 8.00 346
0.164875 46.00 279
0.144737 44.00 304

0.130293 40.00 307
0.362878 348.00 959
0.575309 233.00 405
0.076923 17.00 221
0.054054 16.00 296

0.604240 171.00 283
0.097826 18.00 184
0.154126 127.00 824
0.173697 140.00 806
0.171004 46.00 269

0.081365 31.00 381
0.071942 10.00 139
0.200000 34.00 170
0.286290 71.00 248
0.557252 219.00 393

0.232190 88.00 379
0.448373 317.00 707
0.192000 24.00 125
0.151724 44.00 290
0.177215 56.00 316

0.746988 186.00 249
0.173913 20.00 115
0.008282 4.00 483
0.233043 134.00 575
0.037234 7.00 188

0.129121 47.00 364
0.609929 86.00 141
0.243346 64.00 263
0.097770 57.00 583
0.122195 98.00 802

0.202797 29.00 143
0.070769 23.00 325
0.396825 75.00 189
0.483437 467.00 966
0.045564 19.00 417

0.268627 137.00 510
0.167969 43.00 256
0.094059 57.00 606
0.417943 191.00 457
0.250814 77.00 307

0.548732 411.00 749
0.054795 16.00 292
0.030581 10.00 327
0.331691 202.00 609
0.236842 27.00 114

0.122951 30.00 244
0.467153 128.00 274
0.174229 96.00 551
0.144578 24.00 166
0.289855 40.00 138

0.077844 52.00 668
0.302857 53.00 175
0.295547 73.00 247
0.434667 326.00 750
0.091324 20.00 219

0.061983 15.00 242
0.322404 59.00 183
0.394231 41.00 104
0.340933 329.00 965
0.074074 12.00 162

0.305970 123.00 402
0.231343 62.00 268
0.309353 86.00 278
0.051613 8.00 155
0.301961 77.00 255

0.135135 20.00 148
0.113978 53.00 465
0.035461 5.00 141
0.785124 95.00 121
0.128535 50.00 389

0.543353 94.00 173
0.055024 23.00 418
0.196203 31.00 158
0.210084 25.00 119
0.192090 34.00 177

0.240086 224.00 933
0.526946 88.00 167
0.080000 62.00 775
0.190476 64.00 336
0.161333 121.00 750

0.179348 33.00 184
0.354839 44.00 124
0.170861 129.00 755
0.235294 28.00 119
0.260274 38.00 146

0.156118 37.00 237
0.350746 47.00 134
0.363636 40.00 110
0.222222 38.00 171
0.105485 25.00 237

0.447154 55.00 123
0.151685 54.00 356
0.480000 48.00 100
0.045161 14.00 310
0.080214 15.00 187

0.143695 49.00 341
0.354000 177.00 500
0.045635 23.00 504
0.249671 190.00 761
0.409449 52.00 127

0.035398 12.00 339
0.346939 68.00 196
0.145695 22.00 151
0.228856 46.00 201
0.442045 389.00 880

0.068627 7.00 102
0.112745 23.00 204
0.039506 16.00 405
0.429577 61.00 142
0.549020 112.00 204

0.515406 184.00 357
0.052553 35.00 666
0.081218 32.00 394
0.376963 216.00 573
0.174473 149.00 854

0.061453 11.00 179
0.100251 40.00 399
0.131944 57.00 432
0.885271 571.00 645
0.022883 10.00 437

0.317073 143.00 451
0.407186 68.00 167
0.280318 141.00 503
0.186944 63.00 337
0.009302 2.00 215

0.400000 110.00 275
0.103321 28.00 271
0.462749 441.00 953
0.114563 59.00 515
0.120219 22.00 183

0.121387 42.00 346
0.142631 90.00 631
0.571754 251.00 439
0.216590 47.00 217
0.142857 17.00 119

0.660532 323.00 489
0.305118 155.00 508
0.102740 15.00 146
0.124046 65.00 524
0.010417 2.00 192

0.264901 40.00 151
0.341637 192.00 562
0.176471 18.00 102
0.338673 148.00 437
0.086957 10.00 115

0.241645 94.00 389
0.060185 26.00 432
0.089535 77.00 860
0.570093 61.00 107
0.240625 77.00 320

0.148148 28.00 189
0.520661 63.00 121
0.149123 102.00 684
0.200000 75.00 375
0.183544 29.00 158

0.595556 134.00 225
0.261297 133.00 509
0.054913 38.00 692
0.185106 87.00 470
0.104615 34.00 325

0.428571 57.00 133
0.024365 24.00 985
0.463647 389.00 839
0.164384 96.00 584
0.117816 41.00 348

0.331754 140.00 422
0.681818 75.00 110
0.023904 6.00 251
0.125000 14.00 112
0.038251 7.00 183

0.225309 146.00 648
0.179894 136.00 756
0.105751 57.00 539
0.680000 68.00 100
0.010582 2.00 189

0.029476 27.00 916
0.049645 14.00 282
0.239700 64.00 267
0.779605 237.00 304
0.100806 25.00 248

0.373041 119.00 319
0.162866 50.00 307
0.141085 91.00 645
0.175824 32.00 182
0.345794 111.00 321

0.452261 90.00 199
0.075163 69.00 918
0.339552 91.00 268
0.051724 48.00 928
0.283117 109.00 385

0.209424 40.00 191
0.104167 20.00 192
0.031963 7.00 219
0.474576 56.00 118
0.377095 270.00 716

0.191756 107.00 558
0.183066 160.00 874
0.142628 89.00 624
0.133333 16.00 120
0.551402 59.00 107

0.465909 82.00 176
0.126657 86.00 679
0.020725 8.00 386
0.390000 39.00 100
0.192893 38.00 197

0.386059 144.00 373
0.026480 17.00 642
0.390625 50.00 128
0.111732 40.00 358
0.282322 107.00 379

0.056995 11.00 193
0.445205 325.00 730
0.425339 188.00 442
0.041322 10.00 242
0.233333 70.00 300

0.065333 49.00 750
0.032258 10.00 310
0.734735 734.00 999
0.084746 55.00 649
0.279661 33.00 118

0.408397 107.00 262
0.014837 5.00 337
0.204225 29.00 142
0.453846 59.00 130
0.120000 33.00 275

0.074236 17.00 229
0.209402 49.00 234
0.221687 92.00 415
0.627119 74.00 118
0.075472 8.00 106

0.372283 137.00 368
0.485714 68.00 140
0.041284 9.00 218
0.291667 49.00 168
0.008591 5.00 582

0.175824 32.00 182
0.207885 116.00 558
0.045662 10.00 219
0.084633 76.00 898
0.684211 117.00 171

0.317269 79.00 249
0.458824 273.00 595
0.011848 5.00 422
0.400000 394.00 985
0.013850 10.00 722

0.283203 145.00 512
0.299320 44.00 147
0.009302 2.00 215
0.272222 49.00 180
0.333333 69.00 207

0.245413 214.00 872
0.197740 35.00 177
0.381119 109.00 286
0.190840 25.00 131
0.184524 31.00 168

0.053892 9.00 167
0.417952 298.00 713
0.462963 250.00 540
0.119835 58.00 484
0.142857 83.00 581

0.279352 69.00 247
0.058553 51.00 871
0.566820 123.00 217
0.198444 51.00 257
0.099174 12.00 121

0.270000 27.00 100
0.416819 228.00 547
0.129813 118.00 909
0.136842 26.00 190
0.248649 92.00 370

0.256367 151.00 589
0.105528 84.00 796
0.195599 160.00 818
0.104762 11.00 105
0.535948 328.00 612

0.146459 122.00 833
0.065733 61.00 928
0.329498 315.00 956
0.104895 15.00 143
0.553398 171.00 309

0.088889 12.00 135
0.368794 52.00 141
0.042751 23.00 538
0.495652 57.00 115
0.201058 38.00 189

0.113537 26.00 229
0.122340 46.00 376
0.074303 24.00 323
0.430063 206.00 479
0.460526 70.00 152

0.321888 150.00 466
0.201102 73.00 363
0.007353 3.00 408
0.522145 224.00 429
0.145548 85.00 584

0.384615 90.00 234
0.067485 11.00 163
0.185294 63.00 340
0.189189 49.00 259
0.372591 174.00 467

0.074074 18.00 243
0.147097 114.00 775
0.031250 4.00 128
0.168142 19.00 113
0.775281 207.00 267

0.210127 83.00 395
0.267327 27.00 101
0.375000 42.00 112
0.245614 28.00 114
0.100000 10.00 100

0.038136 9.00 236
0.031111 14.00 450
0.273050 77.00 282
0.825545 265.00 321
0.029685 16.00 539

0.051724 33.00 638
0.014019 3.00 214
0.074906 20.00 267
0.619048 130.00 210
0.440860 123.00 279

0.133971 28.00 209
0.596443 436.00 731
0.181159 25.00 138
0.200000 24.00 120
0.089109 9.00 101

0.050725 7.00 138
0.243506 225.00 924
0.085080 69.00 811
0.214286 42.00 196
0.610256 476.00 780

0.013410 7.00 522
0.860000 172.00 200
0.234513 53.00 226
0.019048 8.00 420
0.071960 29.00 403

0.080000 26.00 325
0.015358 9.00 586
0.522659 173.00 331
0.386139 39.00 101
0.192913 49.00 254

0.171875 55.00 320
0.523490 78.00 149
0.077348 28.00 362
0.176871 26.00 147
0.246914 220.00 891

0.126866 51.00 402
0.199346 122.00 612
0.126214 13.00 103
0.356589 46.00 129
0.392593 53.00 135

0.136000 17.00 125
0.317460 60.00 189
0.189394 100.00 528
0.133333 14.00 105
0.415094 44.00 106

0.110000 11.00 100
0.037135 14.00 377
0.177305 25.00 141
0.742991 159.00 214
0.133028 29.00 218

0.169231 33.00 195
0.228336 166.00 727
0.454416 319.00 702
0.164580 92.00 559
0.187192 38.00 203

0.011340 11.00 970
0.036036 4.00 111
0.654639 127.00 194
0.215152 71.00 330
0.283186 32.00 113

0.203791 43.00 211
0.217094 127.00 585
0.120690 28.00 232
0.156883 155.00 988
0.502636 286.00 569

0.068345 19.00 278
0.061798 11.00 178
0.759441 543.00 715
0.169533 69.00 407
0.141414 84.00 594

0.306931 124.00 404
0.272727 36.00 132
0.214211 205.00 957
0.384615 40.00 104
0.014085 2.00 142

0.090395 16.00 177
0.222222 120.00 540
0.357298 164.00 459
0.211928 199.00 939
0.316555 283.00 894

0.261456 97.00 371
0.410959 90.00 219
0.394402 155.00 393
0.125749 21.00 167
0.008518 5.00 587

0.765766 765.00 999
0.173175 102.00 589
0.067485 11.00 163
0.160819 55.00 342
0.029221 9.00 308

0.043630 25.00 573
0.731343 686.00 938
0.234261 160.00 683
0.017964 3.00 167
0.171975 27.00 157

0.164818 104.00 631
0.750285 658.00 877
0.212963 69.00 324
0.045181 15.00 332
0.031496 4.00 127

0.023379 22.00 941
0.497436 97.00 195
0.019417 2.00 103
0.069409 27.00 389
0.596413 133.00 223

0.382353 104.00 272
0.134921 17.00 126
0.090278 26.00 288
0.177305 25.00 141
0.414062 53.00 128

0.090301 27.00 299
0.059761 15.00 251
0.039604 4.00 101
0.504717 428.00 848
0.500647 387.00 773

0.672566 152.00 226
0.100522 77.00 766
0.364179 244.00 670
0.037351 22.00 589
0.024328 19.00 781

0.060606 18.00 297
0.110727 64.00 578
0.138767 63.00 454
0.270175 77.00 285
0.618490 475.00 768

0.152985 82.00 536
0.253612 158.00 623
0.224543 86.00 383
0.010853 7.00 645
0.558011 303.00 543

0.525815 387.00 736
0.013216 3.00 227
0.415246 414.00 997
0.041176 28.00 680
0.205882 21.00 102

0.333333 40.00 120
0.109848 29.00 264
0.587121 155.00 264
0.028668 17.00 593
0.143198 60.00 419

0.157895 33.00 209
0.327670 135.00 412
0.154639 60.00 388
0.356846 86.00 241
0.202346 69.00 341

0.156134 42.00 269
0.310914 245.00 788
0.140449 25.00 178
0.406250 52.00 128
0.185596 67.00 361

0.353684 168.00 475
0.170507 37.00 217
0.066986 14.00 209
0.043200 27.00 625
0.565753 413.00 730

0.099261 94.00 947
0.019827 16.00 807
0.275132 104.00 378
0.720416 554.00 769
0.085911 50.00 582

0.065831 21.00 319
0.111554 56.00 502
0.664260 184.00 277
0.194286 34.00 175
0.163462 51.00 312

0.079387 57.00 718
0.450000 144.00 320
0.230583 95.00 412
0.257053 82.00 319
0.182186 45.00 247

0.217153 119.00 548
0.414986 288.00 694
0.076087 28.00 368
0.368732 125.00 339
0.121324 99.00 816

0.216301 69.00 319
0.529167 127.00 240
0.166667 25.00 150
0.226190 38.00 168
0.055556 16.00 288

0.398844 69.00 173
0.442341 257.00 581
0.054545 6.00 110
0.076453 25.00 327
0.223176 52.00 233

0.190000 19.00 100
0.320000 48.00 150
0.121984 91.00 746
0.248322 37.00 149
0.317073 52.00 164

0.018692 4.00 214
0.107527 70.00 651
0.252174 29.00 115
0.346626 113.00 326
0.473404 89.00 188

0.213608 135.00 632
0.529930 301.00 568
0.056250 45.00 800
0.098446 19.00 193
0.300752 40.00 133

0.268421 51.00 190
0.178788 59.00 330
0.251082 58.00 231
0.446078 273.00 612
0.055276 11.00 199

0.099174 12.00 121
0.521226 221.00 424
0.357143 100.00 280
0.195364 59.00 302
0.025381 5.00 197

0.489149 293.00 599
0.029070 25.00 860
0.243986 71.00 291
0.276923 54.00 195
0.159091 21.00 132

