0.018018 6.00 333
0.641221 84.00 131
0.522936 114.00 218
0.305389 51.00 167
0.109890 20.00 182

0.255814 165.00 645
0.872611 822.00 942
0.031250 18.00 576
0.054463 36.00 661
0.384929 189.00 491

0.152542 90.00 590
0.127485 109.00 855
0.641379 93.00 145
0.485520 285.00 587
0.191244 83.00 434

0.314346 149.00 474
0.244094 31.00 127
0.498127 133.00 267
0.213251 206.00 966
0.331471 178.00 537

0.092700 80.00 863
0.155914 58.00 372
0.910000 91.00 100
0.427948 196.00 458
0.008658 2.00 231

0.044586 7.00 157
0.101695 24.00 236
0.717270 515.00 718
0.294821 74.00 251
0.443299 172.00 388

0.026954 20.00 742
0.350877 100.00 285
0.110599 48.00 434
0.212857 149.00 700
0.898907 329.00 366

0.774648 110.00 142
0.104046 18.00 173
0.271028 29.00 107
0.168317 17.00 101
0.271914 152.00 559

0.544610 293.00 538
0.057823 17.00 294
0.418977 393.00 938
0.147757 56.00 379
0.429752 52.00 121

0.237037 32.00 135
0.662252 100.00 151
0.198444 153.00 771
0.228814 27.00 118
0.277251 117.00 422

0.275000 110.00 400
0.516569 265.00 513
0.151899 108.00 711
0.347202 242.00 697
0.307292 59.00 192

0.204819 34.00 166
0.335329 56.00 167
0.199346 61.00 306
0.571823 414.00 724
0.289017 100.00 346

0.136943 43.00 314
0.298507 120.00 402
0.631902 103.00 163
0.264550 50.00 189
0.268293 66.00 246

0.028765 17.00 591
0.283688 40.00 141
0.340153 133.00 391
0.737864 76.00 103
0.206612 25.00 121

0.449412 191.00 425
0.088608 21.00 237
0.251101 57.00 227
0.421622 78.00 185
0.389610 150.00 385

0.283843 65.00 229
0.465201 127.00 273
0.237500 38.00 160
0.411411 411.00 999
0.202273 89.00 440

0.496829 235.00 473
0.244080 134.00 549
0.622951 114.00 183
0.064220 7.00 109
0.172131 21.00 122

0.181278 122.00 673
0.005359 5.00 933
0.293706 42.00 143
0.846442 452.00 534
0.272727 84.00 308

0.512821 60.00 117
0.397436 62.00 156
0.505639 269.00 532
0.063758 19.00 298
0.122209 104.00 851

0.047619 10.00 210
0.874251 146.00 167
0.255924 54.00 211
0.268222 92.00 343
0.157287 109.00 693

0.296623 202.00 681
0.354402 157.00 443
0.275281 49.00 178
0.340000 34.00 100
0.337884 99.00 293

0.393289 293.00 745
0.653846 119.00 182
0.327731 39.00 119
0.207087 187.00 903
0.016667 7.00 420

0.177570 38.00 214
0.471795 92.00 195
0.313559 37.00 118
0.350877 60.00 171
0.285473 169.00 592

0.810811 90.00 111
0.182353 31.00 170
0.100287 70.00 698
0.129747 41.00 316
0.374640 130.00 347

0.331148 101.00 305
0.224404 160.00 713
0.603053 158.00 262
0.305785 37.00 121
0.136808 84.00 614

0.089701 27.00 301
0.828199 699.00 844
0.271706 266.00 979
0.081356 24.00 295
0.326203 183.00 561

0.118644 70.00 590
0.799419 275.00 344
0.163743 28.00 171
0.276522 159.00 575
0.236769 85.00 359

0.264331 83.00 314
0.386243 73.00 189
0.618785 112.00 181
0.076628 40.00 522
0.253759 135.00 532

0.164345 118.00 718
0.924623 184.00 199
0.063636 7.00 110
0.150442 17.00 113
0.295082 54.00 183

0.377500 151.00 400
0.858736 231.00 269
0.020101 8.00 398
0.108607 106.00 976
0.236923 154.00 650

0.251748 72.00 286
0.065934 18.00 273
0.255102 75.00 294
0.637209 137.00 215
0.392768 315.00 802

0.770642 84.00 109
0.005556 3.00 540
0.455645 452.00 992
0.183333 22.00 120
0.181347 35.00 193

0.054878 9.00 164
0.199468 75.00 376
0.170404 76.00 446
0.283636 156.00 550
0.891667 107.00 120

0.116412 61.00 524
0.305800 174.00 569
0.056410 11.00 195
0.757143 106.00 140
0.363071 175.00 482

0.519841 131.00 252
0.133603 33.00 247
0.155612 61.00 392
0.715935 310.00 433
0.076923 9.00 117

0.219917 53.00 241
0.321168 44.00 137
0.189394 25.00 132
0.466667 217.00 465
0.406780 144.00 354

0.347368 99.00 285
0.393027 248.00 631
0.436416 151.00 346
0.231788 105.00 453
0.193133 135.00 699

0.704591 353.00 501
0.037975 9.00 237
0.429100 348.00 811
0.052500 21.00 400
0.377410 137.00 363

0.090909 26.00 286
0.385965 154.00 399
0.051254 47.00 917
0.345114 166.00 481
0.726190 305.00 420

0.037453 10.00 267
0.123273 116.00 941
0.355932 42.00 118
0.527157 165.00 313
0.555072 383.00 690

0.160656 49.00 305
0.324034 151.00 466
0.975000 117.00 120
0.132492 42.00 317
0.009259 2.00 216

0.425982 141.00 331
0.654378 142.00 217
0.163142 54.00 331
0.021645 5.00 231
0.333333 63.00 189

0.448276 78.00 174
0.481481 65.00 135
0.267068 133.00 498
0.132554 68.00 513
0.275168 41.00 149

0.469267 397.00 846
0.100610 33.00 328
0.150943 32.00 212
0.111111 19.00 171
0.767442 99.00 129

0.772152 244.00 316
0.075949 12.00 158
0.204651 44.00 215
0.244742 128.00 523
0.303571 136.00 448

0.709677 154.00 217
0.240602 96.00 399
0.187387 104.00 555
0.447761 90.00 201
0.018868 4.00 212

0.552036 244.00 442
0.078853 44.00 558
0.305046 133.00 436
0.336134 40.00 119
0.326613 162.00 496

0.158333 19.00 120
0.506173 82.00 162
0.720639 632.00 877
0.167683 55.00 328
0.051724 6.00 116

0.325926 44.00 135
0.303992 297.00 977
0.474732 310.00 653
0.030400 19.00 625
0.470167 197.00 419

0.238289 117.00 491
0.484472 78.00 161
0.418848 80.00 191
0.088525 27.00 305
0.372000 93.00 250

0.240000 24.00 100
0.070000 7.00 100
0.261796 172.00 657
0.895706 292.00 326
0.123457 20.00 162

0.393365 166.00 422
0.342144 233.00 681
0.527682 305.00 578
0.222222 66.00 297
0.113501 95.00 837

0.487562 98.00 201
0.036630 20.00 546
0.854951 613.00 717
0.158389 118.00 745
0.061093 57.00 933

0.373434 298.00 798
0.226891 27.00 119
0.352459 301.00 854
0.047244 6.00 127
0.595339 281.00 472

0.078749 73.00 927
0.734694 144.00 196
0.169154 34.00 201
0.275229 30.00 109
0.338028 216.00 639

0.074627 10.00 134
0.779783 216.00 277
0.115464 56.00 485
0.405797 196.00 483
0.219577 83.00 378

0.560544 412.00 735
0.660000 231.00 350
0.019685 15.00 762
0.168605 29.00 172
0.189349 32.00 169

0.588483 419.00 712
0.746154 97.00 130
0.175000 63.00 360
0.048689 13.00 267
0.042735 20.00 468

0.198276 23.00 116
0.464730 448.00 964
0.081301 10.00 123
0.142857 17.00 119
0.717277 137.00 191

0.310345 72.00 232
0.135734 49.00 361
0.226757 100.00 441
0.408297 374.00 916
0.519231 54.00 104

0.180055 130.00 722
0.554994 439.00 791
0.490338 203.00 414
0.207763 91.00 438
0.167969 43.00 256

0.069767 24.00 344
0.408488 154.00 377
0.134146 44.00 328
0.135593 104.00 767
0.850667 638.00 750

0.155873 142.00 911
0.015021 7.00 466
0.899015 365.00 406
0.341317 57.00 167
0.186321 79.00 424

0.108781 83.00 763
0.495868 120.00 242
0.264798 170.00 642
0.106383 25.00 235
0.623501 260.00 417

0.305344 40.00 131
0.557282 287.00 515
0.566964 127.00 224
0.089286 50.00 560
0.084071 19.00 226

0.309609 174.00 562
0.045045 5.00 111
0.295203 80.00 271
0.896226 95.00 106
0.047231 29.00 614

0.245614 56.00 228
0.365101 272.00 745
0.183932 87.00 473
0.141844 20.00 141
0.660266 447.00 677

0.559633 244.00 436
0.578125 74.00 128
0.056680 14.00 247
0.330357 74.00 224
0.073770 9.00 122

0.239437 51.00 213
0.104530 30.00 287
0.694969 221.00 318
0.353712 81.00 229
0.212644 37.00 174

0.030120 5.00 166
0.043796 6.00 137
0.884354 260.00 294
0.456853 90.00 197
0.182292 35.00 192

0.187970 25.00 133
0.031662 12.00 379
0.044674 13.00 291
0.533981 110.00 206
0.805233 277.00 344

0.016129 5.00 310
0.382138 261.00 683
0.759615 158.00 208
0.347541 318.00 915
0.093458 10.00 107

0.398129 383.00 962
0.100719 14.00 139
0.731250 234.00 320
0.089606 75.00 837
0.279570 130.00 465

0.525641 328.00 624
0.009709 1.00 103
0.109091 12.00 110
0.639000 639.00 1000
0.314286 33.00 105

0.224696 111.00 494
0.057851 14.00 242
0.607407 82.00 135
0.420765 154.00 366
0.289062 37.00 128

0.453846 59.00 130
0.250000 50.00 200
0.134483 39.00 290
0.044776 6.00 134
0.715074 389.00 544

0.271478 79.00 291
0.137566 26.00 189
0.358885 103.00 287
0.533333 120.00 225
0.300000 72.00 240

0.108108 16.00 148
0.604061 476.00 788
0.112957 34.00 301
0.659459 122.00 185
0.112245 22.00 196

0.027569 11.00 399
0.309677 144.00 465
0.348485 46.00 132
0.105590 17.00 161
0.807947 244.00 302

0.196970 169.00 858
0.226190 38.00 168
0.629845 325.00 516
0.471795 276.00 585
0.077419 12.00 155

0.348178 86.00 247
0.057584 41.00 712
0.047809 12.00 251
0.245902 30.00 122
0.902314 351.00 389

0.452545 329.00 727
0.251004 250.00 996
0.117021 22.00 188
0.432000 54.00 125
0.350427 41.00 117

0.190000 19.00 100
0.536765 73.00 136
0.362140 88.00 243
0.172345 86.00 499
0.341709 68.00 199

0.556054 124.00 223
0.307393 79.00 257
0.230483 62.00 269
0.332031 85.00 256
0.172603 63.00 365

0.202381 51.00 252
0.140299 47.00 335
0.010753 2.00 186
0.457173 427.00 934
0.786787 262.00 333

0.209302 27.00 129
0.836777 810.00 968
0.289979 136.00 469
0.187117 61.00 326
0.080412 39.00 485

0.284553 35.00 123
0.072555 46.00 634
0.295508 125.00 423
0.847107 205.00 242
0.097087 10.00 103

0.003632 3.00 826
0.327485 56.00 171
0.079365 10.00 126
0.506667 266.00 525
0.680608 179.00 263

0.057143 34.00 595
0.069892 13.00 186
0.672065 498.00 741
0.777778 84.00 108
0.024272 5.00 206

0.409326 79.00 193
0.059211 9.00 152
0.826990 239.00 289
0.046980 7.00 149
0.256198 93.00 363

0.264000 99.00 375
0.016260 2.00 123
0.829352 243.00 293
0.167568 62.00 370
0.319767 55.00 172

0.121387 21.00 173
0.611111 99.00 162
0.455172 66.00 145
0.255319 120.00 470
0.152778 33.00 216

0.221258 102.00 461
0.185185 20.00 108
0.255474 105.00 411
0.500000 51.00 102
0.441667 53.00 120

0.161111 29.00 180
0.178451 53.00 297
0.613235 417.00 680
0.494318 87.00 176
0.151448 68.00 449

0.561866 554.00 986
0.214912 49.00 228
0.340580 47.00 138
0.169591 87.00 513
0.310734 55.00 177

0.214815 58.00 270
0.409449 52.00 127
0.440181 390.00 886
0.299509 183.00 611
0.238938 54.00 226

0.690544 241.00 349
0.284314 29.00 102
0.230392 94.00 408
0.216893 208.00 959
0.179104 36.00 201

0.035014 25.00 714
0.011905 2.00 168
0.707547 75.00 106
0.327684 58.00 177
0.521739 192.00 368

0.196721 36.00 183
0.358491 38.00 106
0.052516 24.00 457
0.005952 1.00 168
0.982456 112.00 114

0.198020 20.00 101
0.795673 331.00 416
0.267937 239.00 892
0.236842 27.00 114
0.099174 12.00 121

0.111111 60.00 540
0.787946 353.00 448
0.114035 26.00 228
0.142308 74.00 520
0.448000 56.00 125

0.005731 2.00 349
0.188406 65.00 345
0.201117 180.00 895
0.377551 74.00 196
0.823864 145.00 176

0.610127 482.00 790
0.113360 28.00 247
0.547619 92.00 168
0.177201 157.00 886
0.151786 17.00 112

0.220779 68.00 308
0.809091 89.00 110
0.220982 99.00 448
0.201278 126.00 626
0.150219 137.00 912

0.630923 506.00 802
0.828125 318.00 384
0.081967 15.00 183
0.006485 5.00 771
0.053435 49.00 917

0.224365 221.00 985
0.559199 307.00 549
0.721739 83.00 115
0.056716 19.00 335
0.041825 22.00 526

0.473684 72.00 152
0.321154 167.00 520
0.125158 99.00 791
0.301948 93.00 308
0.375000 114.00 304

0.316629 139.00 439
0.192857 27.00 140
0.606383 114.00 188
0.363636 80.00 220
0.116505 12.00 103

0.470588 56.00 119
0.598784 197.00 329
0.272727 78.00 286
0.110429 36.00 326
0.147260 43.00 292

0.430502 223.00 518
0.536842 204.00 380
0.465890 280.00 601
0.050704 18.00 355
0.113402 22.00 194

0.401042 77.00 192
0.394531 101.00 256
0.137457 80.00 582
0.392012 265.00 676
0.273585 58.00 212

0.240741 26.00 108
0.664858 490.00 737
0.085714 9.00 105
0.481013 76.00 158
0.129841 57.00 439

0.488746 152.00 311
0.285714 54.00 189
0.138284 108.00 781
0.321739 37.00 115
0.365854 60.00 164

0.112827 95.00 842
0.457143 112.00 245
0.419214 96.00 229
0.503311 76.00 151
0.110215 41.00 372

0.258216 55.00 213
0.175758 29.00 165
0.947874 691.00 729
0.144231 90.00 624
0.076923 11.00 143

0.103004 24.00 233
0.002695 1.00 371
0.174383 113.00 648
0.816728 664.00 813
0.502732 92.00 183

0.591346 123.00 208
0.065373 64.00 979
0.305882 52.00 170
0.177824 85.00 478
0.457627 189.00 413

0.072052 66.00 916
0.689769 209.00 303
0.106667 80.00 750
0.494137 295.00 597
0.240385 25.00 104

0.208602 97.00 465
0.123711 24.00 194
0.582985 418.00 717
0.350195 90.00 257
0.330986 235.00 710

0.149733 28.00 187
0.276316 84.00 304
0.118541 78.00 658
0.738230 392.00 531
0.318182 98.00 308

0.315315 35.00 111
0.112903 49.00 434
0.223744 49.00 219
0.255814 44.00 172
0.689516 171.00 248

0.072152 57.00 790
0.890909 98.00 110
0.233846 76.00 325
0.122349 75.00 613
0.277992 72.00 259

0.023256 8.00 344
0.300752 80.00 266
0.200000 33.00 165
0.680272 100.00 147
0.400485 165.00 412

0.134454 16.00 119
0.069444 10.00 144
0.808000 101.00 125
0.327893 221.00 674
0.251208 52.00 207

0.113333 17.00 150
0.787535 278.00 353
0.053333 16.00 300
0.166667 19.00 114
0.478193 307.00 642

0.767442 198.00 258
0.377778 68.00 180
0.194672 95.00 488
0.243402 83.00 341
0.018018 2.00 111

0.482353 82.00 170
0.680672 81.00 119
0.294985 100.00 339
0.057437 39.00 679
0.084433 32.00 379

0.073491 28.00 381
0.212014 60.00 283
0.254386 87.00 342
0.253165 60.00 237
0.809160 106.00 131

0.088028 25.00 284
0.018868 2.00 106
0.542056 174.00 321
0.806039 694.00 861
0.146667 55.00 375

0.294737 112.00 380
0.432143 242.00 560
0.090323 28.00 310
0.669941 341.00 509
0.114286 40.00 350

0.022124 5.00 226
0.640000 128.00 200
0.061475 15.00 244
0.520000 416.00 800
0.355301 124.00 349

0.043321 12.00 277
0.002959 1.00 338
0.455621 77.00 169
0.437107 417.00 954
0.659664 157.00 238

0.409326 237.00 579
0.015707 3.00 191
0.606436 245.00 404
0.498084 130.00 261
0.069007 57.00 826

0.158879 17.00 107
0.191083 60.00 314
0.452174 312.00 690
0.003745 1.00 267
0.792880 245.00 309

0.109453 44.00 402
0.396574 301.00 759
0.191489 90.00 470
0.840796 169.00 201
0.057471 20.00 348

0.493548 459.00 930
0.095588 26.00 272
0.504687 323.00 640
0.490196 50.00 102
0.018360 15.00 817

0.274854 47.00 171
0.959770 167.00 174
0.129464 29.00 224
0.040773 19.00 466
0.192308 20.00 104

0.543307 207.00 381
0.005291 1.00 189
0.247222 178.00 720
0.308989 110.00 356
0.497409 96.00 193

0.014723 13.00 883
0.898551 186.00 207
0.003442 2.00 581
0.482353 123.00 255
0.202186 185.00 915

0.443478 51.00 115
0.493671 78.00 158
0.033333 4.00 120
0.376302 289.00 768
0.254576 153.00 601

0.005435 1.00 184
0.389972 140.00 359
0.419295 226.00 539
0.309091 34.00 110
0.472973 70.00 148

0.767857 172.00 224
0.138947 66.00 475
0.004942 3.00 607
0.670886 159.00 237
0.022222 4.00 180

0.679265 665.00 979
0.258772 118.00 456
0.300000 72.00 240
0.087273 48.00 550
0.274576 81.00 295

0.169661 85.00 501
0.457249 123.00 269
0.155844 24.00 154
0.387435 74.00 191
0.428571 219.00 511

0.192258 149.00 775
0.229958 109.00 474
0.113208 30.00 265
0.250000 60.00 240
0.814910 317.00 389

0.069418 37.00 533
0.867872 624.00 719
0.144144 16.00 111
0.145228 35.00 241
0.376238 38.00 101

0.792000 99.00 125
0.174855 121.00 692
0.122449 18.00 147
0.335570 50.00 149
0.172088 164.00 953

0.424000 53.00 125
0.338776 83.00 245
0.146805 85.00 579
0.371118 239.00 644
0.320000 56.00 175

0.290878 169.00 581
0.052174 6.00 115
0.843243 156.00 185
0.233010 72.00 309
0.175000 63.00 360

0.255132 174.00 682
0.295662 259.00 876
0.250000 38.00 152
0.269382 205.00 761
0.525000 147.00 280

0.012850 11.00 856
0.195489 26.00 133
0.175234 150.00 856
0.723577 178.00 246
0.494737 188.00 380

0.011375 11.00 967
0.432049 213.00 493
0.501672 150.00 299
0.654822 258.00 394
0.002681 1.00 373

0.084034 20.00 238
0.658824 280.00 425
0.123404 29.00 235
0.147059 15.00 102
0.587786 231.00 393

0.659292 149.00 226
0.200000 131.00 655
0.024590 3.00 122
0.375000 222.00 592
0.339286 38.00 112

0.319703 172.00 538
0.277045 210.00 758
0.228137 60.00 263
0.230453 56.00 243
0.543210 396.00 729

0.699074 151.00 216
0.011429 2.00 175
0.075949 18.00 237
0.186246 65.00 349
0.628834 205.00 326

0.178218 54.00 303
0.056604 9.00 159
0.541446 307.00 567
0.471338 74.00 157
0.349315 51.00 146

0.102564 56.00 546
0.776903 592.00 762
0.081301 30.00 369
0.165217 19.00 115
0.474138 55.00 116

0.232394 33.00 142
0.507772 98.00 193
0.603211 263.00 436
0.019231 5.00 260
0.240741 91.00 378

0.568627 116.00 204
0.258170 79.00 306
0.716814 162.00 226
0.036145 6.00 166
0.021186 5.00 236

0.357513 69.00 193
0.029900 9.00 301
0.077544 48.00 619
0.804196 115.00 143
0.327511 150.00 458

0.528329 373.00 706
0.074074 8.00 108
0.730337 715.00 979
0.240566 102.00 424
0.024775 11.00 444

0.245902 30.00 122
0.142645 96.00 673
0.761905 112.00 147
0.177885 74.00 416
0.268293 33.00 123

0.107563 64.00 595
0.032216 25.00 776
0.680617 309.00 454
0.748454 363.00 485
0.027027 3.00 111

0.410256 48.00 117
0.106227 58.00 546
0.537374 532.00 990
0.037037 9.00 243
0.507064 323.00 637

0.183206 24.00 131
0.268293 66.00 246
0.373656 139.00 372
0.451456 93.00 206
0.319915 151.00 472

0.104623 43.00 411
0.285088 65.00 228
0.409894 116.00 283
0.160356 72.00 449
0.636364 119.00 187

0.274510 42.00 153
0.300000 87.00 290
0.214286 36.00 168
0.070957 43.00 606
0.743056 214.00 288

0.874194 271.00 310
0.190045 42.00 221
0.114286 92.00 805
0.362205 46.00 127
0.055100 47.00 853

0.913525 412.00 451
0.064706 11.00 170
0.094937 15.00 158
0.455782 67.00 147
0.077586 9.00 116

0.256000 96.00 375
0.496403 69.00 139
0.240413 163.00 678
0.218373 145.00 664
0.383929 43.00 112

0.814815 220.00 270
0.018933 11.00 581
0.511811 65.00 127
0.180952 38.00 210
0.078035 54.00 692

0.525547 72.00 137
0.051402 22.00 428
0.503268 77.00 153
0.235119 79.00 336
0.277778 35.00 126

0.319767 220.00 688
0.283626 97.00 342
0.126582 20.00 158
0.046875 12.00 256
0.820961 188.00 229

0.108333 13.00 120
0.112637 41.00 364
0.351852 266.00 756
0.823171 270.00 328
0.198381 98.00 494

0.020833 3.00 144
0.643478 74.00 115
0.228814 27.00 118
0.354680 72.00 203
0.354680 144.00 406

0.963636 106.00 110
0.163842 29.00 177
0.168688 153.00 907
0.261017 77.00 295
0.041494 10.00 241

0.033582 9.00 268
0.114058 43.00 377
0.531136 435.00 819
0.346369 62.00 179
0.578778 180.00 311

0.263398 231.00 877
0.111748 78.00 698
0.622449 305.00 490
0.472622 164.00 347
0.131291 60.00 457

0.268293 44.00 164
0.829268 374.00 451
0.144231 15.00 104
0.010893 5.00 459
0.339921 86.00 253

0.697936 372.00 533
0.038508 32.00 831
0.328000 41.00 125
0.281201 178.00 633
0.253968 32.00 126

0.461140 89.00 193
0.666667 114.00 171
0.128060 68.00 531
0.250000 236.00 944
0.087379 9.00 103

0.547945 160.00 292
0.092105 28.00 304
0.061947 14.00 226
0.754065 371.00 492
0.139798 111.00 794

0.192513 36.00 187
0.106796 11.00 103
0.277778 55.00 198
0.224806 87.00 387
0.804965 227.00 282

0.567686 130.00 229
0.134969 22.00 163
0.202046 79.00 391
0.672727 370.00 550
0.024390 3.00 123

0.430464 65.00 151
0.330357 37.00 112
0.355769 111.00 312
0.104072 46.00 442
0.377049 69.00 183

0.330645 41.00 124
0.176550 131.00 742
0.694215 84.00 121
0.285714 40.00 140
0.113235 77.00 680

0.045126 25.00 554
0.021008 5.00 238
0.778189 421.00 541
0.360606 119.00 330
0.392996 101.00 257

0.171271 155.00 905
0.293608 271.00 923
0.465409 74.00 159
0.081967 20.00 244
0.587065 118.00 201

0.484375 93.00 192
0.237288 70.00 295
0.064553 57.00 883
0.232210 62.00 267
0.578714 261.00 451

0.348684 106.00 304
0.012500 4.00 320
0.387218 103.00 266
0.018957 8.00 422
0.835294 497.00 595

0.274286 48.00 175
0.603376 143.00 237
0.201058 38.00 189
0.286486 53.00 185
0.231454 78.00 337

0.915594 640.00 699
0.029289 7.00 239
0.394990 205.00 519
0.229530 171.00 745
0.024590 3.00 122

0.643192 137.00 213
0.362319 125.00 345
0.456140 52.00 114
0.094982 53.00 558
0.044148 43.00 974

0.413621 249.00 602
0.210526 36.00 171
0.027027 7.00 259
0.279898 220.00 786
0.668947 489.00 731

0.644231 67.00 104
0.030837 7.00 227
0.228330 108.00 473
0.478974 467.00 975
0.213080 101.00 474

0.180593 67.00 371
0.701509 651.00 928
0.511066 508.00 994
0.024712 15.00 607
0.180905 36.00 199

0.447930 357.00 797
0.160584 22.00 137
0.109091 12.00 110
0.714286 210.00 294
0.166667 17.00 102

0.301887 32.00 106
0.150160 47.00 313
0.487903 121.00 248
0.469101 167.00 356
0.186335 30.00 161

0.723842 422.00 583
0.138158 21.00 152
0.128713 78.00 606
0.419753 68.00 162
0.187500 33.00 176

0.361868 93.00 257
0.074890 34.00 454
0.545455 102.00 187
0.287671 168.00 584
0.327044 52.00 159

0.906542 194.00 214
0.309524 52.00 168
0.029148 13.00 446
0.323760 248.00 766
0.032051 5.00 156

0.280142 79.00 282
0.156522 36.00 230
0.433898 128.00 295
0.435244 205.00 471
0.289552 97.00 335

0.122951 30.00 244
0.854692 847.00 991
0.190594 77.00 404
0.301587 114.00 378
0.129870 50.00 385

0.187500 45.00 240
0.272069 188.00 691
0.242915 60.00 247
0.118519 32.00 270
0.783875 700.00 893

0.060429 31.00 513
0.332278 105.00 316
0.479381 93.00 194
0.113022 46.00 407
0.615721 141.00 229

0.143322 44.00 307
0.839907 362.00 431
0.107872 37.00 343
0.396296 107.00 270
0.115502 38.00 329

0.725352 103.00 142
0.673267 68.00 101
0.094972 34.00 358
0.028169 8.00 284
0.080000 8.00 100

0.086304 46.00 533
0.058333 7.00 120
0.436548 86.00 197
0.417989 79.00 189
0.602922 454.00 753

0.450578 351.00 779
0.099668 30.00 301
0.055215 54.00 978
0.047872 36.00 752
0.946372 900.00 951

0.100437 23.00 229
0.168347 167.00 992
0.412955 102.00 247
0.733062 541.00 738
0.187151 67.00 358

0.080597 27.00 335
0.383486 209.00 545
0.206831 109.00 527
0.905660 288.00 318
0.026882 5.00 186

0.125224 70.00 559
0.502137 235.00 468
0.354839 66.00 186
0.517110 136.00 263
0.099034 41.00 414

0.063830 18.00 282
0.083750 67.00 800
0.921429 258.00 280
0.377727 329.00 871
0.153670 67.00 436

0.329730 61.00 185
0.594787 251.00 422
0.217687 32.00 147
0.173228 44.00 254
0.283019 270.00 954

0.231638 41.00 177
0.580000 116.00 200
0.153310 44.00 287
0.183288 68.00 371
0.447154 110.00 246

0.288991 126.00 436
0.111498 32.00 287
0.094488 12.00 127
0.327586 57.00 174
0.780075 415.00 532

0.212425 106.00 499
0.397759 142.00 357
0.385965 132.00 342
0.571429 88.00 154
0.033380 24.00 719

0.361607 81.00 224
0.055777 14.00 251
0.600000 75.00 125
0.222374 163.00 733
0.361702 68.00 188

0.053942 13.00 241
1.000000 189.00 189
0.264569 227.00 858
0.218225 91.00 417
0.063380 9.00 142

0.406824 155.00 381
0.082645 10.00 121
0.398406 100.00 251
0.478417 133.00 278
0.232000 29.00 125

0.261324 75.00 287
0.182965 58.00 317
0.302041 148.00 490
0.326761 116.00 355
0.522523 174.00 333

0.050000 9.00 180
0.193333 145.00 750
0.235507 65.00 276
0.894621 815.00 911
0.224113 158.00 705

0.096096 32.00 333
0.611570 148.00 242
0.486111 245.00 504
0.213873 37.00 173
0.189262 141.00 745

0.453104 343.00 757
0.421456 110.00 261
0.262295 112.00 427
0.223776 32.00 143
0.241379 168.00 696

0.041885 16.00 382
0.361290 168.00 465
0.052632 9.00 171
0.379310 110.00 290
0.767821 377.00 491

0.052805 16.00 303
0.201220 66.00 328
0.256048 127.00 496
0.113402 33.00 291
0.978056 312.00 319

0.197183 28.00 142
0.404420 366.00 905
0.049327 11.00 223
0.066832 27.00 404
0.884354 650.00 735

0.332994 327.00 982
0.136268 65.00 477
0.634021 123.00 194
0.287154 114.00 397
0.201493 27.00 134

0.696246 204.00 293
0.126214 26.00 206
0.074627 20.00 268
0.402439 66.00 164
0.305263 87.00 285

0.906542 291.00 321
0.263158 125.00 475
0.119760 20.00 167
0.006148 6.00 976
0.300000 114.00 380

0.459459 85.00 185
0.273810 115.00 420
0.169643 38.00 224
0.597264 393.00 658
0.103604 46.00 444

0.973684 185.00 190
0.162619 154.00 947
0.007463 1.00 134
0.084507 12.00 142
0.368056 53.00 144

0.065421 7.00 107
0.544737 207.00 380
0.181280 153.00 844
0.114458 19.00 166
0.695652 448.00 644

0.230508 68.00 295
0.686170 258.00 376
0.016000 4.00 250
0.305419 62.00 203
0.364198 118.00 324

0.445378 53.00 119
0.302181 194.00 642
0.251656 114.00 453
0.241558 186.00 770
0.357877 209.00 584

0.229508 28.00 122
0.354962 93.00 262
0.250825 76.00 303
0.306080 146.00 477
0.458904 134.00 292

0.300199 151.00 503
0.502415 104.00 207
0.033592 26.00 774
0.335484 104.00 310
0.430693 87.00 202

0.055118 7.00 127
0.685512 194.00 283
0.312500 45.00 144
0.334559 91.00 272
0.210526 52.00 247

0.778345 762.00 979
0.295918 87.00 294
0.341991 316.00 924
0.034006 32.00 941
0.153135 149.00 973

0.677116 216.00 319
0.330025 133.00 403
0.476716 389.00 816
0.086207 20.00 232
0.028351 11.00 388

0.430894 53.00 123
0.004608 1.00 217
0.222222 46.00 207
0.892999 676.00 757
0.056196 39.00 694

0.226704 163.00 719
0.348028 150.00 431
0.194872 38.00 195
0.042225 41.00 971
0.790353 426.00 539

0.822581 153.00 186
0.058333 7.00 120
0.009722 7.00 720
0.075342 11.00 146
0.632653 403.00 637

0.786638 365.00 464
0.115756 36.00 311
0.157233 25.00 159
0.231231 77.00 333
0.308931 211.00 683

0.426950 301.00 705
0.048780 12.00 246
0.308995 292.00 945
0.653179 339.00 519
0.163743 112.00 684

0.218605 141.00 645
0.089965 26.00 289
0.248473 122.00 491
0.541857 356.00 657
0.500000 83.00 166

0.540984 264.00 488
0.078947 48.00 608
0.503650 69.00 137
0.296651 186.00 627
0.178808 27.00 151

0.540816 265.00 490
0.421496 400.00 949
0.497409 384.00 772
0.066667 8.00 120
0.076239 60.00 787

0.171429 144.00 840
0.314815 119.00 378
0.352000 264.00 750
0.291096 85.00 292
0.471910 210.00 445

0.131944 57.00 432
0.018349 10.00 545
0.485714 170.00 350
0.090164 11.00 122
0.878214 649.00 739

0.368687 73.00 198
0.771930 132.00 171
0.017945 11.00 613
0.288608 228.00 790
0.153017 71.00 464

0.444444 56.00 126
0.045198 8.00 177
0.006579 4.00 608
0.615385 64.00 104
0.500000 201.00 402

0.084848 14.00 165
0.328767 48.00 146
0.073964 25.00 338
0.521959 309.00 592
0.587104 519.00 884

0.838384 415.00 495
0.037076 35.00 944
0.316923 103.00 325
0.177778 32.00 180
0.229759 210.00 914

0.766990 158.00 206
0.147300 90.00 611
0.126904 50.00 394
0.366738 172.00 469
0.194737 37.00 190

0.904398 473.00 523
0.094928 73.00 769
0.045045 5.00 111
0.322917 62.00 192
0.230159 29.00 126

0.485876 86.00 177
0.528000 132.00 250
0.055449 29.00 523
0.170330 31.00 182
0.358025 116.00 324

0.234584 175.00 746
0.179012 29.00 162
0.400000 80.00 200
0.159170 46.00 289
0.625974 241.00 385

0.133803 19.00 142
0.250000 71.00 284
0.388889 196.00 504
0.205848 176.00 855
0.618938 536.00 866

0.105042 25.00 238
0.781473 329.00 421
0.400818 196.00 489
0.095238 10.00 105
0.213058 124.00 582

0.211656 69.00 326
0.192757 165.00 856
0.410628 85.00 207
0.361592 209.00 578
0.422977 162.00 383

0.133595 68.00 509
0.382653 375.00 980
0.239437 136.00 568
0.627692 612.00 975
0.216774 168.00 775

0.097889 51.00 521
0.928251 207.00 223
0.006024 1.00 166
0.352941 48.00 136
0.217923 107.00 491

0.602541 332.00 551
0.008403 2.00 238
0.510638 120.00 235
0.367470 61.00 166
0.111814 53.00 474

0.450000 63.00 140
0.051852 21.00 405
0.517730 219.00 423
0.054264 7.00 129
0.521368 61.00 117

0.078261 18.00 230
0.217391 140.00 644
0.323442 109.00 337
0.551253 242.00 439
0.427481 56.00 131

0.296117 61.00 206
0.182482 25.00 137
0.664894 250.00 376
0.079890 58.00 726
0.370595 305.00 823

0.432574 247.00 571
0.120253 19.00 158
0.204348 47.00 230
0.353741 52.00 147
0.491525 174.00 354

0.285714 126.00 441
0.141509 15.00 106
0.506953 401.00 791
0.327485 56.00 171
0.333333 41.00 123

0.784314 160.00 204
0.674497 201.00 298
0.065789 10.00 152
0.022321 5.00 224
0.049505 5.00 101

0.775641 121.00 156
0.119171 46.00 386
0.263158 30.00 114
0.077390 51.00 659
0.364650 229.00 628

0.290486 287.00 988
0.009259 1.00 108
0.296429 83.00 280
0.994220 172.00 173
0.008556 8.00 935

0.135618 91.00 671
0.075391 53.00 703
0.361111 39.00 108
0.191972 110.00 573
0.834123 176.00 211

0.187097 29.00 155
0.738544 274.00 371
0.126000 63.00 500
0.196850 25.00 127
0.347826 272.00 782

0.769231 280.00 364
0.292958 104.00 355
0.084112 9.00 107
0.284650 191.00 671
0.175000 70.00 400

0.229167 66.00 288
0.071429 43.00 602
0.419792 403.00 960
0.808917 381.00 471
0.074766 8.00 107

0.363636 88.00 242
0.076115 58.00 762
0.009456 4.00 423
0.604730 179.00 296
0.546512 235.00 430

0.193651 61.00 315
0.332130 92.00 277
0.225410 55.00 244
0.082927 17.00 205
0.764398 292.00 382

0.128205 15.00 117
0.280412 136.00 485
0.415274 174.00 419
0.554113 384.00 693
0.217822 22.00 101

0.441327 173.00 392
0.014925 3.00 201
0.438424 267.00 609
0.657534 96.00 146
0.049209 28.00 569

0.335938 215.00 640
0.012448 9.00 723
0.093995 36.00 383
0.223291 209.00 936
0.932515 152.00 163

0.338192 116.00 343
0.713704 526.00 737
0.500000 169.00 338
0.042614 15.00 352
0.008163 4.00 490

0.185897 58.00 312
0.598007 360.00 602
0.381295 106.00 278
0.272222 49.00 180
0.164667 151.00 917

0.250000 25.00 100
0.035545 15.00 422
0.138298 65.00 470
0.930435 107.00 115
0.247835 229.00 924

0.447653 124.00 277
0.310345 36.00 116
0.282258 70.00 248
0.512238 293.00 572
0.047619 5.00 105

0.111919 77.00 688
0.632000 79.00 125
0.545139 157.00 288
0.061798 44.00 712
0.246667 37.00 150

0.663793 77.00 116
0.005780 1.00 173
0.081181 22.00 271
0.592593 64.00 108
0.258491 137.00 530

0.179028 70.00 391
0.012739 2.00 157
0.260065 239.00 919
0.542907 310.00 571
0.600950 253.00 421

0.104230 69.00 662
0.304348 112.00 368
0.183599 150.00 817
0.694656 91.00 131
0.308411 33.00 107

0.377163 218.00 578
0.367769 356.00 968
0.555060 373.00 672
0.044025 7.00 159
0.259615 27.00 104

0.075922 35.00 461
0.226069 111.00 491
0.353741 104.00 294
0.404858 100.00 247
0.538117 120.00 223

0.206612 25.00 121
0.011494 8.00 696
0.620155 160.00 258
0.316176 43.00 136
0.447423 434.00 970

0.021390 4.00 187
0.471264 82.00 174
0.070312 9.00 128
0.757642 694.00 916
0.281150 176.00 626

0.614754 75.00 122
0.465313 275.00 591
0.058639 56.00 955
0.407767 42.00 103
0.056452 7.00 124

0.218023 150.00 688
0.312121 206.00 660
0.589595 102.00 173
0.159383 62.00 389
0.317910 213.00 670

0.663793 77.00 116
0.309497 277.00 895
0.522059 71.00 136
0.065282 22.00 337
0.035461 5.00 141

0.088773 34.00 383
0.160000 28.00 175
0.536585 66.00 123
0.318792 95.00 298
0.495327 371.00 749

0.543504 456.00 839
0.162393 19.00 117
0.626566 250.00 399
0.209524 44.00 210
0.058568 54.00 922

0.842105 336.00 399
0.524476 75.00 143
0.026087 3.00 115
0.106729 46.00 431
0.104839 26.00 248

0.435088 248.00 570
0.606897 176.00 290
0.160079 81.00 506
0.263736 96.00 364
0.133178 57.00 428

0.591912 161.00 272
0.045244 39.00 862
0.236769 170.00 718
0.117241 17.00 145
0.607692 79.00 130

0.121012 110.00 909
0.048035 11.00 229
0.700820 342.00 488
0.045161 7.00 155
0.683060 125.00 183

0.468613 321.00 685
0.060000 12.00 200
0.597222 129.00 216
0.306633 245.00 799
0.166008 42.00 253

0.180328 22.00 122
0.988024 165.00 167
0.173554 21.00 121
0.217391 25.00 115
0.049020 5.00 102

0.953947 145.00 152
0.190000 19.00 100
0.268293 33.00 123
0.098592 28.00 284
0.097354 92.00 945

0.273171 112.00 410
0.192478 174.00 904
0.175000 126.00 720
0.495327 106.00 214
0.462937 331.00 715

0.272251 52.00 191
0.217391 80.00 368
0.274611 212.00 772
0.168293 69.00 410
0.663934 81.00 122

0.517827 305.00 589
0.099099 22.00 222
0.089431 11.00 123
0.367647 225.00 612
0.528239 159.00 301

0.353365 147.00 416
0.117647 12.00 102
0.327189 71.00 217
0.366864 62.00 169
0.441624 87.00 197

0.194667 73.00 375
0.289389 90.00 311
0.136691 38.00 278
0.640000 64.00 100
0.341920 146.00 427

0.095238 84.00 882
0.102371 95.00 928
0.945455 780.00 825
0.233645 25.00 107
0.219298 75.00 342

0.257669 126.00 489
0.514286 54.00 105
0.190476 76.00 399
0.160194 33.00 206
0.474576 196.00 413

0.429688 55.00 128
0.556575 182.00 327
0.018145 18.00 992
0.186329 169.00 907
0.412834 386.00 935

0.574380 278.00 484
0.502809 179.00 356
0.084677 84.00 992
0.198113 42.00 212
0.241379 42.00 174

0.236893 122.00 515
0.145867 90.00 617
0.816667 147.00 180
0.036082 7.00 194
0.365696 113.00 309

0.646226 137.00 212
0.602564 94.00 156
0.348131 149.00 428
0.005556 1.00 180
0.002398 1.00 417

0.014851 6.00 404
0.452141 359.00 794
0.373913 86.00 230
0.338583 43.00 127
0.424528 45.00 106

0.108614 29.00 267
0.256410 110.00 429
0.476005 367.00 771
0.153846 16.00 104
0.602871 126.00 209

0.293051 97.00 331
0.040230 21.00 522
0.793103 437.00 551
0.179856 25.00 139
0.296512 153.00 516

0.103081 87.00 844
0.425595 143.00 336
0.809002 665.00 822
0.206413 103.00 499
0.057377 7.00 122

0.722973 107.00 148
0.388350 40.00 103
0.169591 58.00 342
0.026616 7.00 263
0.293405 218.00 743

0.576271 102.00 177
0.477477 53.00 111
0.456790 148.00 324
0.074949 73.00 974
0.017204 16.00 930

0.020942 4.00 191
0.079038 46.00 582
0.872727 96.00 110
0.305389 51.00 167
0.316737 299.00 944

0.219388 43.00 196
0.310044 142.00 458
0.382979 54.00 141
0.567164 152.00 268
0.124590 114.00 915

0.081505 26.00 319
0.734914 341.00 464
0.474480 251.00 529
0.088664 79.00 891
0.221557 74.00 334

0.723589 500.00 691
0.543417 388.00 714
0.129199 50.00 387
0.044643 30.00 672
0.159420 44.00 276

0.120567 17.00 141
0.497006 83.00 167
0.183183 61.00 333
0.481481 403.00 837
0.321429 207.00 644

0.321267 71.00 221
0.474576 252.00 531
0.201754 23.00 114
0.029650 11.00 371
0.567935 418.00 736

0.220963 78.00 353
0.544974 103.00 189
0.004847 3.00 619
0.344650 335.00 972
0.483680 163.00 337

0.205882 182.00 884
0.404070 278.00 688
0.469274 84.00 179
0.011468 10.00 872
0.512397 62.00 121

0.204986 74.00 361
0.054404 21.00 386
0.610000 183.00 300
0.456964 292.00 639
0.274845 177.00 644

0.128788 17.00 132
0.006410 3.00 468
0.061069 8.00 131
0.933504 365.00 391
0.465930 253.00 543

0.211180 34.00 161
0.366472 188.00 513
0.354610 50.00 141
0.414508 160.00 386
0.248869 55.00 221

0.092715 14.00 151
0.323896 286.00 883
0.565421 363.00 642
0.105691 26.00 246
0.515695 115.00 223

0.301248 169.00 561
0.150235 32.00 213
0.008065 1.00 124
0.207847 196.00 943
0.932828 861.00 923

0.036188 30.00 829
0.400000 42.00 105
0.501618 310.00 618
0.069959 17.00 243
0.589744 92.00 156

0.089109 9.00 101
0.437086 66.00 151
0.673913 558.00 828
0.096491 33.00 342
0.307229 153.00 498

0.588235 120.00 204
0.341394 240.00 703
0.390977 52.00 133
0.047872 9.00 188
0.232745 145.00 623

0.437882 215.00 491
0.135531 37.00 273
0.973298 729.00 749
0.041946 25.00 596
0.006250 1.00 160

0.059289 15.00 253
0.494282 389.00 787
0.287908 150.00 521
0.347079 202.00 582
0.414773 73.00 176

0.273256 47.00 172
0.452852 389.00 859
0.181141 73.00 403
0.248649 230.00 925
0.442547 285.00 644

0.647590 215.00 332
0.447552 64.00 143
0.050360 28.00 556
0.272059 74.00 272
0.180556 91.00 504

0.236364 39.00 165
0.196787 98.00 498
0.460854 259.00 562
0.370370 160.00 432
0.332317 327.00 984

0.133713 94.00 703
0.247098 149.00 603
0.571429 64.00 112
0.545232 223.00 409
0.102679 23.00 224

0.563348 249.00 442
0.162393 19.00 117
0.009202 3.00 326
0.739130 136.00 184
0.128686 48.00 373

0.191964 43.00 224
0.271157 157.00 579
0.672131 82.00 122
0.446043 62.00 139
0.014545 4.00 275

0.229216 193.00 842
0.192884 103.00 534
0.296000 37.00 125
0.514286 72.00 140
0.366412 48.00 131

0.202749 59.00 291
0.252500 101.00 400
0.024129 18.00 746
0.538776 396.00 735
0.580750 356.00 613

0.129921 33.00 254
0.131148 16.00 122
0.247619 26.00 105
0.709524 447.00 630
0.382253 112.00 293

0.027299 19.00 696
0.460396 93.00 202
0.584127 184.00 315
0.374233 61.00 163
0.155203 88.00 567

0.404402 294.00 727
0.775665 204.00 263
0.062937 36.00 572
0.180294 86.00 477
0.176471 18.00 102

0.437610 249.00 569
0.117647 24.00 204
0.147222 53.00 360
0.316901 180.00 568
0.578680 114.00 197

0.328488 113.00 344
0.006112 5.00 818
0.017778 8.00 450
0.623318 139.00 223
0.623333 374.00 600

0.181015 164.00 906
0.015823 5.00 316
0.993395 752.00 757
0.296296 176.00 594
0.114673 93.00 811

0.754902 77.00 102
0.157407 34.00 216
0.529412 90.00 170
0.129870 50.00 385
0.028539 25.00 876

0.170088 58.00 341
0.923913 255.00 276
0.114370 78.00 682
0.353234 71.00 201
0.035439 23.00 649

0.358289 67.00 187
0.556962 220.00 395
0.241935 30.00 124
0.144330 140.00 970
0.300578 156.00 519

0.165072 138.00 836
0.021526 11.00 511
0.202632 154.00 760
0.997859 932.00 934
0.213144 120.00 563

0.112795 67.00 594
0.401554 310.00 772
0.162651 27.00 166
0.593573 314.00 529
0.333333 51.00 153

0.478469 100.00 209
0.657862 523.00 795
0.100604 50.00 497
0.213611 113.00 529
0.147727 65.00 440

0.118421 36.00 304
0.085427 17.00 199
0.026316 5.00 190
0.425474 157.00 369
0.946984 518.00 547

0.440922 306.00 694
0.231481 125.00 540
0.064257 16.00 249
0.292683 36.00 123
0.568783 215.00 378

0.088083 17.00 193
0.308511 58.00 188
0.419890 76.00 181
0.617486 113.00 183
0.171254 56.00 327

0.038961 9.00 231
0.676550 251.00 371
0.088000 22.00 250
0.294707 206.00 699
0.500000 59.00 118

0.111722 61.00 546
0.398860 280.00 702
0.504788 369.00 731
0.171990 70.00 407
0.413043 57.00 138

0.268987 170.00 632
0.746114 576.00 772
0.301762 274.00 908
0.186275 19.00 102
0.095833 23.00 240

0.078629 39.00 496
0.632959 338.00 534
0.126362 58.00 459
0.236315 177.00 749
0.525926 71.00 135

0.055807 37.00 663
0.309375 99.00 320
0.500000 120.00 240
0.083624 48.00 574
0.656716 88.00 134

0.289256 35.00 121
0.074367 47.00 632
0.838710 208.00 248
0.281633 69.00 245
0.115385 21.00 182

0.431227 116.00 269
0.014085 3.00 213
0.475655 127.00 267
0.055310 25.00 452
0.627866 356.00 567

0.010438 5.00 479
0.655738 280.00 427
0.123171 101.00 820
0.571429 180.00 315
0.239401 192.00 802

0.394161 54.00 137
0.205298 62.00 302
0.069767 18.00 258
0.696850 177.00 254
0.228426 45.00 197

0.053208 34.00 639
0.775401 145.00 187
0.722826 133.00 184
0.013636 3.00 220
0.029703 3.00 101

0.540881 258.00 477
0.118919 22.00 185
0.160819 110.00 684
0.180328 55.00 305
0.603774 96.00 159

0.720430 134.00 186
0.405405 75.00 185
0.013245 2.00 151
0.072438 41.00 566
0.384615 40.00 104

0.555556 190.00 342
0.376068 44.00 117
0.047820 34.00 711
0.545584 383.00 702
0.075581 13.00 172

0.045361 44.00 970
0.961957 177.00 184
0.185682 83.00 447
0.096257 18.00 187
0.310526 118.00 380

0.294618 104.00 353
0.523810 88.00 168
0.150763 79.00 524
0.320132 97.00 303
0.310832 198.00 637

0.044872 21.00 468
0.674455 433.00 642
0.345455 76.00 220
0.089947 17.00 189
0.448087 82.00 183

0.141553 93.00 657
0.301462 268.00 889
0.387363 141.00 364
0.394417 325.00 824
0.373134 200.00 536

0.144254 59.00 409
0.456033 223.00 489
0.289474 44.00 152
0.497377 474.00 953
0.211503 114.00 539

0.374831 277.00 739
0.260700 67.00 257
0.533333 112.00 210
0.003534 1.00 283
0.427245 276.00 646

0.086811 52.00 599
0.372263 153.00 411
0.102902 39.00 379
0.820896 110.00 134
0.214493 74.00 345

0.807933 387.00 479
0.028571 3.00 105
0.247881 234.00 944
0.080537 12.00 149
0.435976 143.00 328

0.291291 97.00 333
0.768501 405.00 527
0.095238 30.00 315
0.331579 63.00 190
0.113831 93.00 817

0.486239 159.00 327
0.169666 66.00 389
0.295031 95.00 322
0.260383 163.00 626
0.388430 94.00 242

0.235988 80.00 339
0.530435 305.00 575
0.437500 126.00 288
0.110063 35.00 318
0.288732 41.00 142

0.009119 3.00 329
0.321678 46.00 143
0.674699 112.00 166
0.361842 55.00 152
0.229607 76.00 331

0.191734 167.00 871
0.756184 214.00 283
0.118081 32.00 271
0.342898 239.00 697
0.193966 180.00 928

0.123932 29.00 234
0.227811 77.00 338
0.894040 405.00 453
0.168345 117.00 695
0.182609 63.00 345

0.298429 171.00 573
0.307350 138.00 449
0.075658 23.00 304
0.858896 560.00 652
0.056926 30.00 527

0.484412 404.00 834
0.354167 68.00 192
0.348101 55.00 158
0.031034 18.00 580
0.384740 237.00 616

0.173653 145.00 835
0.140845 20.00 142
0.372727 41.00 110
0.088889 12.00 135
0.823944 117.00 142

0.562914 85.00 151
0.454751 201.00 442
0.237569 43.00 181
0.247475 49.00 198
0.097826 36.00 368

0.541353 72.00 133
0.210046 46.00 219
0.354651 183.00 516
0.292576 268.00 916
0.198347 24.00 121

0.312121 103.00 330
0.057192 33.00 577
0.680525 622.00 914
0.386728 338.00 874
0.165939 76.00 458

0.110000 11.00 100
0.484358 449.00 927
0.231638 82.00 354
0.534483 62.00 116
0.246073 141.00 573

0.481944 347.00 720
0.096491 11.00 114
0.160180 107.00 668
0.200873 46.00 229
0.654867 148.00 226

0.420404 375.00 892
0.025943 11.00 424
0.046110 16.00 347
0.586207 68.00 116
0.517241 60.00 116

0.161017 38.00 236
0.414905 373.00 899
0.326039 149.00 457
0.587973 264.00 449
0.108659 64.00 589

0.275862 104.00 377
0.200000 26.00 130
0.029197 4.00 137
0.592885 150.00 253
0.500000 52.00 104

0.240000 126.00 525
0.035800 15.00 419
0.301471 123.00 408
0.437309 286.00 654
0.587571 104.00 177

0.082840 14.00 169
0.198276 23.00 116
0.630208 242.00 384
0.134003 80.00 597
0.556757 206.00 370

0.711864 84.00 118
0.320707 127.00 396
0.248705 48.00 193
0.222222 26.00 117
0.090909 10.00 110

0.226766 61.00 269
0.488550 128.00 262
0.025424 3.00 118
0.603198 415.00 688
0.253968 112.00 441

0.714286 85.00 119
0.073099 25.00 342
0.052356 10.00 191
0.297398 80.00 269
0.466102 55.00 118

0.564356 57.00 101
0.017937 8.00 446
0.774510 79.00 102
0.166667 120.00 720
0.075061 62.00 826

0.812371 394.00 485
0.126214 13.00 103
0.228856 46.00 201
0.156069 108.00 692
0.279279 31.00 111

0.038229 19.00 497
0.289474 121.00 418
0.985915 280.00 284
0.161765 55.00 340
0.123272 107.00 868

0.430233 148.00 344
0.332180 192.00 578
0.507599 167.00 329
0.264151 42.00 159
0.068493 10.00 146

0.046065 24.00 521
0.303571 34.00 112
0.313514 58.00 185
0.567050 148.00 261
0.370370 140.00 378

0.216667 208.00 960
0.873786 180.00 206
0.132692 69.00 520
0.254355 73.00 287
0.125581 108.00 860

0.211694 105.00 496
0.104688 67.00 640
0.312757 76.00 243
0.281553 58.00 206
0.685714 264.00 385

0.650862 151.00 232
0.321678 46.00 143
0.263415 54.00 205
0.221622 123.00 555
0.145270 43.00 296

0.065089 11.00 169
0.031496 4.00 127
0.465473 182.00 391
0.407311 312.00 766
0.630719 193.00 306

0.025397 8.00 315
0.550633 87.00 158
0.140244 46.00 328
0.815603 115.00 141
0.072180 48.00 665

0.005319 1.00 188
0.116667 14.00 120
0.084577 17.00 201
0.663717 300.00 452
0.728507 161.00 221

0.095477 19.00 199
0.836461 312.00 373
0.304762 128.00 420
0.344059 139.00 404
0.021739 3.00 138

0.944099 152.00 161
0.255507 58.00 227
0.173160 40.00 231
0.138535 87.00 628
0.084615 11.00 130

0.792000 99.00 125
0.019715 18.00 913
0.072187 34.00 471
0.349515 36.00 103
0.370861 56.00 151

0.187970 25.00 133
0.287500 46.00 160
0.327273 36.00 110
0.335938 43.00 128
0.466954 325.00 696

0.020000 2.00 100
0.573379 504.00 879
0.232955 82.00 352
0.645485 193.00 299
0.132812 68.00 512

0.953552 349.00 366
0.200000 72.00 360
0.027027 3.00 111
0.254417 72.00 283
0.169492 20.00 118

0.126984 16.00 126
0.074419 48.00 645
0.806306 179.00 222
0.343529 146.00 425
0.250000 29.00 116

0.289941 98.00 338
0.439276 340.00 774
0.103774 11.00 106
0.744828 216.00 290
0.026275 17.00 647

0.075397 19.00 252
0.053097 6.00 113
0.047831 43.00 899
0.535714 75.00 140
0.884259 191.00 216

0.069388 51.00 735
0.007663 2.00 261
0.397541 97.00 244
0.590604 264.00 447
0.532338 321.00 603

0.071823 13.00 181
0.621849 74.00 119
0.192719 90.00 467
0.117486 43.00 366
0.593750 76.00 128

0.492334 289.00 587
0.067538 62.00 918
0.842784 327.00 388
0.075188 20.00 266
0.125581 27.00 215

0.130653 78.00 597
0.096350 66.00 685
0.684699 443.00 647
0.571223 397.00 695
0.117455 72.00 613

0.196721 72.00 366
0.464088 84.00 181
0.161765 44.00 272
0.600701 343.00 571
0.174312 76.00 436

0.690265 234.00 339
0.298611 43.00 144
0.302521 36.00 119
0.166320 80.00 481
0.143438 141.00 983

0.730159 92.00 126
0.204545 54.00 264
0.393491 133.00 338
0.063380 9.00 142
0.204651 44.00 215

0.518310 184.00 355
0.177215 42.00 237
0.372642 79.00 212
0.212121 28.00 132
0.313480 100.00 319

0.571429 92.00 161
0.572414 332.00 580
0.296992 237.00 798
0.102113 58.00 568
0.054054 10.00 185

0.147448 78.00 529
0.685121 198.00 289
0.003328 2.00 601
0.386047 83.00 215
0.379416 247.00 651

0.291339 37.00 127
0.284653 115.00 404
0.099119 90.00 908
0.764045 136.00 178
0.157576 26.00 165

0.172374 151.00 876
0.303922 62.00 204
0.537634 150.00 279
0.415449 199.00 479
0.172088 164.00 953

0.331776 142.00 428
0.710490 508.00 715
0.077519 40.00 516
0.067416 18.00 267
0.411215 44.00 107

0.826087 285.00 345
0.377632 287.00 760
0.173913 20.00 115
0.111111 21.00 189
0.111842 17.00 152

0.038369 16.00 417
0.947368 126.00 133
0.066790 36.00 539
0.448000 56.00 125
0.104603 100.00 956

0.338753 125.00 369
0.144796 96.00 663
0.199095 44.00 221
0.449704 152.00 338
0.466135 117.00 251

0.039474 24.00 608
0.406522 187.00 460
0.423729 100.00 236
0.569930 163.00 286
0.159363 40.00 251

0.331776 284.00 856
0.743421 113.00 152
0.003017 2.00 663
0.330508 156.00 472
0.192547 31.00 161

0.165775 62.00 374
0.197674 51.00 258
0.043280 19.00 439
0.454545 215.00 473
0.739910 165.00 223

0.530435 61.00 115
0.388158 59.00 152
0.235955 42.00 178
0.168421 32.00 190
0.277108 115.00 415

0.591667 71.00 120
0.024096 4.00 166
0.317757 34.00 107
0.083893 50.00 596
0.583333 77.00 132

0.118421 18.00 152
0.472579 405.00 857
0.070336 46.00 654
0.371230 160.00 431
0.560748 60.00 107

0.042139 26.00 617
0.473182 397.00 839
0.493192 326.00 661
0.577259 198.00 343
0.012162 9.00 740

0.649254 261.00 402
0.147887 21.00 142
0.464098 265.00 571
0.158854 61.00 384
0.181287 31.00 171

0.314685 45.00 143
0.844869 354.00 419
0.184896 71.00 384
0.146739 108.00 736
0.105572 36.00 341

0.400802 200.00 499
0.749478 359.00 479
0.268717 201.00 748
0.009524 2.00 210
0.170000 17.00 100

0.255411 59.00 231
0.391048 332.00 849
0.355353 156.00 439
0.111524 30.00 269
0.483092 100.00 207

0.095890 14.00 146
0.290441 79.00 272
0.334232 124.00 371
0.855856 95.00 111
0.022599 4.00 177

0.242718 25.00 103
0.164464 112.00 681
0.784173 327.00 417
0.153415 137.00 893
0.258503 38.00 147

0.093220 11.00 118
0.627119 111.00 177
0.311404 142.00 456
0.433962 46.00 106
0.127479 45.00 353

0.019444 7.00 360
0.848315 151.00 178
0.325620 197.00 605
0.165094 70.00 424
0.239796 47.00 196

0.026891 16.00 595
0.412245 101.00 245
0.361602 307.00 849
0.387283 67.00 173
0.407895 186.00 456

0.474903 246.00 518
0.130584 38.00 291
0.574627 154.00 268
0.045045 5.00 111
0.377644 125.00 331

0.339869 52.00 153
0.269939 88.00 326
0.523333 157.00 300
0.115044 13.00 113
0.347249 183.00 527

0.004237 4.00 944
0.882155 786.00 891
0.288235 49.00 170
0.147619 31.00 210
0.279570 104.00 372

0.287197 83.00 289
0.110169 13.00 118
0.118421 90.00 760
0.675926 73.00 108
0.407583 86.00 211

0.445545 45.00 101
0.082192 36.00 438
0.949686 302.00 318
0.029630 12.00 405
0.094872 37.00 390

0.053498 13.00 243
0.189944 34.00 179
0.793893 624.00 786
0.345324 144.00 417
0.216590 47.00 217

0.500000 94.00 188
0.543054 473.00 871
0.086900 67.00 771
0.308869 101.00 327
0.158462 103.00 650

0.238095 25.00 105
0.983193 117.00 119
0.326923 51.00 156
0.046729 5.00 107
0.006964 5.00 718

0.750831 226.00 301
0.050847 6.00 118
0.068966 14.00 203
0.710623 194.00 273
0.008403 1.00 119

0.477889 335.00 701
0.146465 29.00 198
0.146497 115.00 785
0.245524 96.00 391
0.584270 104.00 178

0.118123 73.00 618
0.177914 29.00 163
0.335052 65.00 194
0.123134 33.00 268
0.845560 219.00 259

0.335196 180.00 537
0.173979 115.00 661
0.303241 131.00 432
0.202198 92.00 455
0.583622 506.00 867

0.031308 17.00 543
0.334471 98.00 293
0.661765 90.00 136
0.125000 34.00 272
0.444820 395.00 888

0.403061 79.00 196
0.868571 152.00 175
0.030000 3.00 100
0.038514 28.00 727
0.256815 179.00 697

0.146264 92.00 629
0.628692 298.00 474
0.504854 52.00 103
0.015748 4.00 254
0.307190 47.00 153

0.217617 168.00 772
0.792308 103.00 130
0.324294 287.00 885
0.057990 45.00 776
0.204545 135.00 660

0.184569 122.00 661
0.728571 255.00 350
0.309524 39.00 126
0.277778 55.00 198
0.100159 63.00 629

0.304414 200.00 657
0.218750 35.00 160
0.277322 203.00 732
0.106977 92.00 860
0.698113 74.00 106

0.094660 39.00 412
0.840426 158.00 188
0.589744 69.00 117
0.037770 21.00 556
0.041045 11.00 268

0.338889 61.00 180
0.287145 172.00 599
0.653226 81.00 124
0.115942 16.00 138
0.203419 119.00 585

0.042945 42.00 978
0.517766 102.00 197
0.168317 17.00 101
0.540758 471.00 871
0.327103 35.00 107

0.197802 90.00 455
0.117754 65.00 552
0.596491 170.00 285
0.026217 7.00 267
0.661157 80.00 121

0.509956 461.00 904
0.088742 67.00 755
0.375000 45.00 120
0.394161 54.00 137
0.233010 24.00 103

0.480769 100.00 208
0.450382 59.00 131
0.259508 232.00 894
0.066225 10.00 151
0.340426 192.00 564

0.100000 59.00 590
0.590164 216.00 366
0.379630 41.00 108
0.006410 1.00 156
0.523077 102.00 195

0.369261 185.00 501
0.148148 36.00 243
0.081433 50.00 614
0.811628 349.00 430
0.189055 152.00 804

0.693182 427.00 616
0.389344 285.00 732
0.427273 47.00 110
0.070501 38.00 539
0.020873 11.00 527

0.160338 38.00 237
0.245802 161.00 655
0.503030 83.00 165
0.101045 29.00 287
0.595020 454.00 763

0.067245 31.00 461
0.383178 41.00 107
0.135849 36.00 265
0.407514 141.00 346
0.607843 124.00 204

0.113208 12.00 106
0.776265 399.00 514
0.473868 136.00 287
0.028846 3.00 104
0.211765 36.00 170

0.170347 54.00 317
0.909735 514.00 565
0.257400 200.00 777
0.132812 34.00 256
0.128266 54.00 421

0.379501 137.00 361
0.054545 39.00 715
0.809886 213.00 263
0.334187 261.00 781
0.021277 11.00 517

0.415858 257.00 618
0.268398 62.00 231
0.687050 382.00 556
0.015437 9.00 583
0.211957 39.00 184

0.431507 63.00 146
0.344134 308.00 895
0.668478 123.00 184
0.122222 44.00 360
0.033595 30.00 893

0.203922 104.00 510
0.722222 78.00 108
0.171498 71.00 414
0.054054 6.00 111
0.453216 155.00 342

0.486166 123.00 253
0.111111 17.00 153
0.190657 151.00 792
0.484848 256.00 528
0.332544 281.00 845

0.353877 178.00 503
0.779720 223.00 286
0.151163 26.00 172
0.123762 75.00 606
0.187387 104.00 555

0.409639 408.00 996
0.750000 198.00 264
0.017045 6.00 352
0.366279 63.00 172
0.058219 17.00 292

0.326241 46.00 141
0.141509 60.00 424
0.235363 201.00 854
0.652174 420.00 644
0.248521 84.00 338

0.113208 12.00 106
0.722222 507.00 702
0.187251 47.00 251
0.441270 278.00 630
0.131343 44.00 335

0.173913 36.00 207
0.452632 172.00 380
0.116279 65.00 559
0.252809 45.00 178
0.608824 207.00 340

0.278107 47.00 169
0.157895 45.00 285
0.491713 89.00 181
0.088000 11.00 125
0.581994 181.00 311

0.107639 93.00 864
0.199468 75.00 376
0.100264 38.00 379
0.235569 151.00 641
0.958855 536.00 559

0.750000 78.00 104
0.012346 2.00 162
0.596774 333.00 558
0.107843 77.00 714
0.132486 73.00 551

0.105991 23.00 217
0.512500 205.00 400
0.565826 202.00 357
0.225225 25.00 111
0.191824 61.00 318

0.397746 247.00 621
0.132110 72.00 545
0.122449 18.00 147
0.664011 500.00 753
0.286036 127.00 444

0.271889 59.00 217
0.212155 192.00 905
0.180791 64.00 354
0.559091 123.00 220
0.379085 58.00 153

0.034358 19.00 553
0.249729 230.00 921
0.733333 77.00 105
0.441397 177.00 401
0.143564 29.00 202

0.048951 7.00 143
0.784884 135.00 172
0.427419 53.00 124
0.026578 8.00 301
0.317460 200.00 630

0.446064 153.00 343
0.162791 133.00 817
0.213716 134.00 627
0.252266 167.00 662
0.525547 144.00 274

0.242718 25.00 103
0.312796 66.00 211
0.027933 5.00 179
0.647959 127.00 196
0.370518 93.00 251

0.854369 176.00 206
0.113514 21.00 185
0.014184 2.00 141
0.191781 70.00 365
0.425373 57.00 134

0.437768 102.00 233
0.299703 101.00 337
0.533333 64.00 120
0.238095 30.00 126
0.095436 46.00 482

0.165272 158.00 956
0.522936 171.00 327
0.487047 94.00 193
0.324074 35.00 108
0.098634 65.00 659

0.382979 54.00 141
0.121951 20.00 164
0.418675 139.00 332
0.310850 212.00 682
0.367946 163.00 443

0.773399 157.00 203
0.282051 55.00 195
0.087464 30.00 343
0.265957 50.00 188
0.187166 35.00 187

0.281553 87.00 309
0.130977 63.00 481
0.236559 154.00 651
0.473684 90.00 190
0.477273 63.00 132

0.427457 274.00 641
0.549587 266.00 484
0.540284 114.00 211
0.056604 36.00 636
0.027451 7.00 255

0.207101 70.00 338
0.071942 10.00 139
0.986014 141.00 143
0.123142 58.00 471
0.209177 155.00 741

0.019512 8.00 410
0.404299 395.00 977
0.417778 376.00 900
0.208621 121.00 580
0.548673 62.00 113

0.371981 77.00 207
0.019704 8.00 406
0.232938 157.00 674
0.786177 364.00 463
0.191667 23.00 120

0.009346 1.00 107
0.745000 149.00 200
0.583921 414.00 709
0.091912 75.00 816
0.167832 24.00 143

0.076056 27.00 355
0.358566 180.00 502
0.062249 62.00 996
0.400549 292.00 729
0.703704 171.00 243

0.330882 45.00 136
0.554348 357.00 644
0.064309 40.00 622
0.520000 91.00 175
0.133929 30.00 224

0.086667 13.00 150
0.605505 66.00 109
0.235704 169.00 717
0.513078 255.00 497
0.165354 21.00 127

0.131783 34.00 258
0.577586 67.00 116
0.420588 143.00 340
0.387586 281.00 725
0.086294 17.00 197

0.114286 44.00 385
0.162651 27.00 166
0.190955 38.00 199
0.649038 135.00 208
0.475728 49.00 103

0.296429 83.00 280
0.820000 82.00 100
0.104545 23.00 220
0.027273 24.00 880
0.349462 65.00 186

0.001126 1.00 888
0.053892 9.00 167
0.393333 118.00 300
0.768061 404.00 526
0.381517 322.00 844

0.313665 101.00 322
0.702899 97.00 138
0.091489 43.00 470
0.288177 117.00 406
0.210526 28.00 133

0.232687 84.00 361
0.014212 11.00 774
0.442266 406.00 918
0.130982 52.00 397
0.775862 90.00 116

0.200000 79.00 395
0.899281 125.00 139
0.225352 112.00 497
0.208122 41.00 197
0.061611 13.00 211

0.552672 362.00 655
0.119318 21.00 176
0.135385 44.00 325
0.684615 89.00 130
0.109353 76.00 695

0.232461 222.00 955
0.285714 44.00 154
0.199301 57.00 286
0.421326 324.00 769
0.461017 272.00 590

0.226277 31.00 137
0.587629 342.00 582
0.461806 133.00 288
0.253505 217.00 856
0.070833 17.00 240

0.188285 45.00 239
0.584071 66.00 113
0.610390 235.00 385
0.057203 54.00 944
0.163062 98.00 601

0.785256 245.00 312
0.348276 101.00 290
0.280488 69.00 246
0.126437 22.00 174
0.057221 21.00 367

0.573386 293.00 511
0.457646 416.00 909
0.136827 94.00 687
0.396444 379.00 956
0.035439 23.00 649

0.007905 2.00 253
0.405099 143.00 353
0.035971 15.00 417
0.424452 368.00 867
0.727273 104.00 143

0.725824 683.00 941
0.049587 12.00 242
0.168919 75.00 444
0.449275 62.00 138
0.202597 78.00 385

0.511450 67.00 131
0.066505 55.00 827
0.117537 63.00 536
0.344291 199.00 578
0.561728 273.00 486

0.681870 598.00 877
0.257282 53.00 206
0.264368 69.00 261
0.143068 97.00 678
0.250354 177.00 707

0.430206 376.00 874
0.128421 61.00 475
0.446914 362.00 810
0.185000 74.00 400
0.408451 174.00 426

0.340845 242.00 710
0.160480 147.00 916
0.436242 325.00 745
0.444444 68.00 153
0.223140 54.00 242

0.407407 231.00 567
0.117978 42.00 356
0.657382 236.00 359
0.159036 132.00 830
0.259615 81.00 312

0.217345 203.00 934
0.259259 77.00 297
0.232558 90.00 387
0.489418 370.00 756
0.403846 42.00 104

0.784553 193.00 246
0.076190 8.00 105
0.430769 56.00 130
0.139001 103.00 741
0.167857 47.00 280

0.462633 130.00 281
0.351648 160.00 455
0.073964 50.00 676
0.462604 167.00 361
0.250000 26.00 104

0.028249 5.00 177
0.581522 107.00 184
0.130435 15.00 115
0.083770 16.00 191
0.783019 249.00 318

0.740642 277.00 374
0.153333 69.00 450
0.176991 20.00 113
0.489362 69.00 141
0.040000 24.00 600

0.216704 96.00 443
0.603550 204.00 338
0.049180 6.00 122
0.120219 22.00 183
0.610063 291.00 477

0.083784 31.00 370
0.370000 37.00 100
0.436548 430.00 985
0.389610 90.00 231
0.321739 37.00 115

0.617647 63.00 102
0.180758 62.00 343
0.083596 53.00 634
0.203846 53.00 260
0.516129 80.00 155

0.675472 179.00 265
0.138614 14.00 101
0.146893 26.00 177
0.605381 135.00 223
0.032110 7.00 218

0.616487 516.00 837
0.338936 121.00 357
0.356310 336.00 943
0.133971 28.00 209
0.154762 52.00 336

0.311715 298.00 956
0.406736 157.00 386
0.433868 433.00 998
0.168478 31.00 184
0.280576 39.00 139

0.117962 44.00 373
0.328671 94.00 286
0.201681 24.00 119
0.511041 162.00 317
0.447619 47.00 105

0.862585 634.00 735
0.005123 5.00 976
0.304270 171.00 562
0.213483 38.00 178
0.215481 206.00 956

0.114035 13.00 114
0.090226 12.00 133
0.065217 9.00 138
0.962264 765.00 795
0.368481 325.00 882

0.092105 14.00 152
0.703297 256.00 364
0.620087 142.00 229
0.097493 35.00 359
0.088280 58.00 657

0.461538 84.00 182
0.593914 566.00 953
0.180791 160.00 885
0.090695 77.00 849
0.277955 87.00 313

0.292929 58.00 198
0.263636 116.00 440
0.034993 26.00 743
0.890523 545.00 612
0.119342 29.00 243

0.833333 90.00 108
0.130435 21.00 161
0.163223 79.00 484
0.273034 243.00 890
0.199005 40.00 201

0.184156 179.00 972
0.188976 24.00 127
0.128796 123.00 955
0.852459 208.00 244
0.249576 147.00 589

0.053659 11.00 205
0.326531 64.00 196
0.623318 139.00 223
0.372905 267.00 716
0.220000 22.00 100

0.188406 91.00 483
0.937173 358.00 382
0.169468 121.00 714
0.299663 89.00 297
0.005160 5.00 969

0.555556 90.00 162
0.139560 127.00 910
0.243728 68.00 279
0.395075 369.00 934
0.261976 175.00 668

0.644928 445.00 690
0.042636 22.00 516
0.020468 7.00 342
0.149123 68.00 456
0.742857 156.00 210

0.049020 5.00 102
0.520000 78.00 150
0.676259 94.00 139
0.132450 100.00 755
0.224490 33.00 147

0.352087 194.00 551
0.496599 146.00 294
0.012177 8.00 657
0.502982 253.00 503
0.237569 43.00 181

0.069767 48.00 688
0.020298 15.00 739
0.177489 41.00 231
0.807309 243.00 301
0.527778 190.00 360

0.508065 63.00 124
0.180952 19.00 105
0.203655 78.00 383
0.102094 39.00 382
0.596341 489.00 820

0.305263 58.00 190
0.524752 53.00 101
0.018405 3.00 163
0.311178 206.00 662
0.437995 166.00 379

0.282051 143.00 507
0.297143 52.00 175
0.027778 12.00 432
0.711297 170.00 239
0.282710 121.00 428

0.195652 45.00 230
0.203947 31.00 152
0.347403 107.00 308
0.407609 150.00 368
0.444093 421.00 948

0.488312 188.00 385
0.747899 178.00 238
0.308594 158.00 512
0.004348 1.00 230
0.055215 9.00 163

0.613260 111.00 181
0.248815 210.00 844
0.618321 243.00 393
0.007937 2.00 252
0.113594 61.00 537

0.183183 61.00 333
0.256552 186.00 725
0.044888 18.00 401
0.842271 534.00 634
0.271058 251.00 926

0.280576 195.00 695
0.096471 41.00 425
0.393365 332.00 844
0.538745 146.00 271
0.285714 30.00 105

0.080645 15.00 186
0.208333 35.00 168
0.508990 368.00 723
0.725746 389.00 536
0.073034 13.00 178

0.089888 16.00 178
0.432892 229.00 529
0.155738 38.00 244
0.678756 131.00 193
0.244604 34.00 139

0.410550 179.00 436
0.494526 271.00 548
0.251131 111.00 442
0.253261 233.00 920
0.191489 117.00 611

0.385230 193.00 501
0.790560 268.00 339
0.084906 9.00 106
0.132328 79.00 597
0.207602 71.00 342

0.910486 356.00 391
0.062992 8.00 127
0.250000 56.00 224
0.209524 22.00 105
0.162264 43.00 265

0.192308 85.00 442
0.762238 545.00 715
0.080925 14.00 173
0.416327 102.00 245
0.147103 99.00 673

0.413502 98.00 237
0.483051 57.00 118
0.103343 34.00 329
0.451282 88.00 195
0.146040 59.00 404

0.034286 6.00 175
0.903409 159.00 176
0.047722 22.00 461
0.084867 83.00 978
0.527273 58.00 110

0.428082 375.00 876
0.635897 124.00 195
0.195364 59.00 302
0.052632 20.00 380
0.286885 35.00 122

0.180124 29.00 161
0.546595 305.00 558
0.361842 55.00 152
0.233449 67.00 287
0.279926 152.00 543

0.635817 529.00 832
0.259615 27.00 104
0.260135 77.00 296
0.313146 212.00 677
0.135135 55.00 407

0.125000 89.00 712
0.173228 22.00 127
0.425926 46.00 108
0.751938 194.00 258
0.128713 26.00 202

0.733591 380.00 518
0.347107 168.00 484
0.311448 185.00 594
0.072261 31.00 429
0.137615 30.00 218

0.236994 82.00 346
0.084806 24.00 283
0.678534 648.00 955
0.067901 66.00 972
0.532609 98.00 184

0.515773 327.00 634
0.353535 105.00 297
0.484211 138.00 285
0.029661 21.00 708
0.216667 26.00 120

0.128319 29.00 226
0.714000 714.00 1000
0.015228 9.00 591
0.307346 205.00 667
0.433715 265.00 611

0.389671 83.00 213
0.256637 232.00 904
0.147423 143.00 970
0.570913 475.00 832
0.238806 80.00 335

0.177778 24.00 135
0.465267 288.00 619
0.672078 207.00 308
0.180000 63.00 350
0.109043 82.00 752

0.278963 183.00 656
0.131078 124.00 946
0.052632 6.00 114
0.528205 103.00 195
0.613734 286.00 466

0.119256 109.00 914
0.967880 904.00 934
0.061269 28.00 457
0.006061 1.00 165
0.445255 122.00 274

0.356000 178.00 500
0.238095 25.00 105
0.285897 223.00 780
0.339019 159.00 469
0.382353 65.00 170

0.049296 7.00 142
0.042424 14.00 330
0.557692 58.00 104
0.432000 54.00 125
0.519084 272.00 524

0.255814 77.00 301
0.415254 49.00 118
0.230769 24.00 104
0.695364 105.00 151
0.015873 2.00 126

0.729524 383.00 525
0.563291 267.00 474
0.185714 39.00 210
0.096447 19.00 197
0.023952 4.00 167

0.133333 68.00 510
0.050360 7.00 139
0.148515 15.00 101
0.624088 342.00 548
0.640553 556.00 868

0.538462 56.00 104
0.524706 223.00 425
0.343434 136.00 396
0.192513 36.00 187
0.004213 3.00 712

0.124672 95.00 762
0.538462 63.00 117
0.476712 174.00 365
0.387805 159.00 410
0.074510 19.00 255

0.605691 298.00 492
0.212766 30.00 141
0.342679 110.00 321
0.233792 119.00 509
0.205805 78.00 379

0.161372 127.00 787
0.348101 55.00 158
0.137056 27.00 197
0.284672 117.00 411
0.664122 87.00 131

0.311688 48.00 154
0.256250 41.00 160
0.074380 9.00 121
0.559140 156.00 279
0.393855 141.00 358

0.090909 15.00 165
0.686905 577.00 840
0.307851 149.00 484
0.127517 114.00 894
0.383648 61.00 159

0.039216 4.00 102
0.997494 796.00 798
0.227273 30.00 132
0.264438 87.00 329
0.072368 44.00 608

0.386950 255.00 659
0.020080 5.00 249
0.061798 11.00 178
0.307087 117.00 381
0.828358 111.00 134

0.142857 41.00 287
0.328947 50.00 152
0.204918 200.00 976
0.073171 15.00 205
0.848970 371.00 437

0.347578 122.00 351
0.084668 74.00 874
0.844920 158.00 187
0.106742 19.00 178
0.212209 73.00 344

0.727711 302.00 415
0.392638 64.00 163
0.169291 43.00 254
0.033175 7.00 211
0.278932 94.00 337

0.054090 41.00 758
0.565789 86.00 152
0.095238 44.00 462
0.875000 427.00 488
0.007968 2.00 251

0.187500 36.00 192
0.457386 161.00 352
0.105263 14.00 133
0.546550 499.00 913
0.300000 132.00 440

0.198529 27.00 136
0.584810 231.00 395
0.317829 41.00 129
0.327869 40.00 122
0.165035 118.00 715

0.836879 118.00 141
0.166667 146.00 876
0.386861 53.00 137
0.128205 15.00 117
0.076503 14.00 183

0.305630 114.00 373
0.253876 131.00 516
0.030864 25.00 810
0.406852 190.00 467
0.605405 112.00 185

0.396610 117.00 295
0.014550 11.00 756
0.786667 118.00 150
0.087838 13.00 148
0.311526 100.00 321

0.154799 150.00 969
0.350000 133.00 380
0.173804 69.00 397
0.442105 84.00 190
0.476923 155.00 325

0.134545 37.00 275
0.132432 49.00 370
0.221477 165.00 745
0.803625 532.00 662
0.312500 60.00 192

0.325581 98.00 301
0.204082 100.00 490
0.293286 83.00 283
0.508929 285.00 560
0.266667 160.00 600

0.642336 352.00 548
0.052448 45.00 858
0.016129 16.00 992
0.029412 3.00 102
0.857143 162.00 189

0.188889 34.00 180
0.004762 1.00 210
0.088953 62.00 697
0.480000 264.00 550
0.837176 581.00 694

0.075540 42.00 556
0.110057 58.00 527
0.390000 39.00 100
0.905172 525.00 580
0.120370 52.00 432

0.030675 5.00 163
0.506631 191.00 377
0.692149 335.00 484
0.146199 25.00 171
0.222500 89.00 400

0.029340 12.00 409
0.570652 315.00 552
0.491857 151.00 307
0.019680 16.00 813
0.488038 306.00 627

0.534535 178.00 333
0.413625 170.00 411
0.204678 140.00 684
0.406061 134.00 330
0.042748 28.00 655

0.839844 215.00 256
0.168478 31.00 184
0.171429 42.00 245
0.121212 16.00 132
0.297030 30.00 101

0.038224 31.00 811
0.231672 79.00 341
0.463768 64.00 138
0.105477 52.00 493
0.762053 490.00 643

0.295302 88.00 298
0.758503 446.00 588
0.280632 71.00 253
0.184692 111.00 601
0.081744 60.00 734

0.284326 234.00 823
0.482759 70.00 145
0.267857 105.00 392
0.425743 129.00 303
0.138404 111.00 802

0.235294 56.00 238
0.164179 22.00 134
0.249158 74.00 297
0.946844 570.00 602
0.009132 2.00 219

0.218053 215.00 986
0.098684 15.00 152
0.351515 58.00 165
0.751220 154.00 205
0.180055 65.00 361

0.010000 1.00 100
0.203125 104.00 512
0.740079 373.00 504
0.546875 70.00 128
0.103896 24.00 231

0.221498 204.00 921
0.578544 151.00 261
0.478933 341.00 712
0.224138 26.00 116
0.098214 11.00 112

0.473077 246.00 520
0.534884 92.00 172
0.055901 9.00 161
0.012133 12.00 989
0.520202 309.00 594

0.247232 134.00 542
0.293542 150.00 511
0.008798 6.00 682
0.473404 89.00 188
0.572464 79.00 138

0.069733 47.00 674
0.375238 197.00 525
0.272727 51.00 187
0.246291 83.00 337
0.636166 584.00 918

0.235294 24.00 102
0.309021 161.00 521
0.502262 111.00 221
0.231969 119.00 513
0.318105 188.00 591

0.253968 48.00 189
0.265027 97.00 366
0.315789 36.00 114
0.629893 177.00 281
0.136000 17.00 125

0.362264 192.00 530
0.305556 55.00 180
0.210337 175.00 832
0.023121 12.00 519
0.698113 111.00 159

0.061272 53.00 865
0.578704 125.00 216
0.693931 263.00 379
0.150131 115.00 766
0.116564 19.00 163

0.566996 402.00 709
0.155738 38.00 244
0.367876 142.00 386
0.082873 15.00 181
0.424731 79.00 186

0.073626 67.00 910
0.368000 92.00 250
0.533762 166.00 311
0.005376 1.00 186
0.619154 278.00 449

0.283465 36.00 127
0.071698 19.00 265
0.267327 27.00 101
0.558176 355.00 636
0.420455 222.00 528

0.633634 633.00 999
0.277108 46.00 166
0.442424 365.00 825
0.169811 18.00 106
0.079545 14.00 176

0.172492 153.00 887
0.112069 26.00 232
0.605341 204.00 337
0.182828 181.00 990
0.527221 184.00 349

0.323529 77.00 238
0.217822 22.00 101
0.238569 120.00 503
0.472648 216.00 457
0.349299 299.00 856

0.252137 177.00 702
0.175159 55.00 314
0.087591 24.00 274
0.188547 135.00 716
0.897638 114.00 127

0.101852 11.00 108
0.005803 3.00 517
0.156164 57.00 365
0.735043 258.00 351
0.593496 146.00 246

0.078125 15.00 192
0.017857 2.00 112
0.911111 164.00 180
0.012987 2.00 154
0.578035 200.00 346

0.519520 519.00 999
0.165829 33.00 199
0.019802 6.00 303
0.095890 14.00 146
0.795407 381.00 479

0.505435 93.00 184
0.260638 98.00 376
0.127778 23.00 180
0.043478 5.00 115
0.663265 130.00 196

0.353468 158.00 447
0.327273 90.00 275
0.353879 333.00 941
0.177143 31.00 175
0.387931 45.00 116

0.577982 63.00 109
0.092857 13.00 140
0.309987 239.00 771
0.064309 20.00 311
0.555556 75.00 135

0.788732 168.00 213
0.313589 90.00 287
0.319415 153.00 479
0.054688 7.00 128
0.123272 107.00 868

0.129771 17.00 131
0.724374 318.00 439
0.190303 157.00 825
0.209726 69.00 329
0.345299 202.00 585

0.509370 299.00 587
0.056983 51.00 895
0.389381 88.00 226
0.112150 12.00 107
0.531401 110.00 207

0.242595 172.00 709
0.592857 83.00 140
0.502049 245.00 488
0.073826 33.00 447
0.186813 85.00 455

0.168067 20.00 119
0.413428 117.00 283
0.169591 29.00 171
0.218447 45.00 206
0.632997 188.00 297

0.281690 60.00 213
0.195489 78.00 399
0.140000 35.00 250
0.224138 26.00 116
0.758621 88.00 116

0.113208 12.00 106
0.019737 6.00 304
0.039261 17.00 433
0.747235 473.00 633
0.674825 386.00 572

0.151515 30.00 198
0.636364 203.00 319
0.365672 49.00 134
0.125000 26.00 208
0.317757 68.00 214

0.236052 55.00 233
0.225714 158.00 700
0.854054 474.00 555
0.212121 84.00 396
0.073359 19.00 259

0.520000 52.00 100
0.485666 288.00 593
0.064309 40.00 622
0.396321 237.00 598
0.136253 56.00 411

0.490291 101.00 206
0.504348 58.00 115
0.038835 16.00 412
0.029240 5.00 171
0.536530 235.00 438

0.585799 99.00 169
0.331579 63.00 190
0.087156 57.00 654
0.354839 220.00 620
0.244186 42.00 172

0.166667 23.00 138
0.425532 80.00 188
0.510638 408.00 799
0.280742 121.00 431
0.215035 123.00 572

0.635514 136.00 214
0.179153 55.00 307
0.235741 62.00 263
0.383305 225.00 587
0.166667 84.00 504

0.678947 129.00 190
0.528226 131.00 248
0.069948 27.00 386
0.155039 20.00 129
0.162698 41.00 252

0.666667 518.00 777
0.462185 55.00 119
0.271186 32.00 118
0.149440 120.00 803
0.050588 43.00 850

0.526316 70.00 133
0.339181 116.00 342
0.196364 54.00 275
0.207965 47.00 226
0.327236 161.00 492

0.532544 90.00 169
0.055118 7.00 127
0.572368 435.00 760
0.194872 38.00 195
0.241071 27.00 112

0.192488 123.00 639
0.342043 144.00 421
0.405405 60.00 148
0.631902 103.00 163
0.031579 27.00 855

0.383562 56.00 146
0.110465 19.00 172
0.279851 75.00 268
0.134752 19.00 141
0.686987 586.00 853

0.058091 14.00 241
0.412214 108.00 262
0.363793 211.00 580
0.165354 147.00 889
0.600000 99.00 165

0.201717 47.00 233
0.240437 44.00 183
0.169065 47.00 278
0.521368 61.00 117
0.473896 118.00 249

0.126214 13.00 103
0.589506 191.00 324
0.211288 146.00 691
0.632075 67.00 106
0.039246 25.00 637

0.728972 78.00 107
0.285256 89.00 312
0.079038 23.00 291
0.495902 363.00 732
0.012920 5.00 387

0.878947 167.00 190
0.024691 6.00 243
0.550000 99.00 180
0.046358 42.00 906
0.093525 39.00 417

0.965686 197.00 204
0.215947 130.00 602
0.034221 18.00 526
0.316821 307.00 969
0.067568 30.00 444

0.226950 32.00 141
0.156863 16.00 102
0.145110 46.00 317
0.516667 62.00 120
0.546906 274.00 501

0.340841 227.00 666
0.951302 840.00 883
0.059574 14.00 235
0.046847 26.00 555
0.199647 113.00 566

0.409253 115.00 281
0.169417 154.00 909
0.412174 237.00 575
0.325265 215.00 661
0.285714 74.00 259

0.220907 112.00 507
0.104089 28.00 269
0.355224 119.00 335
0.017241 4.00 232
0.903885 442.00 489

0.260870 96.00 368
0.164510 89.00 541
0.083916 24.00 286
0.882507 338.00 383
0.208494 54.00 259

0.054152 15.00 277
0.699248 93.00 133
0.335165 122.00 364
0.296253 253.00 854
0.211712 47.00 222

0.242105 207.00 855
0.550388 355.00 645
0.100543 37.00 368
0.210526 96.00 456
0.496732 304.00 612

0.214953 115.00 535
0.033557 5.00 149
0.161094 53.00 329
0.788194 227.00 288
0.405797 56.00 138

0.505393 328.00 649
0.012903 2.00 155
0.395616 379.00 958
0.160494 52.00 324
0.528131 291.00 551

0.068826 68.00 988
0.855263 130.00 152
0.363229 162.00 446
0.258065 32.00 124
0.055172 8.00 145

0.163347 82.00 502
0.682051 399.00 585
0.245370 53.00 216
0.282443 37.00 131
0.231214 40.00 173

0.683297 315.00 461
0.573864 505.00 880
0.033033 11.00 333
0.052632 7.00 133
0.259635 128.00 493

0.334356 109.00 326
0.480769 425.00 884
0.347826 40.00 115
0.126246 38.00 301
0.317073 117.00 369

0.070000 35.00 500
0.473684 54.00 114
0.677165 86.00 127
0.015267 2.00 131
0.367937 280.00 761

0.083333 23.00 276
0.045614 26.00 570
0.603306 73.00 121
0.092593 25.00 270
0.773279 191.00 247

0.106667 24.00 225
0.449761 94.00 209
0.211749 155.00 732
0.198312 47.00 237
0.634981 167.00 263

0.553488 119.00 215
0.141104 46.00 326
0.132075 14.00 106
0.732258 227.00 310
0.043290 20.00 462

0.300000 198.00 660
0.470133 425.00 904
0.281768 51.00 181
0.010000 4.00 400
0.540741 146.00 270

0.574713 300.00 522
0.470232 466.00 991
0.428082 125.00 292
0.107143 48.00 448
0.023050 13.00 564

0.712121 329.00 462
0.334096 292.00 874
0.411215 308.00 749
0.002994 1.00 334
0.141176 36.00 255

0.301020 59.00 196
0.275862 48.00 174
0.282258 35.00 124
0.103261 19.00 184
0.640777 198.00 309

0.316667 38.00 120
0.102941 49.00 476
0.544643 61.00 112
0.027523 3.00 109
0.607261 184.00 303

0.150062 122.00 813
0.005525 4.00 724
0.596990 357.00 598
0.038035 24.00 631
0.808163 198.00 245

0.043478 14.00 322
0.169381 52.00 307
0.903561 609.00 674
0.322981 52.00 161
0.163090 38.00 233

0.160692 130.00 809
0.426150 176.00 413
0.215470 39.00 181
0.147826 17.00 115
0.651685 232.00 356

0.031532 7.00 222
0.346154 126.00 364
0.733333 121.00 165
0.036424 11.00 302
0.454023 79.00 174

0.552809 246.00 445
0.661538 215.00 325
0.059659 21.00 352
0.307823 181.00 588
0.016129 6.00 372

0.597877 507.00 848
0.456853 90.00 197
0.299751 241.00 804
0.197917 38.00 192
0.049632 27.00 544

0.189189 21.00 111
0.339506 220.00 648
0.975410 119.00 122
0.027211 8.00 294
0.062016 8.00 129

0.212871 43.00 202
0.229167 99.00 432
0.463333 139.00 300
0.084967 13.00 153
0.606195 137.00 226

0.087209 60.00 688
0.041667 8.00 192
0.868852 106.00 122
0.370861 56.00 151
0.237430 85.00 358

0.170183 121.00 711
0.071895 11.00 153
0.953540 431.00 452
0.223796 79.00 353
0.181250 29.00 160

0.436526 392.00 898
0.527778 95.00 180
0.027933 5.00 179
0.172805 61.00 353
0.437299 136.00 311

0.516854 276.00 534
0.482428 151.00 313
0.186861 128.00 685
0.053528 22.00 411
0.358832 258.00 719

0.229412 39.00 170
0.022333 18.00 806
0.266990 55.00 206
0.317597 74.00 233
0.761278 405.00 532

0.094737 18.00 190
0.777644 647.00 832
0.175896 54.00 307
0.334187 261.00 781
0.215892 144.00 667

0.136095 23.00 169
0.334204 256.00 766
0.030973 7.00 226
0.238462 31.00 130
0.866667 130.00 150

0.180952 38.00 210
0.304878 100.00 328
0.402135 113.00 281
0.425325 131.00 308
0.289809 91.00 314

0.623188 86.00 138
0.264350 175.00 662
0.538462 56.00 104
0.031291 24.00 767
0.144509 100.00 692

0.205298 31.00 151
0.652928 301.00 461
0.639456 188.00 294
0.059289 15.00 253
0.044304 7.00 158

0.458824 351.00 765
0.116959 20.00 171
0.898551 186.00 207
0.024876 10.00 402
0.101695 42.00 413

0.751232 610.00 812
0.518771 304.00 586
0.134848 89.00 660
0.051447 32.00 622
0.144231 75.00 520

0.292089 144.00 493
0.666667 104.00 156
0.078348 55.00 702
0.013616 9.00 661
0.549932 402.00 731

0.220096 138.00 627
0.137931 20.00 145
0.835329 279.00 334
0.059155 21.00 355
0.345029 59.00 171

0.305455 84.00 275
0.095986 55.00 573
0.881757 522.00 592
0.294118 80.00 272
0.022936 5.00 218

0.326829 67.00 205
0.455026 86.00 189
0.779874 248.00 318
0.029046 7.00 241
0.006944 3.00 432

0.568022 405.00 713
0.221902 77.00 347
0.358242 163.00 455
0.039370 5.00 127
0.414966 183.00 441

0.195489 52.00 266
0.850575 222.00 261
0.018779 8.00 426
0.455056 324.00 712
0.078341 17.00 217

0.012788 10.00 782
0.302198 55.00 182
1.000000 232.00 232
0.195373 76.00 389
0.092913 59.00 635

0.882653 519.00 588
0.130719 20.00 153
0.346341 213.00 615
0.205298 31.00 151
0.034682 6.00 173

0.186747 62.00 332
0.551148 264.00 479
0.723824 477.00 659
0.003333 1.00 300
0.133562 39.00 292

0.489489 163.00 333
0.054054 6.00 111
0.090164 11.00 122
0.736059 198.00 269
0.231454 78.00 337

0.382353 52.00 136
0.200000 35.00 175
0.218391 95.00 435
0.174168 89.00 511
0.626866 126.00 201

0.440741 357.00 810
0.560062 359.00 641
0.087379 72.00 824
0.264019 113.00 428
0.248322 111.00 447

0.333333 120.00 360
0.191099 73.00 382
0.197044 120.00 609
0.798799 266.00 333
0.077844 13.00 167

0.618056 356.00 576
0.110429 18.00 163
0.459839 229.00 498
0.056962 9.00 158
0.361446 60.00 166

0.257246 142.00 552
0.585253 127.00 217
0.084375 81.00 960
0.059508 46.00 773
0.611321 324.00 530

0.223301 23.00 103
0.085714 12.00 140
0.311258 47.00 151
0.962264 255.00 265
0.022152 7.00 316

0.234742 50.00 213
0.085586 38.00 444
0.431193 47.00 109
0.201439 28.00 139
0.644472 513.00 796

0.209790 30.00 143
0.115702 14.00 121
0.167421 74.00 442
0.459627 148.00 322
0.649682 306.00 471

0.122762 96.00 782
0.670190 317.00 473
0.087324 31.00 355
0.401894 297.00 739
0.319742 149.00 466

0.156863 72.00 459
0.800971 165.00 206
0.063291 25.00 395
0.559242 118.00 211
0.016304 3.00 184

0.253968 32.00 126
0.065844 16.00 243
0.202147 113.00 559
0.976323 701.00 718
0.102041 15.00 147

0.438095 46.00 105
0.393939 52.00 132
0.140127 132.00 942
0.177711 59.00 332
0.447619 141.00 315

0.147436 23.00 156
0.306620 88.00 287
0.445483 143.00 321
0.576642 79.00 137
0.123967 15.00 121

0.299465 56.00 187
0.497561 204.00 410
0.136364 24.00 176
0.338513 305.00 901
0.327014 69.00 211

0.302789 76.00 251
0.148936 21.00 141
0.022901 3.00 131
0.227019 163.00 718
0.902778 130.00 144

0.200980 41.00 204
0.671924 213.00 317
0.592000 74.00 125
0.128049 42.00 328
0.006547 4.00 611

0.589744 184.00 312
0.111111 16.00 144
0.448000 56.00 125
0.383178 41.00 107
0.067204 50.00 744

0.299559 68.00 227
0.260000 26.00 100
0.476950 269.00 564
0.449438 80.00 178
0.105769 55.00 520

0.528169 75.00 142
0.489879 121.00 247
0.410714 46.00 112
0.052083 15.00 288
0.121849 29.00 238

0.335404 54.00 161
0.495798 59.00 119
0.110345 16.00 145
0.285714 206.00 721
0.373004 257.00 689

0.234177 37.00 158
0.165489 164.00 991
0.245902 75.00 305
0.720000 72.00 100
0.240000 24.00 100

0.231156 46.00 199
0.015495 13.00 839
0.031746 30.00 945
0.636166 292.00 459
0.682482 187.00 274

0.536424 81.00 151
0.312925 46.00 147
0.254945 116.00 455
0.129225 65.00 503
0.366748 150.00 409

0.274074 37.00 135
0.417462 306.00 733
0.276786 31.00 112
0.150538 140.00 930
0.476052 328.00 689

0.663677 148.00 223
0.422629 254.00 601
0.026190 22.00 840
0.307692 56.00 182
0.181395 39.00 215

0.540541 60.00 111
0.190789 29.00 152
0.511429 179.00 350
0.068862 23.00 334
0.285714 40.00 140

0.174107 39.00 224
0.839465 251.00 299
0.156522 18.00 115
0.403346 217.00 538
0.024138 7.00 290

0.353846 46.00 130
0.873457 283.00 324
0.101626 50.00 492
0.214953 138.00 642
0.056380 38.00 674

0.147170 39.00 265
0.087452 23.00 263
0.290064 181.00 624
0.234694 46.00 196
0.843750 135.00 160

0.184028 53.00 288
0.028455 7.00 246
0.110132 25.00 227
0.417808 61.00 146
0.854701 100.00 117

0.383117 118.00 308
0.379349 338.00 891
0.027237 21.00 771
0.446581 418.00 936
0.366013 112.00 306

0.100642 47.00 467
0.607407 82.00 135
0.574163 120.00 209
0.060606 20.00 330
0.254197 106.00 417

0.256637 58.00 226
0.465232 281.00 604
0.342466 75.00 219
0.408759 56.00 137
0.128655 22.00 171

0.327869 40.00 122
0.510169 301.00 590
0.153846 22.00 143
0.547051 436.00 797
0.057860 53.00 916

0.100372 54.00 538
0.659679 535.00 811
0.128713 52.00 404
0.665072 139.00 209
0.048837 42.00 860

0.153315 111.00 724
0.522388 70.00 134
0.064877 29.00 447
0.320000 40.00 125
0.544304 172.00 316

0.819672 150.00 183
0.184874 22.00 119
0.139344 17.00 122
0.353191 249.00 705
0.100287 35.00 349

0.096346 29.00 301
0.697479 332.00 476
0.165217 19.00 115
0.182609 21.00 115
0.456790 74.00 162

0.500000 111.00 222
0.302899 209.00 690
0.463203 214.00 462
0.026144 4.00 153
0.307692 36.00 117

0.038523 24.00 623
0.320681 245.00 764
0.266667 80.00 300
0.176768 35.00 198
0.797767 643.00 806

0.184906 49.00 265
0.093842 64.00 682
0.183453 51.00 278
0.474359 333.00 702
0.660784 337.00 510

0.252427 26.00 103
0.645367 202.00 313
0.019900 4.00 201
0.680217 251.00 369
0.008347 5.00 599

0.250746 84.00 335
0.125714 44.00 350
0.214286 30.00 140
0.323353 54.00 167
0.689655 120.00 174

0.560345 195.00 348
0.148187 143.00 965
0.185984 69.00 371
0.618989 502.00 811
0.082803 13.00 157

0.517426 193.00 373
0.152648 98.00 642
0.136821 68.00 497
0.373832 280.00 749
0.417234 184.00 441

0.309973 230.00 742
0.533708 190.00 356
0.028241 22.00 779
0.329293 163.00 495
0.401869 43.00 107

0.395833 114.00 288
0.445545 270.00 606
0.045254 41.00 906
0.170543 22.00 129
0.541226 256.00 473

0.023256 15.00 645
0.852113 121.00 142
0.016694 10.00 599
0.681234 265.00 389
0.026923 7.00 260

0.035770 23.00 643
0.098280 40.00 407
0.972789 143.00 147
0.337778 76.00 225
0.158956 134.00 843

0.564748 314.00 556
0.253933 226.00 890
0.149378 36.00 241
0.201754 23.00 114
0.430168 77.00 179

0.498645 184.00 369
0.241379 42.00 174
0.346369 62.00 179
0.009498 7.00 737
0.500000 129.00 258

0.587302 259.00 441
0.140741 19.00 135
0.024917 15.00 602
0.835404 269.00 322
0.010549 5.00 474

0.527397 231.00 438
0.034965 10.00 286
0.077703 46.00 592
0.196078 30.00 153
0.768328 262.00 341

0.477273 273.00 572
0.246622 73.00 296
0.222222 128.00 576
0.163636 27.00 165
0.487719 139.00 285

0.234630 187.00 797
0.084314 43.00 510
0.623853 612.00 981
0.256595 107.00 417
0.400435 368.00 919

0.107438 39.00 363
0.485714 136.00 280
0.014831 14.00 944
0.589552 79.00 134
0.400901 89.00 222

0.069565 8.00 115
0.060773 22.00 362
0.531532 472.00 888
0.211111 38.00 180
0.720588 147.00 204

0.074074 14.00 189
0.131783 17.00 129
0.446154 87.00 195
0.398964 154.00 386
0.552752 241.00 436

0.067961 42.00 618
0.326733 132.00 404
0.064784 39.00 602
0.700990 354.00 505
0.440559 126.00 286

0.918256 337.00 367
0.235602 45.00 191
0.221328 110.00 497
0.011429 2.00 175
0.219409 52.00 237

0.002070 1.00 483
0.575372 271.00 471
0.723926 118.00 163
0.008016 8.00 998
0.294118 65.00 221

0.039604 4.00 101
0.270000 108.00 400
0.246154 48.00 195
0.849246 507.00 597
0.193231 177.00 916

0.410256 96.00 234
0.605392 247.00 408
0.416388 249.00 598
0.033040 15.00 454
0.132850 55.00 414

0.432692 135.00 312
0.097403 15.00 154
0.782609 108.00 138
0.067500 27.00 400
0.220755 117.00 530

0.404412 55.00 136
0.659824 225.00 341
0.038889 7.00 180
0.171171 38.00 222
0.327731 78.00 238

0.261168 76.00 291
0.137087 112.00 817
0.245742 101.00 411
0.775510 152.00 196
0.183246 70.00 382

0.111356 101.00 907
0.460317 58.00 126
0.517241 60.00 116
0.449360 386.00 859
0.059322 7.00 118

0.651905 633.00 971
0.072100 23.00 319
0.050420 6.00 119
0.571429 72.00 126
0.260606 215.00 825

0.430328 105.00 244
0.115523 64.00 554
0.405797 112.00 276
0.603774 64.00 106
0.041335 26.00 629

0.367568 136.00 370
0.078829 35.00 444
0.500000 53.00 106
0.170878 142.00 831
0.483568 103.00 213

0.214286 105.00 490
0.023179 14.00 604
0.551724 304.00 551
0.357383 213.00 596
0.453901 128.00 282

0.752158 610.00 811
0.164038 52.00 317
0.162706 89.00 547
0.029925 12.00 401
0.493976 164.00 332

0.281690 60.00 213
0.918182 101.00 110
0.022472 4.00 178
0.070423 15.00 213
0.307087 39.00 127

0.326733 33.00 101
0.175258 68.00 388
0.110000 44.00 400
0.274725 100.00 364
0.717241 104.00 145

0.318919 59.00 185
0.494048 83.00 168
0.446465 221.00 495
0.028571 3.00 105
0.316556 239.00 755

0.046392 9.00 194
0.304843 107.00 351
0.718841 248.00 345
0.100813 62.00 615
0.424242 84.00 198

0.611360 409.00 669
0.206704 37.00 179
0.036145 9.00 249
0.576769 432.00 749
0.173653 145.00 835

0.115385 21.00 182
0.001066 1.00 938
0.122772 62.00 505
0.960452 170.00 177
0.402367 68.00 169

0.615385 96.00 156
0.240506 38.00 158
0.397849 185.00 465
0.310700 302.00 972
0.033058 16.00 484

0.057971 8.00 138
0.014184 2.00 141
0.028916 12.00 415
0.590604 176.00 298
0.911929 818.00 897

0.169130 103.00 609
0.267409 96.00 359
0.643392 258.00 401
0.243542 66.00 271
0.278125 178.00 640

0.387755 57.00 147
0.107872 74.00 686
0.102662 27.00 263
0.644214 373.00 579
0.359223 37.00 103

0.012658 12.00 948
0.417085 166.00 398
0.164134 54.00 329
0.453552 83.00 183
0.553846 108.00 195

0.396450 67.00 169
0.047409 43.00 907
0.051546 10.00 194
0.259459 48.00 185
0.848397 291.00 343

0.210526 40.00 190
0.941878 632.00 671
0.019481 12.00 616
0.112388 88.00 783
0.311594 43.00 138

0.557813 357.00 640
0.033175 7.00 211
0.041379 6.00 145
0.879032 654.00 744
0.093909 37.00 394

0.416058 114.00 274
0.692015 182.00 263
0.213675 25.00 117
0.060811 9.00 148
0.216418 29.00 134

0.390863 77.00 197
0.448780 92.00 205
0.070652 13.00 184
0.646512 278.00 430
0.039249 23.00 586

0.563140 165.00 293
0.184049 30.00 163
0.230088 52.00 226
0.014493 2.00 138
0.610487 163.00 267

0.258278 39.00 151
0.532051 83.00 156
0.059259 56.00 945
0.068716 38.00 553
0.680328 166.00 244

0.075472 8.00 106
0.668919 99.00 148
0.488372 84.00 172
0.098305 29.00 295
0.272727 30.00 110

0.118812 24.00 202
0.174797 129.00 738
0.342105 39.00 114
0.219298 50.00 228
0.745033 225.00 302

0.651639 318.00 488
0.009615 6.00 624
0.471400 239.00 507
0.026915 13.00 483
0.442857 62.00 140

0.740260 114.00 154
0.180952 19.00 105
0.024857 13.00 523
0.478134 164.00 343
0.173077 36.00 208

0.240642 45.00 187
0.240860 112.00 465
0.855769 178.00 208
0.069149 52.00 752
0.191571 100.00 522

0.372035 298.00 801
0.169811 63.00 371
0.650769 423.00 650
0.011494 3.00 261
0.396648 71.00 179

0.073810 31.00 420
0.291734 180.00 617
0.074751 45.00 602
0.637255 65.00 102
0.520000 117.00 225

0.148352 27.00 182
0.176471 42.00 238
0.327670 135.00 412
0.143742 116.00 807
0.809211 123.00 152

0.070732 29.00 410
0.288754 95.00 329
0.376392 169.00 449
0.080000 12.00 150
0.781609 204.00 261

0.053908 20.00 371
0.553672 392.00 708
0.188192 51.00 271
0.234676 134.00 571
0.569930 163.00 286

0.204545 198.00 968
0.173653 87.00 501
0.315843 313.00 991
0.809322 191.00 236
0.099057 21.00 212

0.484211 92.00 190
0.439252 47.00 107
0.182131 53.00 291
0.095652 11.00 115
0.400000 64.00 160

0.181185 52.00 287
0.842466 123.00 146
0.166667 26.00 156
0.196429 22.00 112
0.209091 23.00 110

0.079007 35.00 443
0.276316 84.00 304
0.371831 132.00 355
0.745098 76.00 102
0.133172 55.00 413

0.032103 20.00 623
0.460870 106.00 230
0.092958 66.00 710
0.141509 15.00 106
0.867470 216.00 249

0.248038 158.00 637
0.463588 261.00 563
0.109756 27.00 246
0.266234 164.00 616
0.510533 412.00 807

0.528169 375.00 710
0.246753 171.00 693
0.294643 33.00 112
0.029116 29.00 996
0.504762 53.00 105

0.379509 263.00 693
0.584416 315.00 539
0.530303 70.00 132
0.081049 68.00 839
0.025641 3.00 117

0.169231 22.00 130
0.323810 34.00 105
0.105708 50.00 473
0.601942 62.00 103
0.400000 72.00 180

0.264344 129.00 488
0.566116 137.00 242
0.398148 86.00 216
0.122449 30.00 245
0.251799 35.00 139

0.410628 85.00 207
0.192108 185.00 963
0.514286 54.00 105
0.457627 108.00 236
0.021739 10.00 460

0.339785 158.00 465
0.017668 10.00 566
0.451282 88.00 195
0.507853 97.00 191
0.284810 45.00 158

0.035573 9.00 253
0.009174 1.00 109
0.424779 48.00 113
0.520737 113.00 217
0.605911 123.00 203

0.173494 72.00 415
0.224299 48.00 214
0.975684 321.00 329
0.020921 5.00 239
0.208262 121.00 581

0.029018 13.00 448
0.937888 453.00 483
0.363958 103.00 283
0.028249 5.00 177
0.240741 26.00 108

0.286219 81.00 283
0.648515 131.00 202
0.020979 3.00 143
0.241206 48.00 199
0.403509 46.00 114

0.455882 62.00 136
0.042683 14.00 328
0.348101 55.00 158
0.237288 210.00 885
0.512784 361.00 704

0.577629 346.00 599
0.220109 81.00 368
0.616725 177.00 287
0.074534 12.00 161
0.112994 60.00 531

0.482209 393.00 815
0.627409 293.00 467
0.062016 32.00 516
0.098884 62.00 627
0.328767 48.00 146

0.100000 40.00 400
0.390313 274.00 702
0.548077 57.00 104
0.359223 37.00 103
0.203349 85.00 418

0.021333 8.00 375
0.669540 233.00 348
0.007634 3.00 393
0.278947 212.00 760
0.624434 138.00 221

0.249589 152.00 609
0.143421 109.00 760
0.389205 137.00 352
0.606250 97.00 160
0.211650 109.00 515

0.479303 220.00 459
0.061069 8.00 131
0.069444 15.00 216
0.430464 65.00 151
0.569231 74.00 130

0.306057 288.00 941
0.348718 68.00 195
0.309859 88.00 284
0.225951 101.00 447
0.408805 130.00 318

0.043796 6.00 137
0.108949 56.00 514
0.207510 105.00 506
0.763547 155.00 203
0.474383 250.00 527

0.837349 139.00 166
0.558442 86.00 154
0.064586 60.00 929
0.086957 12.00 138
0.054217 9.00 166

0.536481 125.00 233
0.269710 65.00 241
0.533333 240.00 450
0.244094 62.00 254
0.015152 3.00 198

0.754839 234.00 310
0.452941 154.00 340
0.216418 58.00 268
0.052695 44.00 835
0.126629 68.00 537

0.587786 77.00 131
0.123457 20.00 162
0.058091 14.00 241
0.269663 72.00 267
0.563025 67.00 119

0.138728 24.00 173
0.006897 1.00 145
0.584906 93.00 159
0.514644 123.00 239
0.350000 119.00 340

0.108460 100.00 922
0.535270 129.00 241
0.560284 79.00 141
0.089520 41.00 458
0.302564 177.00 585

0.262540 246.00 937
0.037383 4.00 107
0.387324 55.00 142
0.343852 316.00 919
0.571782 231.00 404

0.200000 31.00 155
0.264026 80.00 303
1.000000 170.00 170
0.121269 65.00 536
0.017241 4.00 232

0.146868 68.00 463
0.229640 172.00 749
0.320377 272.00 849
0.128788 34.00 264
0.775000 589.00 760

0.065359 10.00 153
0.256125 230.00 898
0.470464 223.00 474
0.384615 45.00 117
0.422535 180.00 426

0.170732 21.00 123
0.105510 90.00 853
0.484043 182.00 376
0.038736 38.00 981
0.797441 374.00 469

0.199005 40.00 201
0.173333 65.00 375
0.827586 144.00 174
0.365427 167.00 457
0.028037 3.00 107

0.012953 5.00 386
0.070175 8.00 114
0.544218 80.00 147
0.894958 213.00 238
0.084000 21.00 250

0.726471 247.00 340
0.207877 95.00 457
0.394118 67.00 170
0.102128 24.00 235
0.166667 61.00 366

0.549020 56.00 102
0.381250 61.00 160
0.247525 150.00 606
0.146747 97.00 661
0.280992 68.00 242

0.434655 296.00 681
0.161504 73.00 452
0.276536 99.00 358
0.651429 114.00 175
0.073733 16.00 217

0.806818 142.00 176
0.338513 305.00 901
0.330000 33.00 100
0.029870 23.00 770
0.093458 40.00 428

0.398352 145.00 364
0.557816 521.00 934
0.129252 38.00 294
0.499148 293.00 587
0.014035 4.00 285

0.048387 6.00 124
0.211823 43.00 203
0.519643 291.00 560
0.363777 235.00 646
0.457726 314.00 686

0.456489 299.00 655
0.048673 33.00 678
0.386845 347.00 897
0.483487 366.00 757
0.223371 216.00 967

0.308219 45.00 146
0.303621 109.00 359
0.152866 24.00 157
0.094828 11.00 116
0.734211 279.00 380

0.362245 71.00 196
0.467890 51.00 109
0.217252 68.00 313
0.261194 35.00 134
0.288462 45.00 156

0.455399 97.00 213
0.418787 214.00 511
0.112903 21.00 186
0.104348 36.00 345
0.511244 341.00 667

0.342282 51.00 149
0.202212 128.00 633
0.116505 12.00 103
0.853211 279.00 327
0.088000 11.00 125

0.109405 57.00 521
0.241313 125.00 518
0.068702 9.00 131
0.258065 48.00 186
0.922981 743.00 805

0.086364 19.00 220
0.825871 166.00 201
0.049587 6.00 121
0.496241 66.00 133
0.140659 64.00 455

0.495146 153.00 309
0.280702 160.00 570
0.552083 212.00 384
0.172414 25.00 145
0.102041 35.00 343

0.131474 33.00 251
0.442623 135.00 305
0.281124 70.00 249
0.557951 207.00 371
0.188825 98.00 519

0.758621 176.00 232
0.404255 76.00 188
0.164530 77.00 468
0.084138 61.00 725
0.193133 45.00 233

0.021127 6.00 284
0.064103 20.00 312
0.701613 522.00 744
0.484680 348.00 718
0.327273 144.00 440

0.043933 21.00 478
0.072013 44.00 611
0.446089 422.00 946
0.283422 106.00 374
0.752475 152.00 202

0.304012 197.00 648
0.490000 98.00 200
0.278261 32.00 115
0.131818 29.00 220
0.400300 267.00 667

0.194245 27.00 139
0.092551 41.00 443
0.251969 32.00 127
0.978979 326.00 333
0.073818 64.00 867

0.500000 138.00 276
0.039548 35.00 885
0.675507 433.00 641
0.156359 134.00 857
0.229885 100.00 435

0.447059 152.00 340
0.108069 75.00 694
0.235294 68.00 289
0.667120 491.00 736
0.142395 44.00 309

0.248588 132.00 531
0.115727 39.00 337
0.390501 148.00 379
0.192308 105.00 546
0.654122 365.00 558

0.121622 18.00 148
0.204819 102.00 498
0.210366 69.00 328
0.765432 186.00 243
0.295337 57.00 193

0.609467 103.00 169
0.095890 84.00 876
0.297398 160.00 538
0.172291 97.00 563
0.426966 266.00 623

0.553459 88.00 159
0.601242 484.00 805
0.038168 10.00 262
0.166667 17.00 102
0.244444 121.00 495

0.189706 129.00 680
0.211538 22.00 104
0.306494 118.00 385
0.849810 447.00 526
0.036757 34.00 925

0.027160 11.00 405
0.564835 257.00 455
0.420091 184.00 438
0.191589 41.00 214
0.397177 197.00 496

0.010239 3.00 293
0.044118 6.00 136
0.409091 45.00 110
0.261792 222.00 848
0.878378 325.00 370

0.057851 14.00 242
0.409302 88.00 215
0.612056 396.00 647
0.088652 25.00 282
0.433604 160.00 369

0.185976 61.00 328
0.256303 122.00 476
0.578616 92.00 159
0.166915 112.00 671
0.414634 51.00 123

0.029940 5.00 167
0.361538 47.00 130
0.626761 89.00 142
0.217184 91.00 419
0.366197 78.00 213

0.171642 46.00 268
0.545000 109.00 200
0.163793 19.00 116
0.709402 83.00 117
0.003195 1.00 313

0.608219 444.00 730
0.479452 70.00 146
0.149877 122.00 814
0.018072 3.00 166
0.345794 37.00 107

0.785714 88.00 112
0.084388 20.00 237
0.596112 276.00 463
0.085470 10.00 117
0.043046 26.00 604

0.162191 151.00 931
0.252174 29.00 115
0.164179 22.00 134
0.792453 126.00 159
0.228571 40.00 175

0.057214 23.00 402
0.240343 56.00 233
0.968504 123.00 127
0.017544 3.00 171
0.312500 40.00 128

0.020231 7.00 346
0.510067 76.00 149
0.500000 66.00 132
0.485507 201.00 414
0.081967 15.00 183

0.572954 161.00 281
0.249240 82.00 329
0.028213 9.00 319
0.591912 161.00 272
0.155556 91.00 585

0.455904 305.00 669
0.256158 104.00 406
0.367500 147.00 400
0.153226 19.00 124
0.367758 292.00 794

0.180365 158.00 876
0.874016 111.00 127
0.147287 19.00 129
0.285714 42.00 147
0.107914 60.00 556

0.350467 75.00 214
0.203579 91.00 447
0.157459 57.00 362
0.317881 96.00 302
0.569106 140.00 246

0.136923 89.00 650
0.227758 128.00 562
0.822368 125.00 152
0.105263 16.00 152
0.307206 243.00 791

0.090909 12.00 132
0.537688 107.00 199
0.461126 172.00 373
0.449915 265.00 589
0.062977 33.00 524

0.375479 196.00 522
0.063158 42.00 665
0.710280 76.00 107
0.168067 40.00 238
0.280066 170.00 607

0.194030 26.00 134
0.289272 151.00 522
0.129686 128.00 987
0.427408 315.00 737
0.556522 64.00 115

0.250000 61.00 244
0.189024 62.00 328
0.280525 278.00 991
0.748899 170.00 227
0.134328 18.00 134

0.347458 41.00 118
0.058511 22.00 376
0.904854 466.00 515
0.124224 20.00 161
0.165138 18.00 109

0.136752 16.00 117
0.397826 183.00 460
0.596273 96.00 161
0.298246 34.00 114
0.166667 27.00 162

0.432432 64.00 148
0.448381 443.00 988
0.181208 54.00 298
0.233333 147.00 630
0.304167 73.00 240

0.455357 204.00 448
0.033333 4.00 120
0.235294 32.00 136
0.872642 185.00 212
0.005747 1.00 174

0.721854 218.00 302
0.368794 52.00 141
0.102041 15.00 147
0.273333 41.00 150
0.134940 56.00 415

0.053427 53.00 992
0.216667 130.00 600
0.351145 92.00 262
0.729545 321.00 440
0.245455 27.00 110

0.392638 128.00 326
0.513514 57.00 111
0.007194 1.00 139
0.617225 129.00 209
0.068966 18.00 261

0.040201 8.00 199
0.338462 44.00 130
0.138716 67.00 483
0.996276 535.00 537
0.087366 65.00 744

0.241611 72.00 298
0.449799 112.00 249
0.001563 1.00 640
0.778846 81.00 104
0.129032 24.00 186

0.154286 135.00 875
0.236364 52.00 220
0.740035 427.00 577
0.349345 80.00 229
0.121864 34.00 279

0.290084 275.00 948
0.235294 72.00 306
0.271318 70.00 258
0.456954 69.00 151
0.345550 66.00 191

0.210000 21.00 100
0.662921 295.00 445
0.136364 117.00 858
0.203252 25.00 123
0.392578 201.00 512

0.303030 110.00 363
0.820557 471.00 574
0.074906 40.00 534
0.291209 106.00 364
0.111111 55.00 495

0.590909 91.00 154
0.605556 327.00 540
0.299645 169.00 564
0.041379 6.00 145
0.064748 54.00 834

0.386792 82.00 212
0.961538 350.00 364
0.140649 91.00 647
0.042553 6.00 141
0.066158 52.00 786

0.249300 89.00 357
0.365639 83.00 227
0.430894 53.00 123
0.358306 110.00 307
0.194175 20.00 103

0.326389 47.00 144
0.280488 46.00 164
0.529560 421.00 795
0.198020 20.00 101
0.262552 251.00 956

0.147059 90.00 612
0.417391 96.00 230
0.791506 410.00 518
0.074890 34.00 454
0.170626 158.00 926

0.416974 113.00 271
0.128302 34.00 265
0.292958 104.00 355
0.565012 239.00 423
0.196023 69.00 352

0.740916 469.00 633
0.137790 101.00 733
0.295964 66.00 223
0.178571 20.00 112
0.250774 162.00 646

0.076212 33.00 433
0.214286 24.00 112
0.643443 157.00 244
0.409894 116.00 283
0.252232 113.00 448

0.386139 39.00 101
0.115830 30.00 259
0.062780 14.00 223
0.191176 91.00 476
0.842349 545.00 647

0.422330 87.00 206
0.524823 296.00 564
0.301370 66.00 219
0.195755 83.00 424
0.158590 36.00 227

0.242525 219.00 903
0.474419 204.00 430
0.625514 152.00 243
0.071970 19.00 264
0.185185 30.00 162

0.704846 160.00 227
0.161712 136.00 841
0.012626 5.00 396
0.638584 523.00 819
0.081081 12.00 148

0.463458 260.00 561
0.472656 121.00 256
0.139241 99.00 711
0.371429 65.00 175
0.155512 79.00 508

0.656109 145.00 221
0.422717 361.00 854
0.053977 19.00 352
0.271341 178.00 656
0.192308 50.00 260

0.134694 33.00 245
0.106870 14.00 131
0.523179 79.00 151
0.050847 6.00 118
0.780303 309.00 396

0.047170 5.00 106
0.970414 164.00 169
0.155914 29.00 186
0.321256 133.00 414
0.097826 18.00 184

0.417112 78.00 187
0.296296 56.00 189
0.468750 90.00 192
0.175439 30.00 171
0.247312 46.00 186

0.032258 5.00 155
0.227106 62.00 273
0.319104 299.00 937
0.296296 144.00 486
0.727273 520.00 715

0.603774 192.00 318
0.136752 64.00 468
0.462230 257.00 556
0.390779 356.00 911
0.005548 4.00 721

0.002732 1.00 366
0.881203 586.00 665
0.432432 96.00 222
0.077895 37.00 475
0.208249 207.00 994

0.013761 3.00 218
0.259669 47.00 181
0.693642 120.00 173
0.131429 115.00 875
0.500588 426.00 851

0.332963 300.00 901
0.542373 160.00 295
0.205128 120.00 585
0.316168 264.00 835
0.205788 64.00 311

0.189781 26.00 137
0.950893 639.00 672
0.042383 37.00 873
0.091743 10.00 109
0.322811 317.00 982

0.119718 34.00 284
0.585912 549.00 937
0.483607 236.00 488
0.241667 29.00 120
0.173432 47.00 271

0.101266 16.00 158
0.375969 97.00 258
0.208696 24.00 115
0.343434 238.00 693
0.571429 228.00 399

0.578073 174.00 301
0.364979 173.00 474
0.310056 111.00 358
0.212389 96.00 452
0.134078 24.00 179

0.440835 190.00 431
0.084656 16.00 189
0.098485 26.00 264
0.409091 63.00 154
0.565574 138.00 244

0.406593 74.00 182
0.660950 501.00 758
0.335938 86.00 256
0.060797 29.00 477
0.131498 43.00 327

0.018382 5.00 272
0.131579 50.00 380
0.408696 47.00 115
0.798319 95.00 119
0.239700 64.00 267

0.231156 46.00 199
0.486911 186.00 382
0.216142 158.00 731
0.288684 125.00 433
0.376923 49.00 130

0.015385 2.00 130
0.956522 220.00 230
0.174387 64.00 367
0.365942 303.00 828
0.085714 9.00 105

0.672794 183.00 272
0.049822 28.00 562
0.234727 73.00 311
0.407477 218.00 535
0.237952 79.00 332

0.484127 183.00 378
0.032644 30.00 919
0.554487 346.00 624
0.146912 88.00 599
0.381503 132.00 346

0.008869 4.00 451
0.196774 61.00 310
0.440580 304.00 690
0.146914 119.00 810
0.808411 173.00 214

0.284591 181.00 636
0.317536 67.00 211
0.385185 52.00 135
0.329480 57.00 173
0.288591 86.00 298

0.518135 100.00 193
0.174641 146.00 836
0.336111 121.00 360
0.471154 49.00 104
0.101626 25.00 246

0.523504 245.00 468
0.071754 63.00 878
0.372832 129.00 346
0.104478 98.00 938
0.527397 77.00 146

0.462633 130.00 281
0.484375 217.00 448
0.003150 2.00 635
0.577922 89.00 154
0.064516 10.00 155

0.094192 60.00 637
0.078873 28.00 355
0.059627 48.00 805
0.516035 177.00 343
0.855769 89.00 104

0.129454 109.00 842
0.186992 23.00 123
0.781955 208.00 266
0.388260 377.00 971
0.108374 22.00 203

0.087791 64.00 729
0.746154 97.00 130
0.033505 26.00 776
0.644719 470.00 729
0.086538 9.00 104

0.532216 413.00 776
0.052239 7.00 134
0.105263 14.00 133
0.813253 270.00 332
0.103448 12.00 116

0.026549 3.00 113
0.707547 75.00 106
0.275735 75.00 272
0.353982 80.00 226
0.241071 27.00 112

0.288889 39.00 135
0.465000 93.00 200
0.246043 171.00 695
0.335664 48.00 143
0.267857 60.00 224

0.423729 75.00 177
0.617284 300.00 486
0.203540 69.00 339
0.060811 18.00 296
0.301282 47.00 156

0.098431 69.00 701
0.211180 68.00 322
0.737271 362.00 491
0.165877 35.00 211
0.387550 193.00 498

0.108280 17.00 157
0.250814 77.00 307
0.129032 20.00 155
0.738889 133.00 180
0.376543 61.00 162

0.280992 34.00 121
0.210438 125.00 594
0.681745 422.00 619
0.308621 179.00 580
0.117264 36.00 307

0.701299 270.00 385
0.135922 14.00 103
0.055626 44.00 791
0.320755 51.00 159
0.388554 258.00 664

0.236575 163.00 689
0.330484 116.00 351
0.300000 162.00 540
0.561905 118.00 210
0.173611 50.00 288

0.195266 132.00 676
0.698413 528.00 756
0.086758 76.00 876
0.306306 34.00 111
0.315044 178.00 565

0.015707 9.00 573
0.130137 19.00 146
0.566372 64.00 113
0.092593 50.00 540
0.793522 196.00 247

0.740000 296.00 400
0.116279 90.00 774
0.242647 66.00 272
0.308571 54.00 175
0.191667 46.00 240

0.252809 135.00 534
0.118421 18.00 152
0.601156 104.00 173
0.477189 387.00 811
0.145205 53.00 365

0.392405 62.00 158
0.028736 5.00 174
0.769608 157.00 204
0.260116 45.00 173
0.148760 18.00 121

0.040609 8.00 197
0.160000 16.00 100
0.448276 65.00 145
0.380165 92.00 242
0.571142 285.00 499

0.597561 343.00 574
0.029197 4.00 137
0.123173 118.00 958
0.428790 280.00 653
0.416290 92.00 221

0.242991 26.00 107
0.431034 75.00 174
0.620690 72.00 116
0.034483 6.00 174
0.273438 35.00 128

0.680685 437.00 642
0.079646 18.00 226
0.066327 26.00 392
0.727642 179.00 246
0.043103 5.00 116

0.212291 38.00 179
0.043433 42.00 967
0.832370 432.00 519
0.466102 55.00 118
0.045977 12.00 261

0.392593 318.00 810
0.414414 184.00 444
0.585253 127.00 217
0.201754 23.00 114
0.008475 2.00 236

0.073548 57.00 775
0.698611 503.00 720
0.319347 137.00 429
0.441441 49.00 111
0.065817 31.00 471

0.425743 86.00 202
0.123810 78.00 630
0.322652 292.00 905
0.074074 8.00 108
0.649085 603.00 929

0.085837 20.00 233
0.659483 153.00 232
0.197183 84.00 426
0.136201 38.00 279
0.520067 311.00 598

0.054187 11.00 203
0.113924 72.00 632
0.575175 329.00 572
0.652661 466.00 714
0.202247 72.00 356

0.194553 50.00 257
0.199122 136.00 683
0.430504 350.00 813
0.243478 28.00 115
0.533333 72.00 135

0.083512 39.00 467
0.639017 416.00 651
0.276353 97.00 351
0.104317 29.00 278
0.496552 72.00 145

